0 0.000230 0.017697 20.000000 8.695652
0 0.000163 0.013276 40.000000 8.163265
0 0.000137 0.009292 60.000000 5.825243
0 0.000123 0.007605 80.000000 6.015038
0 0.000140 0.004849 100.000000 6.289308
0 0.000122 0.002179 120.000000 6.451613
0 0.000089 0.002935 140.000000 6.392694
0 0.000074 0.004169 160.000000 6.477733
0 0.000056 0.004760 180.000000 6.498195
0 0.000033 0.005482 200.000000 6.666667
0 0.000026 0.005210 220.000000 6.853582
0 0.000016 0.005243 240.000000 6.997085
0 0.000022 0.004969 260.000000 7.084469
0 0.000040 0.005073 280.000000 7.088608
0 0.000032 0.004985 300.000000 7.194244
0 0.000034 0.005024 320.000000 7.305936
0 0.000028 0.005222 340.000000 7.391304
0 0.000020 0.005378 360.000000 7.453416
0 0.000025 0.005754 380.000000 7.364341
0 0.000029 0.005593 400.000000 7.312614
0 0.000038 0.005569 420.000000 7.381371
0 0.000040 0.005712 440.000000 7.445008
0 0.000041 0.006587 460.000000 7.504078
0 0.000042 0.006668 480.000000 7.547170
0 0.000039 0.007046 500.000000 7.587254
0 0.000037 0.007910 520.000000 7.602339
0 0.000051 0.007967 540.000000 7.552447
0 0.000034 0.009020 560.000000 7.115629
10 0.000334 0.011837 20.000000 8.000000
10 0.000309 0.018312 40.000000 6.557377
10 0.000179 0.006449 60.000000 5.504587
10 0.000163 0.003600 80.000000 5.882353
10 0.000172 0.002464 100.000000 6.211180
10 0.000111 0.004271 120.000000 6.250000
10 0.000096 0.006400 140.000000 6.334842
10 0.000066 0.006163 160.000000 6.324111
10 0.000054 0.007388 180.000000 6.474820
10 0.000035 0.007403 200.000000 6.666667
10 0.000037 0.007714 220.000000 6.832298
10 0.000050 0.007570 240.000000 6.976744
10 0.000044 0.007515 260.000000 7.008086
10 0.000042 0.007594 280.000000 7.070707
10 0.000034 0.007395 300.000000 7.194244
10 0.000041 0.007596 320.000000 7.305936
10 0.000036 0.007911 340.000000 7.375271
10 0.000035 0.008047 360.000000 7.392197
10 0.000027 0.008367 380.000000 7.279694
10 0.000038 0.008084 400.000000 7.299270
10 0.000039 0.008077 420.000000 7.368421
10 0.000040 0.009049 440.000000 7.432433
10 0.000049 0.009102 460.000000 7.491857
10 0.000046 0.009417 480.000000 7.535322
10 0.000047 0.009817 500.000000 7.575758
10 0.000041 0.010593 520.000000 7.580175
10 0.000049 0.010719 540.000000 7.366985
20 0.000240 0.013841 20.000000 7.407407
20 0.000161 0.008085 40.000000 5.000000
20 0.000128 0.003726 60.000000 5.405406
20 0.000143 0.003203 80.000000 5.797101
20 0.000126 0.004320 100.000000 6.134969
20 0.000097 0.005301 120.000000 6.091371
20 0.000094 0.006126 140.000000 6.250000
20 0.000059 0.007098 160.000000 6.250000
20 0.000042 0.007659 180.000000 6.474820
20 0.000043 0.007485 200.000000 6.666667
20 0.000034 0.007624 220.000000 6.832298
20 0.000038 0.007116 240.000000 6.956522
20 0.000054 0.007128 260.000000 6.970510
20 0.000045 0.006772 280.000000 7.088608
20 0.000045 0.006635 300.000000 7.194244
20 0.000040 0.006692 320.000000 7.305936
20 0.000029 0.006689 340.000000 7.359307
20 0.000032 0.006974 360.000000 7.302231
20 0.000037 0.006671 380.000000 7.238095
20 0.000046 0.006449 400.000000 7.299270
20 0.000049 0.006550 420.000000 7.368421
20 0.000044 0.007452 440.000000 7.432433
20 0.000046 0.007426 460.000000 7.491857
20 0.000046 0.007733 480.000000 7.535322
20 0.000043 0.008587 500.000000 7.552870
20 0.000052 0.008735 520.000000 7.514451
20 0.000037 0.009574 540.000000 7.142857
30 0.000374 0.022685 20.000000 6.060606
30 0.000242 0.004664 40.000000 4.705883
30 0.000154 0.003998 60.000000 5.309734
30 0.000164 0.004062 80.000000 5.797101
30 0.000104 0.004980 100.000000 5.952381
30 0.000113 0.007191 120.000000 6.060606
30 0.000088 0.007082 140.000000 6.113537
30 0.000061 0.008231 160.000000 6.250000
30 0.000050 0.008160 180.000000 6.498195
30 0.000061 0.008230 200.000000 6.688963
30 0.000065 0.007771 220.000000 6.853582
30 0.000055 0.007541 240.000000 6.896552
30 0.000069 0.007424 260.000000 6.970510
30 0.000045 0.006895 280.000000 7.106599
30 0.000057 0.006757 300.000000 7.211538
30 0.000049 0.006911 320.000000 7.305936
30 0.000045 0.006665 340.000000 7.343412
30 0.000038 0.006851 360.000000 7.214429
30 0.000044 0.006581 380.000000 7.238095
30 0.000049 0.006371 400.000000 7.312614
30 0.000045 0.007086 420.000000 7.381371
30 0.000054 0.007288 440.000000 7.445008
30 0.000053 0.007522 460.000000 7.479675
30 0.000048 0.007804 480.000000 7.535322
30 0.000045 0.008617 500.000000 7.541478
30 0.000055 0.008647 520.000000 7.375886
40 0.000239 0.017667 20.000000 3.921569
40 0.000163 0.008076 40.000000 4.651163
40 0.000187 0.005701 60.000000 5.309734
40 0.000131 0.004491 80.000000 5.797101
40 0.000100 0.005053 100.000000 5.847953
40 0.000119 0.006022 120.000000 6.030151
40 0.000074 0.006321 140.000000 6.060606
40 0.000054 0.007434 160.000000 6.299212
40 0.000058 0.007285 180.000000 6.521739
40 0.000050 0.007197 200.000000 6.734007
40 0.000041 0.006501 220.000000 6.875000
40 0.000057 0.006416 240.000000 6.876791
40 0.000053 0.006022 260.000000 6.989247
40 0.000047 0.005780 280.000000 7.124682
40 0.000049 0.005818 300.000000 7.246377
40 0.000035 0.005909 320.000000 7.322654
40 0.000041 0.005891 340.000000 7.296137
40 0.000033 0.005915 360.000000 7.200000
40 0.000047 0.005585 380.000000 7.251908
40 0.000043 0.005588 400.000000 7.326007
40 0.000038 0.006563 420.000000 7.394366
40 0.000049 0.006550 440.000000 7.457627
40 0.000045 0.006746 460.000000 7.504078
40 0.000041 0.007399 480.000000 7.535322
40 0.000045 0.007655 500.000000 7.518797
40 0.000041 0.008414 520.000000 7.212205
50 0.000150 0.007635 20.000000 3.636364
50 0.000192 0.013021 40.000000 4.705883
50 0.000171 0.008111 60.000000 5.405406
50 0.000090 0.003272 80.000000 5.797101
50 0.000089 0.004614 100.000000 5.847953
50 0.000081 0.003227 120.000000 6.030151
50 0.000044 0.004663 140.000000 6.113537
50 0.000038 0.005023 160.000000 6.374502
50 0.000057 0.004154 180.000000 6.593407
50 0.000048 0.004341 200.000000 6.779661
50 0.000042 0.003626 220.000000 6.896552
50 0.000055 0.003673 240.000000 6.916427
50 0.000052 0.004004 260.000000 7.065217
50 0.000054 0.003966 280.000000 7.179487
50 0.000039 0.004535 300.000000 7.281553
50 0.000031 0.004578 320.000000 7.356322
50 0.000035 0.005130 340.000000 7.249467
50 0.000034 0.005013 360.000000 7.228916
50 0.000041 0.004815 380.000000 7.293666
50 0.000042 0.004965 400.000000 7.366483
50 0.000041 0.005709 420.000000 7.433628
50 0.000045 0.005504 440.000000 7.482993
50 0.000040 0.005853 460.000000 7.540984
50 0.000036 0.006527 480.000000 7.559055
50 0.000050 0.006353 500.000000 7.485030
60 0.000417 0.018790 20.000000 3.703704
60 0.000305 0.012472 40.000000 4.878049
60 0.000230 0.006982 60.000000 5.607477
60 0.000118 0.002689 80.000000 5.839416
60 0.000128 0.005655 100.000000 5.988024
60 0.000112 0.005638 120.000000 6.060606
60 0.000084 0.006137 140.000000 6.222222
60 0.000071 0.006297 160.000000 6.477733
60 0.000070 0.005479 180.000000 6.691450
60 0.000063 0.003888 200.000000 6.896552
60 0.000048 0.003508 220.000000 6.940063
60 0.000064 0.003570 240.000000 6.997085
60 0.000039 0.002759 260.000000 7.142857
60 0.000058 0.002380 280.000000 7.272727
60 0.000044 0.002239 300.000000 7.352941
60 0.000033 0.001582 320.000000 7.407407
60 0.000035 0.001730 340.000000 7.264957
60 0.000040 0.001755 360.000000 7.287449
60 0.000044 0.001591 380.000000 7.364341
60 0.000037 0.002085 400.000000 7.434944
60 0.000043 0.002222 420.000000 7.486631
60 0.000044 0.002297 440.000000 7.534246
60 0.000038 0.002523 460.000000 7.590759
60 0.000035 0.003195 480.000000 7.594937
60 0.000044 0.003113 500.000000 7.429420
70 0.000538 0.026902 20.000000 4.081633
70 0.000299 0.013904 40.000000 5.263158
70 0.000206 0.007505 60.000000 5.940594
70 0.000146 0.002725 80.000000 6.060606
70 0.000162 0.005285 100.000000 6.211180
70 0.000121 0.005154 120.000000 6.217617
70 0.000101 0.006069 140.000000 6.422019
70 0.000097 0.006317 160.000000 6.666667
70 0.000091 0.005528 180.000000 6.870229
70 0.000090 0.003853 200.000000 7.042253
70 0.000075 0.003871 220.000000 7.051282
70 0.000068 0.003442 240.000000 7.142857
70 0.000048 0.002868 260.000000 7.282913
70 0.000069 0.002383 280.000000 7.407407
70 0.000056 0.002048 300.000000 7.481297
70 0.000049 0.001175 320.000000 7.494145
70 0.000046 0.001399 340.000000 7.359307
70 0.000053 0.001486 360.000000 7.377049
70 0.000045 0.001356 380.000000 7.450980
70 0.000045 0.001780 400.000000 7.518797
70 0.000050 0.001586 420.000000 7.581227
70 0.000048 0.001715 440.000000 7.625650
70 0.000042 0.001781 460.000000 7.666667
70 0.000041 0.002356 480.000000 7.655502
70 0.000045 0.002302 500.000000 7.418397
80 0.000527 0.029328 20.000000 4.761905
80 0.000323 0.014173 40.000000 5.797101
80 0.000186 0.007014 60.000000 6.382979
80 0.000187 0.003649 80.000000 6.349206
80 0.000171 0.005566 100.000000 6.451613
80 0.000118 0.005739 120.000000 6.417112
80 0.000104 0.006754 140.000000 6.635071
80 0.000104 0.006869 160.000000 6.866953
80 0.000090 0.006154 180.000000 7.058824
80 0.000068 0.004652 200.000000 7.220217
80 0.000071 0.004593 220.000000 7.213115
80 0.000068 0.003996 240.000000 7.294833
80 0.000053 0.003367 260.000000 7.428571
80 0.000066 0.002824 280.000000 7.547170
80 0.000054 0.002621 300.000000 7.614213
80 0.000050 0.001716 320.000000 7.600950
80 0.000046 0.001869 340.000000 7.456141
80 0.000056 0.001850 360.000000 7.484407
80 0.000050 0.001646 380.000000 7.554672
80 0.000043 0.002156 400.000000 7.619048
80 0.000050 0.002071 420.000000 7.678245
80 0.000047 0.002152 440.000000 7.719298
80 0.000040 0.002462 460.000000 7.757167
80 0.000041 0.002723 480.000000 7.741935
80 0.000045 0.003131 500.000000 7.440476
90 0.000449 0.026082 20.000000 5.555555
90 0.000337 0.011808 40.000000 6.349206
90 0.000175 0.006038 60.000000 6.818182
90 0.000155 0.005100 80.000000 6.611570
90 0.000167 0.006175 100.000000 6.711410
90 0.000109 0.006494 120.000000 6.629834
90 0.000086 0.007720 140.000000 6.862745
90 0.000083 0.007467 160.000000 7.079646
90 0.000065 0.006601 180.000000 7.258065
90 0.000059 0.005327 200.000000 7.380074
90 0.000062 0.005250 220.000000 7.357860
90 0.000057 0.004576 240.000000 7.453416
90 0.000051 0.003993 260.000000 7.580175
90 0.000057 0.003631 280.000000 7.692307
90 0.000039 0.003465 300.000000 7.751938
90 0.000043 0.002952 320.000000 7.692307
90 0.000040 0.002929 340.000000 7.555555
90 0.000051 0.002750 360.000000 7.594937
90 0.000045 0.002628 380.000000 7.661290
90 0.000038 0.003397 400.000000 7.722008
90 0.000047 0.003328 420.000000 7.777778
90 0.000043 0.003469 440.000000 7.815275
90 0.000038 0.004009 460.000000 7.836457
90 0.000041 0.004250 480.000000 7.804878
90 0.000043 0.005054 500.000000 7.440476
100 0.000428 0.021423 20.000000 6.250000
100 0.000276 0.010020 40.000000 6.896552
100 0.000158 0.003113 60.000000 7.058824
100 0.000101 0.003544 80.000000 6.779661
100 0.000099 0.002964 100.000000 6.896552
100 0.000061 0.003916 120.000000 6.779661
100 0.000047 0.004441 140.000000 7.035176
100 0.000060 0.003341 160.000000 7.239819
100 0.000044 0.003066 180.000000 7.438016
100 0.000045 0.002227 200.000000 7.518797
100 0.000056 0.002134 220.000000 7.482993
100 0.000042 0.002877 240.000000 7.594937
100 0.000047 0.002926 260.000000 7.715134
100 0.000040 0.003677 280.000000 7.799443
100 0.000026 0.003900 300.000000 7.832898
100 0.000028 0.004466 320.000000 7.710844
100 0.000028 0.004482 340.000000 7.623318
100 0.000036 0.004175 360.000000 7.675906
100 0.000036 0.004158 380.000000 7.739307
100 0.000034 0.004919 400.000000 7.797271
100 0.000036 0.004729 420.000000 7.850467
100 0.000034 0.004971 440.000000 7.885304
100 0.000030 0.005461 460.000000 7.890223
100 0.000042 0.005290 480.000000 7.830343
100 0.000023 0.005881 500.000000 7.342144
110 0.000309 0.015972 20.000000 6.666667
110 0.000230 0.007971 40.000000 7.272727
110 0.000072 0.004715 60.000000 7.142857
110 0.000085 0.006030 80.000000 6.956522
110 0.000057 0.002758 100.000000 6.896552
110 0.000039 0.004885 120.000000 6.936416
110 0.000040 0.004416 140.000000 7.179487
110 0.000063 0.004332 160.000000 7.373272
110 0.000047 0.005461 180.000000 7.563025
110 0.000052 0.005027 200.000000 7.547170
110 0.000071 0.005013 220.000000 7.560137
110 0.000046 0.005886 240.000000 7.692307
110 0.000058 0.006027 260.000000 7.807808
110 0.000044 0.006850 280.000000 7.865169
110 0.000039 0.006917 300.000000 7.894737
110 0.000024 0.007638 320.000000 7.710844
110 0.000033 0.007287 340.000000 7.674943
110 0.000039 0.007079 360.000000 7.741935
110 0.000033 0.007793 380.000000 7.802875
110 0.000044 0.007996 400.000000 7.858546
110 0.000049 0.007934 420.000000 7.894737
110 0.000040 0.008289 440.000000 7.942238
110 0.000036 0.008783 460.000000 7.931035
110 0.000046 0.008950 480.000000 7.779579
120 0.000464 0.006025 20.000000 6.896552
120 0.000252 0.004397 40.000000 7.407407
120 0.000196 0.006069 60.000000 6.976744
120 0.000064 0.005072 80.000000 7.017544
120 0.000032 0.002957 100.000000 6.849315
120 0.000054 0.004766 120.000000 7.017544
120 0.000060 0.003956 140.000000 7.291667
120 0.000063 0.004816 160.000000 7.476635
120 0.000048 0.005433 180.000000 7.627119
120 0.000071 0.004927 200.000000 7.575758
120 0.000065 0.005674 220.000000 7.638889
120 0.000049 0.005883 240.000000 7.766990
120 0.000048 0.006626 260.000000 7.854985
120 0.000041 0.006967 280.000000 7.932011
120 0.000042 0.007384 300.000000 7.894737
120 0.000024 0.008091 320.000000 7.710844
120 0.000036 0.007363 340.000000 7.727273
120 0.000032 0.007416 360.000000 7.792208
120 0.000027 0.008342 380.000000 7.851240
120 0.000040 0.008195 400.000000 7.905138
120 0.000039 0.008403 420.000000 7.924528
120 0.000035 0.008758 440.000000 7.971014
120 0.000039 0.008738 460.000000 7.931035
120 0.000032 0.009120 480.000000 7.619048
130 0.000198 0.005234 20.000000 7.142857
130 0.000197 0.008693 40.000000 7.407407
130 0.000092 0.008130 60.000000 6.896552
130 0.000116 0.006599 80.000000 6.956522
130 0.000044 0.007719 100.000000 6.849315
130 0.000037 0.007779 120.000000 7.100592
130 0.000071 0.007863 140.000000 7.368421
130 0.000068 0.009365 160.000000 7.547170
130 0.000061 0.009173 180.000000 7.627119
130 0.000090 0.008789 200.000000 7.575758
130 0.000072 0.009048 220.000000 7.692307
130 0.000073 0.009029 240.000000 7.817590
130 0.000061 0.009663 260.000000 7.902736
130 0.000047 0.009779 280.000000 7.954545
130 0.000047 0.010532 300.000000 7.812500
130 0.000044 0.010190 320.000000 7.710844
130 0.000056 0.009694 340.000000 7.762557
130 0.000058 0.009824 360.000000 7.826087
130 0.000051 0.010904 380.000000 7.883817
130 0.000058 0.010769 400.000000 7.920792
130 0.000055 0.011079 420.000000 7.954545
130 0.000050 0.011829 440.000000 7.971014
130 0.000061 0.011748 460.000000 7.890223
130 0.000033 0.012392 480.000000 7.407407
140 0.000235 0.010703 20.000000 7.407407
140 0.000156 0.011408 40.000000 7.142857
140 0.000077 0.010955 60.000000 6.896552
140 0.000088 0.006775 80.000000 6.837607
140 0.000046 0.009264 100.000000 6.896552
140 0.000062 0.008392 120.000000 7.185629
140 0.000097 0.009079 140.000000 7.446808
140 0.000087 0.010461 160.000000 7.619048
140 0.000088 0.009783 180.000000 7.594937
140 0.000108 0.009534 200.000000 7.633588
140 0.000076 0.010075 220.000000 7.746479
140 0.000088 0.010276 240.000000 7.868853
140 0.000072 0.010881 260.000000 7.951070
140 0.000064 0.010969 280.000000 7.954545
140 0.000047 0.011714 300.000000 7.751938
140 0.000050 0.011284 320.000000 7.729469
140 0.000055 0.010989 340.000000 7.798165
140 0.000052 0.011694 360.000000 7.860262
140 0.000065 0.011960 380.000000 7.916667
140 0.000066 0.012028 400.000000 7.936508
140 0.000059 0.012360 420.000000 7.984791
140 0.000052 0.012987 440.000000 7.971014
140 0.000059 0.012955 460.000000 7.770270
150 0.000254 0.011725 20.000000 7.407407
150 0.000024 0.011416 40.000000 6.779661
150 0.000226 0.007656 60.000000 6.896552
150 0.000096 0.006900 80.000000 6.722689
150 0.000069 0.008289 100.000000 6.993007
150 0.000137 0.008067 120.000000 7.272727
150 0.000125 0.010104 140.000000 7.526882
150 0.000091 0.010452 160.000000 7.655502
150 0.000119 0.009876 180.000000 7.594937
150 0.000108 0.010371 200.000000 7.662835
150 0.000095 0.010727 220.000000 7.801418
150 0.000092 0.011300 240.000000 7.920792
150 0.000074 0.011665 260.000000 7.975460
150 0.000073 0.012118 280.000000 7.909605
150 0.000052 0.012492 300.000000 7.712082
150 0.000065 0.011895 320.000000 7.748184
150 0.000059 0.011989 340.000000 7.816092
150 0.000052 0.012938 360.000000 7.877462
150 0.000067 0.012849 380.000000 7.933194
150 0.000063 0.012992 400.000000 7.968128
150 0.000060 0.013389 420.000000 8.000000
150 0.000057 0.013443 440.000000 7.956600
150 0.000051 0.013670 460.000000 7.565790
160 0.000295 0.016459 20.000000 7.142857
160 0.000135 0.009325 40.000000 6.557377
160 0.000155 0.004999 60.000000 6.666667
160 0.000094 0.006957 80.000000 6.666667
160 0.000119 0.006389 100.000000 7.042253
160 0.000136 0.007458 120.000000 7.361963
160 0.000125 0.010453 140.000000 7.567567
160 0.000105 0.010505 160.000000 7.619048
160 0.000128 0.010083 180.000000 7.594937
160 0.000110 0.010991 200.000000 7.722008
160 0.000109 0.011259 220.000000 7.857143
160 0.000083 0.012252 240.000000 7.947020
160 0.000070 0.012559 260.000000 7.975460
160 0.000066 0.013394 280.000000 7.777778
160 0.000061 0.013024 300.000000 7.712082
160 0.000063 0.012825 320.000000 7.785888
160 0.000067 0.012974 340.000000 7.852194
160 0.000065 0.013665 360.000000 7.912088
160 0.000070 0.013431 380.000000 7.949791
160 0.000065 0.013691 400.000000 7.984032
160 0.000058 0.014177 420.000000 7.984791
160 0.000073 0.013973 440.000000 7.871199
170 0.000373 0.013467 20.000000 6.060606
170 0.000278 0.006413 40.000000 6.451613
170 0.000221 0.003095 60.000000 6.451613
170 0.000152 0.005929 80.000000 6.722689
170 0.000176 0.005223 100.000000 7.142857
170 0.000180 0.006781 120.000000 7.407407
170 0.000164 0.008108 140.000000 7.608696
170 0.000158 0.007134 160.000000 7.547170
170 0.000140 0.007760 180.000000 7.627119
170 0.000107 0.008027 200.000000 7.782101
170 0.000119 0.008675 220.000000 7.885304
170 0.000102 0.009162 240.000000 7.973422
170 0.000091 0.009703 260.000000 7.951070
170 0.000069 0.010412 280.000000 7.713499
170 0.000078 0.009883 300.000000 7.731959
170 0.000070 0.009834 320.000000 7.804878
170 0.000067 0.010727 340.000000 7.870370
170 0.000079 0.010486 360.000000 7.929515
170 0.000076 0.010683 380.000000 7.949791
170 0.000068 0.010855 400.000000 8.000000
170 0.000062 0.011202 420.000000 7.969639
170 0.000059 0.011205 440.000000 7.652174
180 0.000350 0.004674 20.000000 5.714286
180 0.000335 0.001310 40.000000 6.451613
180 0.000165 0.001848 60.000000 6.382979
180 0.000119 0.003499 80.000000 6.837607
180 0.000175 0.002725 100.000000 7.246377
180 0.000128 0.004117 120.000000 7.500000
180 0.000107 0.004674 140.000000 7.608696
180 0.000134 0.004324 160.000000 7.547170
180 0.000102 0.005405 180.000000 7.692307
180 0.000101 0.005912 200.000000 7.843137
180 0.000086 0.007074 220.000000 7.942238
180 0.000073 0.007287 240.000000 8.000000
180 0.000070 0.008113 260.000000 7.878788
180 0.000060 0.008331 280.000000 7.713499
180 0.000072 0.007943 300.000000 7.772021
180 0.000061 0.008030 320.000000 7.843137
180 0.000047 0.008697 340.000000 7.906977
180 0.000058 0.008462 360.000000 7.947020
180 0.000057 0.008497 380.000000 7.983193
180 0.000052 0.008739 400.000000 8.000000
180 0.000052 0.008454 420.000000 7.939508
180 0.000035 0.008534 440.000000 7.457627
190 0.000322 0.010772 20.000000 5.882353
190 0.000232 0.005958 40.000000 6.349206
190 0.000123 0.004398 60.000000 6.521739
190 0.000125 0.004252 80.000000 7.017544
190 0.000159 0.002624 100.000000 7.407407
190 0.000118 0.005119 120.000000 7.643312
190 0.000110 0.004868 140.000000 7.650273
190 0.000115 0.004918 160.000000 7.655502
190 0.000091 0.006518 180.000000 7.792208
190 0.000103 0.006906 200.000000 7.936508
190 0.000086 0.007969 220.000000 8.029197
190 0.000070 0.008346 240.000000 8.053691
190 0.000053 0.009269 260.000000 7.807808
190 0.000057 0.009019 280.000000 7.756233
190 0.000060 0.008770 300.000000 7.832898
190 0.000050 0.009132 320.000000 7.901235
190 0.000057 0.009378 340.000000 7.962529
190 0.000066 0.009138 360.000000 7.982262
190 0.000053 0.009396 380.000000 8.033827
190 0.000049 0.009541 400.000000 8.032128
190 0.000055 0.009584 420.000000 7.865169
200 0.000331 0.013509 20.000000 6.451613
200 0.000160 0.004143 40.000000 6.451613
200 0.000103 0.006515 60.000000 6.818182
200 0.000130 0.005139 80.000000 7.272727
200 0.000139 0.005742 100.000000 7.575758
200 0.000123 0.007244 120.000000 7.792208
200 0.000129 0.006015 140.000000 7.734807
200 0.000112 0.007357 160.000000 7.766990
200 0.000078 0.007893 180.000000 7.929515
200 0.000090 0.008509 200.000000 8.064516
200 0.000075 0.009035 220.000000 8.118081
200 0.000066 0.009405 240.000000 8.108109
200 0.000043 0.010200 260.000000 7.831326
200 0.000054 0.009617 280.000000 7.821229
200 0.000049 0.009446 300.000000 7.915567
200 0.000046 0.010402 320.000000 7.960199
200 0.000062 0.010109 340.000000 8.018867
200 0.000061 0.010232 360.000000 8.053691
200 0.000055 0.010460 380.000000 8.085107
200 0.000045 0.010802 400.000000 8.064516
200 0.000050 0.010687 420.000000 7.734807
210 0.000453 0.004278 20.000000 6.896552
210 0.000129 0.004323 40.000000 6.557377
210 0.000100 0.007139 60.000000 7.058824
210 0.000182 0.006794 80.000000 7.547170
210 0.000137 0.010110 100.000000 7.812500
210 0.000113 0.010380 120.000000 7.947020
210 0.000149 0.009710 140.000000 7.821229
210 0.000125 0.010505 160.000000 7.920792
210 0.000107 0.011056 180.000000 8.071749
210 0.000096 0.011908 200.000000 8.163265
210 0.000076 0.012071 220.000000 8.239700
210 0.000078 0.012687 240.000000 8.108109
210 0.000051 0.012980 260.000000 7.878788
210 0.000069 0.012277 280.000000 7.909605
210 0.000062 0.012331 300.000000 7.978724
210 0.000053 0.013359 320.000000 8.040201
210 0.000071 0.013138 340.000000 8.095238
210 0.000066 0.013328 360.000000 8.126410
210 0.000059 0.013803 380.000000 8.137045
210 0.000059 0.013733 400.000000 8.080808
210 0.000046 0.014120 420.000000 7.608696
220 0.000253 0.011687 20.000000 6.666667
220 0.000115 0.003933 40.000000 6.666667
220 0.000150 0.004063 60.000000 7.317073
220 0.000167 0.006099 80.000000 7.766990
220 0.000138 0.010775 100.000000 8.000000
220 0.000113 0.011170 120.000000 8.000000
220 0.000139 0.010679 140.000000 7.865169
220 0.000113 0.011894 160.000000 8.040201
220 0.000112 0.012209 180.000000 8.181818
220 0.000080 0.013310 200.000000 8.264462
220 0.000068 0.013555 220.000000 8.270677
220 0.000059 0.014353 240.000000 8.000000
220 0.000052 0.013916 260.000000 7.902736
220 0.000054 0.013609 280.000000 7.954545
220 0.000053 0.013818 300.000000 8.021390
220 0.000058 0.014234 320.000000 8.101266
220 0.000063 0.013925 340.000000 8.114558
220 0.000060 0.014097 360.000000 8.163265
220 0.000052 0.014464 380.000000 8.154507
220 0.000070 0.014177 400.000000 8.016032
230 0.000150 0.009588 20.000000 6.060606
230 0.000078 0.009157 40.000000 6.779661
230 0.000144 0.008184 60.000000 7.500000
230 0.000163 0.011387 80.000000 7.843137
230 0.000133 0.014560 100.000000 8.064516
230 0.000162 0.013103 120.000000 7.894737
230 0.000138 0.014162 140.000000 7.954545
230 0.000101 0.014583 160.000000 8.121827
230 0.000097 0.015189 180.000000 8.219178
230 0.000085 0.015482 200.000000 8.298756
230 0.000076 0.015872 220.000000 8.239700
230 0.000044 0.016494 240.000000 7.920792
230 0.000052 0.015671 260.000000 7.926829
230 0.000052 0.015447 280.000000 8.000000
230 0.000048 0.016399 300.000000 8.064516
230 0.000070 0.016069 320.000000 8.121827
230 0.000068 0.016186 340.000000 8.153478
230 0.000064 0.016445 360.000000 8.181818
230 0.000054 0.016846 380.000000 8.137045
230 0.000052 0.016756 400.000000 7.782101
240 0.000250 0.011236 20.000000 6.060606
240 0.000176 0.009686 40.000000 7.142857
240 0.000161 0.010523 60.000000 7.692307
240 0.000146 0.014093 80.000000 8.000000
240 0.000092 0.015035 100.000000 8.130081
240 0.000156 0.014027 120.000000 7.947020
240 0.000112 0.015056 140.000000 8.045977
240 0.000099 0.015187 160.000000 8.205129
240 0.000072 0.016047 180.000000 8.333333
240 0.000070 0.016021 200.000000 8.368201
240 0.000058 0.016686 220.000000 8.148149
240 0.000030 0.016623 240.000000 7.947020
240 0.000048 0.015730 260.000000 7.975460
240 0.000048 0.015657 280.000000 8.045977
240 0.000040 0.016629 300.000000 8.108109
240 0.000057 0.016288 320.000000 8.163265
240 0.000059 0.016353 340.000000 8.192771
240 0.000054 0.016784 360.000000 8.200456
240 0.000062 0.016550 380.000000 8.119658
240 0.000035 0.016794 400.000000 7.575758
250 0.000183 0.019629 20.000000 6.451613
250 0.000139 0.012081 40.000000 7.547170
250 0.000143 0.011964 60.000000 8.000000
250 0.000098 0.015598 80.000000 8.333333
250 0.000095 0.014091 100.000000 8.196721
250 0.000136 0.012954 120.000000 8.053691
250 0.000100 0.014034 140.000000 8.235294
250 0.000097 0.013832 160.000000 8.376964
250 0.000067 0.014572 180.000000 8.450705
250 0.000058 0.014608 200.000000 8.438819
250 0.000037 0.015313 220.000000 8.088235
250 0.000039 0.014600 240.000000 8.000000
250 0.000044 0.013930 260.000000 8.049536
250 0.000041 0.014366 280.000000 8.115942
250 0.000056 0.014728 300.000000 8.174387
250 0.000061 0.014409 320.000000 8.205129
250 0.000056 0.014651 340.000000 8.252427
250 0.000051 0.015106 360.000000 8.237987
250 0.000062 0.014987 380.000000 8.050847
260 0.000042 0.022151 20.000000 7.142857
260 0.000138 0.012945 40.000000 8.163265
260 0.000164 0.013644 60.000000 8.450705
260 0.000124 0.016110 80.000000 8.602151
260 0.000151 0.013432 100.000000 8.333333
260 0.000141 0.013982 120.000000 8.275862
260 0.000094 0.014324 140.000000 8.433735
260 0.000091 0.014596 160.000000 8.510638
260 0.000077 0.014832 180.000000 8.571428
260 0.000070 0.014870 200.000000 8.510638
260 0.000035 0.015449 220.000000 8.118081
260 0.000046 0.014615 240.000000 8.080808
260 0.000047 0.014097 260.000000 8.150470
260 0.000044 0.015146 280.000000 8.211143
260 0.000069 0.014835 300.000000 8.264462
260 0.000065 0.014861 320.000000 8.290155
260 0.000061 0.015077 340.000000 8.312959
260 0.000055 0.015560 360.000000 8.275862
260 0.000057 0.015548 380.000000 7.900208
270 0.000178 0.012111 20.000000 8.000000
270 0.000271 0.009110 40.000000 8.695652
270 0.000167 0.014774 60.000000 8.823529
270 0.000121 0.014805 80.000000 8.791209
270 0.000185 0.013175 100.000000 8.333333
270 0.000139 0.013797 120.000000 8.450705
270 0.000113 0.014182 140.000000 8.588957
270 0.000094 0.014915 160.000000 8.648648
270 0.000075 0.014920 180.000000 8.653846
270 0.000074 0.015426 200.000000 8.438819
270 0.000040 0.015530 220.000000 8.118081
270 0.000062 0.014408 240.000000 8.163265
270 0.000056 0.014326 260.000000 8.227848
270 0.000048 0.015382 280.000000 8.284023
270 0.000066 0.015132 300.000000 8.310249
270 0.000065 0.015201 320.000000 8.333333
270 0.000058 0.015648 340.000000 8.353808
270 0.000065 0.015375 360.000000 8.256881
270 0.000042 0.015811 380.000000 7.692307
280 0.000210 0.005697 20.000000 8.333333
280 0.000253 0.010191 40.000000 8.888889
280 0.000174 0.015895 60.000000 8.955224
280 0.000136 0.014590 80.000000 8.695652
280 0.000174 0.012487 100.000000 8.403361
280 0.000116 0.013687 120.000000 8.510638
280 0.000126 0.013409 140.000000 8.641975
280 0.000097 0.014368 160.000000 8.695652
280 0.000081 0.014325 180.000000 8.653846
280 0.000050 0.015251 200.000000 8.230453
280 0.000056 0.014258 220.000000 8.118081
280 0.000062 0.013565 240.000000 8.191126
280 0.000056 0.014030 260.000000 8.253968
280 0.000069 0.014416 280.000000 8.308605
280 0.000073 0.014081 300.000000 8.333333
280 0.000065 0.014431 320.000000 8.355091
280 0.000060 0.014879 340.000000 8.333333
280 0.000069 0.014808 360.000000 8.126410
290 0.000500 0.006403 20.000000 8.695652
290 0.000324 0.015227 40.000000 8.888889
290 0.000179 0.017125 60.000000 8.955224
290 0.000213 0.014656 80.000000 8.421053
290 0.000171 0.015419 100.000000 8.403361
290 0.000136 0.015110 120.000000 8.571428
290 0.000111 0.015664 140.000000 8.695652
290 0.000099 0.015804 160.000000 8.695652
290 0.000092 0.016073 180.000000 8.530806
290 0.000045 0.016550 200.000000 8.130081
290 0.000070 0.015255 220.000000 8.118081
290 0.000071 0.015008 240.000000 8.191126
290 0.000061 0.016253 260.000000 8.253968
290 0.000080 0.015937 280.000000 8.308605
290 0.000075 0.015984 300.000000 8.333333
290 0.000068 0.016442 320.000000 8.355091
290 0.000073 0.016353 340.000000 8.272506
290 0.000060 0.016689 360.000000 7.792208
300 0.000261 0.014165 20.000000 8.695652
300 0.000162 0.020182 40.000000 8.888889
300 0.000091 0.017244 60.000000 8.571428
300 0.000167 0.013270 80.000000 8.247422
300 0.000116 0.013564 100.000000 8.403361
300 0.000108 0.012982 120.000000 8.571428
300 0.000064 0.013805 140.000000 8.641975
300 0.000051 0.013448 160.000000 8.648648
300 0.000049 0.014246 180.000000 8.219178
300 0.000043 0.013199 200.000000 8.064516
300 0.000053 0.012363 220.000000 8.118081
300 0.000063 0.012313 240.000000 8.191126
300 0.000065 0.013224 260.000000 8.253968
300 0.000072 0.012737 280.000000 8.284023
300 0.000065 0.013031 300.000000 8.310249
300 0.000055 0.013882 320.000000 8.311688
300 0.000078 0.013570 340.000000 8.133971
310 0.000242 0.020253 20.000000 8.695652
310 0.000133 0.020940 40.000000 8.695652
310 0.000179 0.015641 60.000000 8.108109
310 0.000145 0.015050 80.000000 8.163265
310 0.000112 0.014069 100.000000 8.403361
310 0.000073 0.014412 120.000000 8.571428
310 0.000069 0.014603 140.000000 8.588957
310 0.000075 0.014635 160.000000 8.465609
310 0.000023 0.015363 180.000000 8.000000
310 0.000060 0.013569 200.000000 8.000000
310 0.000061 0.013228 220.000000 8.118081
310 0.000057 0.014855 240.000000 8.191126
310 0.000074 0.014510 260.000000 8.227848
310 0.000069 0.014664 280.000000 8.259587
310 0.000069 0.015254 300.000000 8.287292
310 0.000071 0.015403 320.000000 8.226221
310 0.000066 0.015800 340.000000 7.762557
320 0.000207 0.025760 20.000000 8.695652
320 0.000040 0.018808 40.000000 8.333333
320 0.000187 0.014256 60.000000 8.000000
320 0.000111 0.013917 80.000000 8.247422
320 0.000093 0.013023 100.000000 8.474576
320 0.000059 0.013805 120.000000 8.571428
320 0.000041 0.013748 140.000000 8.536586
320 0.000043 0.014429 160.000000 8.163265
320 0.000046 0.013332 180.000000 7.929515
320 0.000056 0.012529 200.000000 8.000000
320 0.000074 0.012452 220.000000 8.088235
320 0.000072 0.013864 240.000000 8.163265
320 0.000075 0.013422 260.000000 8.227848
320 0.000069 0.013750 280.000000 8.259587
320 0.000062 0.014906 300.000000 8.241758
320 0.000088 0.014565 320.000000 8.101266
320 0.000055 0.015987 340.000000 7.249467
330 0.000173 0.021724 20.000000 8.695652
330 0.000180 0.011432 40.000000 7.843137
330 0.000126 0.010821 60.000000 7.894737
330 0.000086 0.010365 80.000000 8.247422
330 0.000053 0.010620 100.000000 8.474576
330 0.000046 0.010914 120.000000 8.510638
330 0.000050 0.011016 140.000000 8.433735
330 0.000026 0.011767 160.000000 7.920792
330 0.000042 0.010291 180.000000 7.894737
330 0.000044 0.009794 200.000000 8.032128
330 0.000047 0.011459 220.000000 8.118081
330 0.000070 0.011124 240.000000 8.163265
330 0.000061 0.011360 260.000000 8.201893
330 0.000067 0.011780 280.000000 8.235294
330 0.000053 0.012701 300.000000 8.196721
330 0.000067 0.012537 320.000000 7.766990
340 0.000088 0.013610 20.000000 8.000000
340 0.000198 0.005437 40.000000 7.547170
340 0.000092 0.006974 60.000000 8.000000
340 0.000076 0.006928 80.000000 8.247422
340 0.000041 0.008541 100.000000 8.474576
340 0.000018 0.008375 120.000000 8.450705
340 0.000021 0.009625 140.000000 8.092485
340 0.000038 0.008666 160.000000 7.804878
340 0.000057 0.007528 180.000000 7.894737
340 0.000068 0.007631 200.000000 8.000000
340 0.000059 0.009455 220.000000 8.088235
340 0.000062 0.009054 240.000000 8.163265
340 0.000062 0.009375 260.000000 8.201893
340 0.000058 0.010671 280.000000 8.187135
340 0.000075 0.010545 300.000000 8.064516
340 0.000050 0.011700 320.000000 7.339449
350 0.000350 0.008532 20.000000 6.896552
350 0.000262 0.004403 40.000000 7.407407
350 0.000097 0.008348 60.000000 8.000000
350 0.000070 0.008617 80.000000 8.333333
350 0.000058 0.009666 100.000000 8.403361
350 0.000056 0.009480 120.000000 8.333333
350 0.000009 0.010510 140.000000 7.821229
350 0.000027 0.009698 160.000000 7.766990
350 0.000040 0.008850 180.000000 7.894737
350 0.000040 0.010451 200.000000 8.000000
350 0.000065 0.010330 220.000000 8.088235
350 0.000061 0.010387 240.000000 8.135593
350 0.000062 0.010737 260.000000 8.201893
350 0.000052 0.011662 280.000000 8.139535
350 0.000069 0.011395 300.000000 7.751938
360 0.000454 0.004062 20.000000 6.666667
360 0.000185 0.008902 40.000000 7.692307
360 0.000109 0.009135 60.000000 8.219178
360 0.000073 0.010242 80.000000 8.421053
360 0.000042 0.010069 100.000000 8.474576
360 0.000050 0.010445 120.000000 8.163265
360 0.000024 0.010716 140.000000 7.734807
360 0.000059 0.009252 160.000000 7.804878
360 0.000046 0.009117 180.000000 7.929515
360 0.000048 0.010948 200.000000 8.032128
360 0.000066 0.010523 220.000000 8.118081
360 0.000063 0.010673 240.000000 8.163265
360 0.000059 0.011444 260.000000 8.176101
360 0.000075 0.011346 280.000000 8.092485
360 0.000053 0.012347 300.000000 7.425743
370 0.000475 0.013527 20.000000 7.142857
370 0.000147 0.013040 40.000000 8.000000
370 0.000132 0.010957 60.000000 8.450705
370 0.000062 0.012025 80.000000 8.602151
370 0.000053 0.011562 100.000000 8.547009
370 0.000026 0.012533 120.000000 7.947020
370 0.000060 0.011474 140.000000 7.777778
370 0.000067 0.010735 160.000000 7.920792
370 0.000067 0.011314 180.000000 8.035714
370 0.000081 0.012366 200.000000 8.130081
370 0.000080 0.012000 220.000000 8.148149
370 0.000073 0.012453 240.000000 8.219178
370 0.000070 0.013524 260.000000 8.201893
370 0.000090 0.013227 280.000000 7.977208
380 0.000049 0.014693 20.000000 7.692307
380 0.000116 0.008905 40.000000 8.510638
380 0.000092 0.007194 60.000000 8.823529
380 0.000047 0.007159 80.000000 8.791209
380 0.000047 0.006758 100.000000 8.547009
380 0.000085 0.007565 120.000000 7.894737
380 0.000079 0.006274 140.000000 7.865169
380 0.000073 0.005977 160.000000 8.000000
380 0.000072 0.008115 180.000000 8.108109
380 0.000073 0.007829 200.000000 8.196721
380 0.000059 0.008153 220.000000 8.239700
380 0.000070 0.008596 240.000000 8.275862
380 0.000059 0.009848 260.000000 8.227848
380 0.000077 0.009860 280.000000 7.713499
390 0.000186 0.010196 20.000000 8.333333
390 0.000076 0.005035 40.000000 8.888889
390 0.000110 0.006428 60.000000 8.955224
390 0.000067 0.005998 80.000000 8.888889
390 0.000062 0.007503 100.000000 8.333333
390 0.000097 0.006495 120.000000 7.843137
390 0.000087 0.005939 140.000000 7.954545
390 0.000077 0.006202 160.000000 8.080808
390 0.000075 0.008117 180.000000 8.181818
390 0.000069 0.007921 200.000000 8.230453
390 0.000058 0.008186 220.000000 8.270677
390 0.000059 0.009499 240.000000 8.275862
390 0.000076 0.009921 260.000000 8.150470
390 0.000071 0.011293 280.000000 7.387863
400 0.000277 0.007874 20.000000 8.695652
400 0.000165 0.003669 40.000000 9.090909
400 0.000109 0.005235 60.000000 9.090909
400 0.000066 0.004881 80.000000 8.791209
400 0.000105 0.006053 100.000000 7.936508
400 0.000099 0.004216 120.000000 7.843137
400 0.000094 0.004272 140.000000 8.000000
400 0.000079 0.005974 160.000000 8.121827
400 0.000074 0.006519 180.000000 8.219178
400 0.000063 0.006740 200.000000 8.230453
400 0.000062 0.007104 220.000000 8.301887
400 0.000065 0.008555 240.000000 8.247422
400 0.000078 0.008857 260.000000 7.878788
410 0.000098 0.004103 20.000000 8.695652
410 0.000135 0.006032 40.000000 9.090909
410 0.000058 0.006443 60.000000 8.955224
410 0.000050 0.008008 80.000000 8.333333
410 0.000095 0.006502 100.000000 7.692307
410 0.000087 0.005118 120.000000 7.792208
410 0.000074 0.005257 140.000000 7.954545
410 0.000073 0.007601 160.000000 8.080808
410 0.000073 0.007415 180.000000 8.181818
410 0.000062 0.007523 200.000000 8.230453
410 0.000063 0.008807 220.000000 8.239700
410 0.000077 0.009326 240.000000 8.135593
410 0.000074 0.010846 260.000000 7.407407
420 0.000224 0.003900 20.000000 8.695652
420 0.000098 0.007618 40.000000 8.888889
420 0.000016 0.006827 60.000000 8.695652
420 0.000069 0.008823 80.000000 7.692307
420 0.000073 0.005581 100.000000 7.575758
420 0.000075 0.004714 120.000000 7.792208
420 0.000064 0.006507 140.000000 7.954545
420 0.000067 0.007204 160.000000 8.080808
420 0.000073 0.006904 180.000000 8.144796
420 0.000060 0.007584 200.000000 8.196721
420 0.000060 0.008999 220.000000 8.178438
420 0.000081 0.009162 240.000000 7.843137
430 0.000283 0.007405 20.000000 8.695652
430 0.000077 0.007613 40.000000 8.695652
430 0.000036 0.008730 60.000000 8.108109
430 0.000107 0.006866 80.000000 7.407407
430 0.000091 0.004570 100.000000 7.518797
430 0.000063 0.004419 120.000000 7.792208
430 0.000074 0.007112 140.000000 7.954545
430 0.000072 0.006912 160.000000 8.040201
430 0.000060 0.006808 180.000000 8.108109
430 0.000071 0.007943 200.000000 8.163265
430 0.000079 0.008680 220.000000 8.058608
430 0.000066 0.009955 240.000000 7.317073
440 0.000122 0.012162 20.000000 8.333333
440 0.000127 0.009733 40.000000 8.510638
440 0.000124 0.011541 60.000000 7.317073
440 0.000113 0.007966 80.000000 7.272727
440 0.000103 0.006843 100.000000 7.518797
440 0.000090 0.008498 120.000000 7.741935
440 0.000093 0.009707 140.000000 7.909605
440 0.000080 0.009379 160.000000 8.000000
440 0.000074 0.009823 180.000000 8.108109
440 0.000074 0.011463 200.000000 8.064516
440 0.000092 0.011417 220.000000 7.801418
450 0.000158 0.012764 20.000000 8.333333
450 0.000115 0.012167 40.000000 7.843137
450 0.000113 0.011925 60.000000 6.976744
450 0.000078 0.008641 80.000000 7.207207
450 0.000085 0.008093 100.000000 7.518797
450 0.000089 0.011644 120.000000 7.741935
450 0.000093 0.011107 140.000000 7.909605
450 0.000080 0.011055 160.000000 8.000000
450 0.000089 0.012116 180.000000 8.071749
450 0.000100 0.012543 200.000000 7.968128
450 0.000083 0.013319 220.000000 7.284768
460 0.000104 0.008140 20.000000 8.000000
460 0.000042 0.012660 40.000000 6.896552
460 0.000099 0.007728 60.000000 6.818182
460 0.000108 0.006489 80.000000 7.207207
460 0.000101 0.007142 100.000000 7.518797
460 0.000104 0.009674 120.000000 7.741935
460 0.000103 0.008826 140.000000 7.865169
460 0.000082 0.009593 160.000000 8.000000
460 0.000075 0.011465 180.000000 8.000000
460 0.000108 0.011191 200.000000 7.751938
470 0.000095 0.013175 20.000000 7.407407
470 0.000179 0.010112 40.000000 6.349206
470 0.000121 0.005117 60.000000 6.818182
470 0.000103 0.004541 80.000000 7.272727
470 0.000094 0.008716 100.000000 7.575758
470 0.000103 0.007855 120.000000 7.792208
470 0.000075 0.008336 140.000000 7.865169
470 0.000093 0.008803 160.000000 8.000000
470 0.000070 0.010544 180.000000 7.929515
470 0.000087 0.010656 200.000000 7.272727
480 0.000091 0.019040 20.000000 6.060606
480 0.000165 0.007220 40.000000 6.153846
480 0.000147 0.004666 60.000000 6.818182
480 0.000141 0.005173 80.000000 7.272727
480 0.000112 0.009103 100.000000 7.575758
480 0.000103 0.008088 120.000000 7.792208
480 0.000094 0.008574 140.000000 7.909605
480 0.000078 0.010511 160.000000 7.960199
480 0.000110 0.010616 180.000000 7.758621
480 0.000084 0.012571 200.000000 6.756757
490 0.000282 0.012488 20.000000 5.405406
490 0.000189 0.006156 40.000000 6.250000
490 0.000134 0.004050 60.000000 6.976744
490 0.000093 0.006379 80.000000 7.407407
490 0.000098 0.006616 100.000000 7.692307
490 0.000082 0.006265 120.000000 7.843137
490 0.000077 0.006645 140.000000 7.954545
490 0.000072 0.008366 160.000000 7.960199
490 0.000091 0.008332 180.000000 7.468880
500 0.000403 0.013446 20.000000 5.405406
500 0.000180 0.008365 40.000000 6.557377
500 0.000113 0.005715 60.000000 7.228916
500 0.000107 0.008887 80.000000 7.619048
500 0.000098 0.007642 100.000000 7.874016
500 0.000086 0.007345 120.000000 7.947020
500 0.000091 0.008386 140.000000 8.045977
500 0.000100 0.008827 160.000000 7.960199
500 0.000090 0.009855 180.000000 7.114625
510 0.000230 0.015599 20.000000 5.882353
510 0.000201 0.010770 40.000000 7.017544
510 0.000130 0.007656 60.000000 7.594937
510 0.000119 0.010676 80.000000 7.920792
510 0.000119 0.008799 100.000000 8.064516
510 0.000100 0.009159 120.000000 8.219178
510 0.000091 0.010785 140.000000 8.235294
510 0.000113 0.010713 160.000000 8.000000
510 0.000086 0.012371 180.000000 6.870229
520 0.000265 0.013965 20.000000 6.666667
520 0.000194 0.009657 40.000000 7.692307
520 0.000145 0.010238 60.000000 8.000000
520 0.000166 0.011697 80.000000 8.333333
520 0.000147 0.010517 100.000000 8.333333
520 0.000123 0.011269 120.000000 8.450705
520 0.000111 0.013125 140.000000 8.383233
520 0.000132 0.012691 160.000000 7.920792
530 0.000285 0.011273 20.000000 7.407407
530 0.000175 0.007039 40.000000 8.163265
530 0.000135 0.012841 60.000000 8.450705
530 0.000195 0.011468 80.000000 8.602151
530 0.000152 0.011685 100.000000 8.547009
530 0.000140 0.012175 120.000000 8.633094
530 0.000103 0.014120 140.000000 8.433735
530 0.000119 0.013849 160.000000 7.582938
540 0.000380 0.007757 20.000000 8.000000
540 0.000181 0.006572 40.000000 8.510638
540 0.000140 0.013806 60.000000 8.695652
540 0.000174 0.012209 80.000000 8.791209
540 0.000148 0.012502 100.000000 8.771930
540 0.000129 0.014171 120.000000 8.695652
540 0.000147 0.014067 140.000000 8.383233
540 0.000083 0.015779 160.000000 7.079646
550 0.000117 0.004918 20.000000 8.333333
550 0.000108 0.011807 40.000000 8.695652
550 0.000157 0.012491 60.000000 8.823529
550 0.000161 0.010778 80.000000 8.791209
550 0.000122 0.011824 100.000000 8.849558
550 0.000099 0.013725 120.000000 8.633094
550 0.000115 0.013584 140.000000 8.000000
560 0.000220 0.006393 20.000000 8.695652
560 0.000161 0.017034 40.000000 8.888889
560 0.000168 0.013496 60.000000 8.823529
560 0.000138 0.012773 80.000000 8.791209
560 0.000138 0.013995 100.000000 8.771930
560 0.000142 0.013754 120.000000 8.510638
560 0.000091 0.014959 140.000000 7.216495
570 0.000239 0.014657 20.000000 8.333333
570 0.000253 0.017766 40.000000 8.888889
570 0.000211 0.013664 60.000000 8.695652
570 0.000168 0.014162 80.000000 8.791209
570 0.000127 0.016359 100.000000 8.620689
570 0.000177 0.015154 120.000000 8.053691
580 0.000181 0.024434 20.000000 8.333333
580 0.000157 0.012802 40.000000 8.695652
580 0.000106 0.011147 60.000000 8.695652
580 0.000117 0.011840 80.000000 8.695652
580 0.000115 0.011192 100.000000 8.403361
580 0.000091 0.012090 120.000000 7.142857
590 0.000189 0.019749 20.000000 8.695652
590 0.000121 0.009550 40.000000 8.695652
590 0.000095 0.008863 60.000000 8.695652
590 0.000071 0.011464 80.000000 8.510638
590 0.000143 0.009649 100.000000 8.000000
590 0.000093 0.013458 120.000000 6.060606
600 0.000458 0.004706 20.000000 8.333333
600 0.000245 0.007242 40.000000 8.510638
600 0.000190 0.009284 60.000000 8.571428
600 0.000092 0.011594 80.000000 8.333333
600 0.000112 0.012026 100.000000 6.993007
610 0.000250 0.006173 20.000000 8.333333
610 0.000173 0.005121 40.000000 8.510638
610 0.000096 0.008647 60.000000 8.450705
610 0.000143 0.008553 80.000000 7.920792
610 0.000070 0.011934 100.000000 6.060606
620 0.000146 0.003827 20.000000 8.000000
620 0.000120 0.004825 40.000000 8.510638
620 0.000079 0.006747 60.000000 8.219178
620 0.000104 0.008790 80.000000 6.896552
630 0.000104 0.005856 20.000000 8.000000
630 0.000089 0.006531 40.000000 8.333333
630 0.000153 0.006821 60.000000 7.792208
630 0.000108 0.010892 80.000000 5.882353
640 0.000237 0.006671 20.000000 8.333333
640 0.000175 0.008844 40.000000 8.163265
640 0.000139 0.010809 60.000000 6.976744
650 0.000189 0.011382 20.000000 8.000000
650 0.000198 0.009691 40.000000 7.692307
650 0.000124 0.014600 60.000000 5.660378
660 0.000149 0.014923 20.000000 7.407407
660 0.000182 0.014039 40.000000 6.666667
670 0.000104 0.011234 20.000000 7.142857
670 0.000216 0.013877 40.000000 5.194805
680 0.000373 0.016022 20.000000 6.250000
680 0.000335 0.019343 40.000000 4.166667
690 0.000249 0.024020 20.000000 4.878049
700 0.000441 0.020183 20.000000 3.703704
710 0.000741 0.021679 20.000000 3.076923
