0.000000 -0.000000 0.000000 0.000000
-0.140643 2.574964 -0.048426 2.578549
-0.281220 5.148987 -0.112213 5.157568
-0.421837 7.724036 -0.211594 7.735634
-0.562431 10.298960 -0.296608 10.313980
-0.701879 12.869650 -0.424450 12.889610
-0.854664 15.479570 -0.604191 15.527420
-1.011589 18.173180 -0.781202 18.242310
-1.171840 20.913680 -0.924333 21.000480
-1.334841 23.709530 -1.141395 23.808900
-1.487044 26.544710 -1.353612 26.650420
-1.633363 29.422930 -1.527012 29.551580
-1.768976 32.357140 -1.674263 32.489100
-1.929780 35.330970 -1.895430 35.540040
-2.126953 38.471510 -2.116891 38.657620
-2.329940 41.561110 -2.315704 41.739560
-2.535885 44.597900 -2.535859 44.755080
-2.728914 47.592750 -2.791118 47.732290
-2.937935 50.537730 -3.036813 50.669690
-3.130185 53.464980 -3.235654 53.579690
-3.310922 56.350390 -3.429835 56.463910
-3.511313 59.225400 -3.678245 59.314820
-3.703384 62.006320 -3.924428 62.062090
-3.912602 64.697860 -4.199621 64.706740
-4.114442 67.264550 -4.416501 67.232540
-4.313021 69.714240 -4.670165 69.642830
-4.514875 72.037350 -4.927184 71.897410
-4.709494 74.175390 -5.129265 73.981510
-4.891889 76.138280 -5.360717 75.874690
-5.039038 77.925340 -5.590418 77.612360
-5.159772 79.592300 -5.744170 79.237530
-5.235209 81.135380 -5.827188 80.737440
-5.207469 82.555940 -5.773842 82.124380
-5.029560 83.885300 -5.609920 83.439620
-4.680938 85.118200 -5.278556 84.655570
-4.130089 86.200010 -4.784335 85.744390
-3.393066 87.095580 -4.079971 86.637800
-2.508137 87.820100 -3.213945 87.389340
-1.511055 88.343490 -2.243544 87.965440
-0.450022 88.747950 -1.173839 88.367780
0.676345 89.023150 -0.051293 88.657310
1.832910 89.277150 1.130348 88.901350
3.089762 89.418990 2.426715 89.040200
4.475771 89.556060 3.849644 89.186180
5.974572 89.621010 5.391851 89.247770
7.614093 89.671530 7.084666 89.301330
9.420230 89.707860 8.945280 89.374700
11.388370 89.721450 10.959270 89.399770
13.505010 89.738680 13.127940 89.451480
15.773680 89.805260 15.444200 89.555240
18.156510 89.929480 17.842450 89.715040
20.581930 90.082780 20.283790 89.829980
23.034320 90.227690 22.735780 90.001200
25.478370 90.365000 25.173930 90.144300
27.909920 90.499220 27.605440 90.295550
30.340320 90.588890 30.024270 90.407900
32.740690 90.598330 32.415620 90.434660
35.110390 90.529620 34.773920 90.389720
37.430830 90.386730 37.075990 90.257460
39.683630 90.176290 39.309010 90.066740
41.863240 89.910310 41.473690 89.864930
43.959460 89.634420 43.534980 89.634400
45.922800 89.378560 45.446830 89.398340
47.726310 89.193250 47.193890 89.253470
49.366470 89.121130 48.799840 89.221000
50.939410 89.191540 50.366190 89.311960
52.464070 89.450930 51.876970 89.623250
53.889450 89.945260 53.275160 90.129770
55.133190 90.660970 54.463320 90.859730
56.158450 91.620300 55.492050 91.815010
56.967930 92.764920 56.330940 92.948110
57.539920 94.061200 56.922820 94.251300
57.927200 95.446880 57.338190 95.651910
58.277310 96.884370 57.726990 97.096260
58.589460 98.403450 58.040300 98.644500
58.940360 100.002400 58.392740 100.273500
59.343230 101.692600 58.784340 102.012700
59.798800 103.499800 59.304480 103.842900
60.309140 105.392300 59.854520 105.745400
60.819120 107.363700 60.372140 107.765100
61.355080 109.477800 60.941260 109.902600
61.874140 111.669200 61.491730 112.118900
62.417580 113.964900 62.077920 114.444600
62.973720 116.373200 62.696570 116.868100
63.512460 118.836400 63.279980 119.331800
64.057360 121.342700 63.850180 121.846700
64.655860 123.876700 64.464280 124.389700
65.262090 126.422600 65.106200 126.929000
65.864770 128.941000 65.692760 129.413500
66.510510 131.382800 66.368110 131.884600
67.135460 133.867500 66.982120 134.321400
67.748220 136.262500 67.589430 136.731500
68.311480 138.668800 68.190550 139.128500
68.830800 141.066900 68.703930 141.515200
69.359830 143.451000 69.275890 143.872300
69.844620 145.829800 69.857370 146.247200
70.257380 148.240700 70.308830 148.634100
70.634070 150.615300 70.735040 151.014000
70.952630 153.048800 71.038640 153.446900
71.236680 155.482600 71.344500 155.894600
71.430750 157.958600 71.585730 158.362800
71.592060 160.420500 71.814030 160.814800
71.705560 162.889100 71.973910 163.302600
71.811250 165.386800 72.166150 165.770000
71.901490 167.846500 72.298880 168.247200
71.944200 170.358200 72.390520 170.765700
71.944230 172.867000 72.443190 173.263200
71.880770 175.411200 72.442910 175.831800
71.759300 177.947700 72.362720 178.353500
71.629380 180.489300 72.261310 180.920400
71.495820 183.069400 72.163500 183.489800
71.389860 185.611000 72.096410 186.045400
71.229200 188.181800 71.957090 188.596300
71.075770 190.694700 71.831740 191.114900
70.908190 193.208300 71.704420 193.622500
70.732240 195.676300 71.599470 196.076600
70.587330 197.902600 71.488140 198.196900
70.462020 200.022200 71.369680 200.316600
70.336670 202.141700 71.312230 202.438200
70.211280 204.261000 71.230460 204.558500
70.085900 206.379000 71.159860 206.679300
69.986060 208.445300 71.166450 208.688600
70.007780 210.375700 71.235210 210.607900
70.026080 212.295900 71.316440 212.536700
70.017620 214.252400 71.378840 214.494500
70.013230 216.217200 71.462250 216.483200
69.972110 218.270700 71.494180 218.554300
69.934360 220.317400 71.476700 220.561100
69.972850 222.305500 71.515040 222.583900
69.981630 224.353700 71.530240 224.622000
69.981870 226.399100 71.550310 226.685300
69.949190 228.454500 71.552000 228.722700
69.907170 230.454300 71.545120 230.711000
69.859830 232.418200 71.576280 232.638900
69.810200 234.247600 71.539740 234.417000
69.754960 235.896800 71.472340 236.017300
69.602960 237.437200 71.342370 237.548900
69.315000 238.920100 71.133740 239.023400
68.846420 240.276600 70.691780 240.368300
68.166090 241.479400 70.041020 241.564900
67.318270 242.492800 69.190200 242.556000
66.332240 243.344200 68.217750 243.399200
65.260110 243.991900 67.165760 244.046100
64.140300 244.474300 66.047060 244.562200
62.867510 244.772700 64.744760 244.926400
61.458940 244.926000 63.303300 245.085600
59.947420 244.952000 61.765180 245.171900
58.335370 244.902100 60.112340 245.138000
56.595980 244.824000 58.319790 245.092300
54.694040 244.743800 56.357160 245.077400
52.650420 244.604800 54.268440 245.024800
50.451970 244.390700 51.980290 244.994700
48.058070 244.235000 49.533850 244.918200
45.515050 244.100900 46.955010 244.910700
42.921790 243.969200 44.361730 244.889900
40.316590 243.840300 41.745630 244.883500
37.706940 243.722400 39.125240 244.848300
35.094890 243.629800 36.516850 244.778600
32.472950 243.489000 33.879820 244.634800
29.851950 243.348200 31.273410 244.519400
27.264200 243.258500 28.701300 244.406500
24.724050 243.174900 26.165210 244.368300
22.210390 243.091000 23.664450 244.388300
19.736330 242.979500 21.210930 244.261800
17.311070 242.850400 18.784950 244.193800
14.901790 242.682800 16.387100 244.064800
12.542000 242.455300 14.040560 243.961900
10.258080 242.218100 11.786610 243.716300
8.077281 241.997300 9.649439 243.553400
6.032146 241.805400 7.641730 243.419100
4.114420 241.647100 5.770569 243.279300
2.325909 241.523700 4.024093 243.184700
0.684853 241.422100 2.433697 243.119800
-0.804697 241.361800 0.996478 243.136400
-2.147061 241.322400 -0.295320 243.105600
-3.335045 241.321100 -1.426662 243.152600
-4.362696 241.347700 -2.395810 243.176900
-5.195608 241.375100 -3.155955 243.179700
-5.787975 241.411000 -3.665198 243.224900
-6.148943 241.435700 -3.784378 243.237000
-6.347609 241.453500 -3.878210 243.231100
-6.441034 241.457400 -3.953997 243.231800
-6.441440 241.456100 -3.953997 243.231800
-6.439927 241.462600 -3.953997 243.231800
-6.440440 241.482800 -3.953997 243.231800
-6.480607 241.498100 -3.953997 243.231800
-6.560264 241.507700 -4.019935 243.244400
-6.742488 241.516100 -4.075238 243.249400
-7.099251 241.541700 -4.149888 243.253600
-7.627305 241.597900 -4.178911 243.257300
-8.293171 241.705000 -4.188049 243.259000
-9.050632 241.890800 -4.203845 243.263300
-9.863606 242.207700 -4.237767 243.277400
-10.727660 242.661600 -4.297128 243.309900
-11.566170 243.294100 -4.400705 243.395000
-12.317670 244.121800 -4.587382 243.626700
-12.969870 245.164100 -4.836345 244.031500
-13.469580 246.441200 -5.066267 244.614900
-13.828110 247.877300 -5.239062 245.348500
-14.057520 249.558000 -5.331842 246.185900
-14.176210 251.405900 -5.371750 247.118900
-14.264690 253.405000 -5.390263 248.145300
-14.328890 255.544200 -5.396814 249.239000
-14.399650 257.837600 -5.425123 250.422100
-14.471380 260.263200 -5.446222 251.753000
-14.561590 262.807800 -5.482989 253.212500
-14.652820 265.491700 -5.502915 254.843100
-14.739760 268.254400 -5.526406 256.636800
-14.858340 271.134800 -5.563798 258.587400
-14.973530 274.134700 -5.626551 260.680200
-15.069550 277.175700 -5.683544 262.919000
-15.175210 280.293600 -5.729077 265.306100
-15.297230 283.446400 -5.783545 267.809100
-15.436590 286.619600 -5.860404 270.452000
-15.585790 289.810900 -5.981132 273.188000
-15.736240 292.959600 -6.082685 276.027400
-15.885310 296.071900 -6.222362 278.991400
-16.046970 299.165600 -6.364551 282.020000
-16.219660 302.246300 -6.498804 285.109600
-16.389710 305.314100 -6.625335 288.262300
-16.559690 308.378300 -6.735126 291.421700
-16.709350 311.458900 -6.884229 294.617900
-16.839300 314.563300 -7.059555 297.781500
-16.972270 317.709200 -7.230585 300.902300
-17.118400 320.893100 -7.332816 304.008400
-17.281700 324.127200 -7.448324 307.089900
-17.454380 327.375400 -7.567917 310.170000
-17.614190 330.593900 -7.673330 313.236400
-17.775860 333.802500 -7.788848 316.311700
-17.959610 336.995200 -7.907285 319.408000
-18.128440 340.134300 -8.060804 322.538100
-18.295640 343.191900 -8.248374 325.711900
-18.453080 346.169000 -8.415967 328.926700
-18.632610 349.056200 -8.596531 332.175200
-18.817710 351.841100 -8.775658 335.406200
-18.986450 354.488400 -8.984081 338.611800
-19.124870 356.982400 -9.193383 341.819300
-19.220930 359.289500 -9.350327 344.979900
-19.310450 361.377700 -9.499719 348.065100
-19.390050 363.254000 -9.555881 351.071500
-19.458340 364.945900 -9.600683 353.998300
-19.552440 366.417400 -9.733950 356.818300
-19.716910 367.755600 -9.978001 359.505400
-19.992010 369.044200 -10.372790 362.032700
-20.413100 370.267200 -11.133980 364.283400
-20.994480 371.390500 -12.219270 366.158700
-21.767920 372.412000 -13.412080 367.689200
-22.740410 373.381300 -14.606660 368.973600
-23.931400 374.199500 -15.854890 369.867100
-25.311900 374.775400 -17.138810 370.370500
-26.849130 375.102700 -18.436690 370.649400
-28.541320 375.088500 -19.748590 370.668700
-30.331610 374.930400 -21.024550 370.562000
-32.178580 374.714400 -22.288680 370.431200
-34.124600 374.519300 -23.629910 370.295500
-36.192510 374.312000 -25.006450 370.190600
-38.360350 374.089000 -26.487010 370.062600
-40.674090 373.890900 -28.031030 369.951500
-43.125350 373.717400 -29.696950 369.863000
-45.733890 373.570600 -31.452990 369.800200
-48.422050 373.450300 -33.300420 369.738500
-51.153580 373.336900 -35.203470 369.663100
-53.919190 373.217300 -37.248590 369.603700
-56.668140 373.082400 -39.386920 369.511000
-59.399580 372.949600 -41.653240 369.421800
-62.128270 372.797100 -44.065230 369.299600
-64.827270 372.599800 -46.621910 369.168400
-67.509200 372.402100 -49.290140 368.995600
-70.186170 372.208700 -52.000940 368.811900
-72.845340 372.028400 -54.757830 368.606400
-75.495320 371.886100 -57.509490 368.440400
-78.116050 371.787300 -60.243530 368.337100
-80.717850 371.718500 -62.972930 368.296500
-83.311780 371.694800 -65.693940 368.264100
-85.842710 371.709900 -68.380600 368.256800
-88.215690 371.734100 -71.068660 368.346600
-90.402660 371.755300 -73.733430 368.363400
-92.376860 371.747200 -76.389040 368.463000
-94.181170 371.700000 -79.018700 368.433200
-95.954170 371.610100 -81.618110 368.249800
-97.692900 371.484000 -84.199020 368.006000
-99.428840 371.332400 -86.754100 367.763300
-101.212400 371.150100 -89.173110 367.536400
-103.049100 370.929900 -91.405860 367.256000
-104.963700 370.712900 -93.440260 367.017400
-106.999900 370.469800 -95.268210 366.813900
-109.147400 370.218500 -97.041330 366.630500
-111.413900 369.990500 -98.784070 366.475100
-113.850400 369.787500 -100.513200 366.344300
-116.381500 369.587900 -102.276900 366.176900
-119.079000 369.402000 -104.104700 366.066800
-121.870500 369.312400 -105.999200 366.047000
-124.798000 369.251000 -108.000900 366.019000
-127.749200 369.222000 -110.141000 366.011700
-130.738100 369.191300 -112.355400 366.000400
-133.724900 369.151000 -114.779900 365.993600
-136.693200 369.116700 -117.264100 365.971000
-139.640200 369.026200 -119.936500 365.866100
-142.545400 368.909400 -122.675500 365.720900
-145.452900 368.800400 -125.578600 365.612300
-148.326000 368.653700 -128.507800 365.422200
-151.184500 368.483700 -131.482600 365.212200
-154.029500 368.306700 -134.475200 365.045700
-156.834000 368.110800 -137.431800 364.880700
-159.601600 367.929800 -140.395700 364.710100
-162.352900 367.769700 -143.304600 364.573500
-165.025300 367.622800 -146.209400 364.407600
-167.587100 367.473600 -149.100800 364.293700
-169.989700 367.347100 -151.951300 364.125300
-172.229800 367.237400 -154.811200 364.043400
-174.255000 367.118500 -157.632400 363.900700
-176.113500 366.976300 -160.410900 363.666900
-177.851600 366.825100 -163.163300 363.468800
-179.482200 366.619100 -165.859900 363.175700
-181.041000 366.257200 -168.396000 362.589400
-182.506900 365.700900 -170.694800 361.683000
-183.830900 364.922700 -172.653800 360.511200
-184.967900 363.901900 -174.206400 359.081500
-185.900600 362.645300 -175.366000 357.577600
-186.575700 361.163300 -176.133200 355.964600
-186.999600 359.497900 -176.598500 354.363200
-187.152300 357.675600 -176.773000 352.765400
-187.206000 355.773500 -176.876300 351.184900
-187.197400 353.800900 -176.914200 349.631900
-187.078300 351.712900 -176.887900 348.093200
-186.904300 349.515700 -176.814100 346.532200
-186.700200 347.199500 -176.745700 344.917100
-186.441500 344.761700 -176.610600 343.234700
-186.138100 342.245600 -176.477100 341.464500
-185.836200 339.600700 -176.351600 339.587500
-185.558800 336.870000 -176.241200 337.635900
-185.300200 334.088400 -176.135900 335.592400
-185.053400 331.295700 -176.035900 333.427500
-184.825700 328.513100 -175.942800 331.145700
-184.626700 325.706700 -175.865800 328.733800
-184.418100 322.895600 -175.776900 326.227600
-184.219300 320.049800 -175.708700 323.609800
-184.077900 317.187100 -175.663100 320.888600
-183.933200 314.300800 -175.602000 318.107200
-183.761600 311.460200 -175.571600 315.296700
-183.601800 308.616200 -175.536800 312.503600
-183.458100 305.794900 -175.461600 309.698100
-183.343100 303.000200 -175.396600 306.883400
-183.261300 300.211900 -175.355000 304.040400
-183.178800 297.450000 -175.350300 301.175800
-183.090500 294.684900 -175.308100 298.288900
-182.927300 291.908300 -175.222700 295.430000
-182.766600 289.099200 -175.172900 292.580000
-182.613800 286.267300 -175.111400 289.750500
-182.441900 283.385600 -175.028800 286.937800
-182.300400 280.490600 -174.979600 284.153200
-182.149900 277.557000 -174.945400 281.375800
-182.001400 274.627800 -174.922700 278.606600
-181.823500 271.689000 -174.864800 275.844600
-181.638500 268.767800 -174.725300 273.032600
-181.424600 265.787800 -174.601700 270.218600
-181.219800 262.838200 -174.521500 267.338000
-181.009300 259.844900 -174.424400 264.452600
-180.770400 256.828000 -174.315700 261.512900
-180.561000 253.860400 -174.166000 258.590800
-180.372700 250.908200 -174.091000 255.646900
-180.191000 247.979500 -174.004000 252.713300
-180.025600 245.104800 -173.934900 249.748500
-179.890000 242.301100 -173.891100 246.770300
-179.765100 239.629200 -173.809100 243.806600
-179.603400 237.077700 -173.699100 240.764600
-179.486600 234.610600 -173.678100 237.779900
-179.426200 232.293500 -173.649600 234.814800
-179.384800 230.153000 -173.674900 231.865300
-179.372900 228.203000 -173.762300 228.974100
-179.353200 226.445600 -173.793700 226.131800
-179.284500 224.889700 -173.730600 223.415300
-179.159500 223.520400 -173.559800 220.822300
-178.892900 222.222300 -173.103200 218.364100
-178.440800 221.019500 -172.305700 216.133400
-177.799300 219.912400 -171.249200 214.199400
-176.993100 218.868700 -170.041600 212.591600
-175.953700 217.908600 -168.796300 211.265600
-174.646400 217.098800 -167.451300 210.350900
-173.037500 216.423500 -166.184700 209.710500
-171.242400 215.987700 -164.896700 209.339500
-169.251700 215.748100 -163.606000 209.155300
-167.160900 215.651300 -162.343600 209.053400
-164.983800 215.579200 -161.028900 208.997500
-162.753200 215.542200 -159.649700 208.931200
-160.419600 215.517400 -158.163600 208.876700
-157.986900 215.494400 -156.495500 208.830200
-155.493900 215.476600 -154.706900 208.803700
-152.924600 215.528800 -152.737200 208.784700
-150.250300 215.556200 -150.654900 208.774300
-147.567100 215.656900 -148.509100 208.754000
-144.855900 215.751900 -146.292400 208.796900
-142.145800 215.896800 -144.004600 208.874200
-139.455100 216.087400 -141.592800 208.975600
-136.768400 216.330800 -139.130900 209.099400
-134.103700 216.562300 -136.598600 209.236200
-131.505400 216.803000 -133.955000 209.385900
-128.992800 217.018200 -131.276400 209.559200
-126.584900 217.191000 -128.573100 209.654000
-124.357100 217.330100 -125.859600 209.761700
-122.326100 217.418900 -123.161700 209.763000
-120.463500 217.466200 -120.457300 209.730000
-118.653600 217.497200 -117.781900 209.687100
-116.849600 217.495900 -115.148200 209.529400
-115.067800 217.514000 -112.601100 209.390400
-113.324000 217.535300 -110.146400 209.274300
-111.616000 217.623100 -107.847100 209.290200
-109.927700 217.875300 -105.754400 209.476800
-108.290900 218.301300 -103.886300 209.850500
-106.749500 218.945400 -102.168700 210.457600
-105.349200 219.793800 -100.567000 211.283400
-104.115500 220.834900 -99.122580 212.342100
-103.036000 222.051200 -97.873110 213.582500
-102.179100 223.400100 -96.866010 214.962500
-101.543200 224.848700 -96.089990 216.490800
-101.115700 226.383800 -95.512640 218.080100
-100.830600 227.968600 -95.073050 219.704900
-100.531100 229.501100 -94.640200 221.292100
-100.252100 231.017900 -94.220760 222.854400
-99.883990 232.463500 -93.666750 224.381000
-99.425550 233.824100 -93.030860 225.865800
-98.775880 234.872900 -92.127010 227.165500
-98.086100 235.806300 -91.047290 228.320000
-97.174270 236.468700 -89.701870 229.216500
-96.254150 236.931100 -88.242730 229.838400
-95.283150 237.358800 -86.767600 230.291500
-94.185080 237.674800 -85.283080 230.535600
-92.955310 237.898800 -83.832690 230.692000
-91.596850 238.102700 -82.514500 230.801300
-90.074690 238.248300 -81.339800 230.826000
-88.387450 238.391700 -80.201220 230.840700
-86.486290 238.540100 -79.143420 230.845400
-84.443490 238.650800 -78.100080 230.874500
-82.253860 238.746800 -76.988180 230.875800
-79.940140 238.872300 -75.775750 230.889700
-77.539590 239.011100 -74.447450 230.870300
-75.087440 239.150700 -72.972860 230.843500
-72.574930 239.313900 -71.334530 230.807500
-69.991910 239.446400 -69.498490 230.761300
-67.351620 239.548800 -67.501120 230.702300
-64.666360 239.657700 -65.356490 230.667100
-61.998030 239.808800 -63.090630 230.635900
-59.311750 239.952600 -60.696940 230.659100
-56.701950 240.109100 -58.266950 230.692900
-54.151130 240.267600 -55.772520 230.647600
-51.625940 240.427100 -53.211940 230.637800
-49.127390 240.564300 -50.585940 230.633800
-46.665870 240.712700 -47.913430 230.633300
-44.240570 240.886300 -45.228960 230.732700
-41.878960 241.088900 -42.546480 230.794000
-39.649020 241.312800 -39.893030 230.796900
-37.552430 241.539400 -37.331130 230.889000
-35.488740 241.743100 -34.785000 230.940100
-33.456700 241.939000 -32.279590 230.968500
-31.533090 242.124800 -29.792760 230.975600
-29.764560 242.287900 -27.357050 230.992200
-28.172420 242.408100 -24.955860 230.946300
-26.747170 242.468900 -22.671420 230.870600
-25.460260 242.473300 -20.536230 230.711800
-24.318710 242.437400 -18.471680 230.491100
-23.324200 242.322300 -16.446330 230.128800
-22.483780 242.186900 -14.512520 229.711500
-21.843230 242.069500 -12.734390 229.300300
-21.357270 241.937100 -11.156690 228.792700
-20.874950 241.791000 -9.788073 228.241000
-20.410090 241.641000 -8.566201 227.707500
-19.938580 241.453200 -7.527401 227.138400
-19.330890 241.150500 -6.631982 226.587600
-18.603550 240.674100 -5.879071 226.091800
-17.817550 240.000300 -5.359482 225.592900
-17.047940 239.130000 -5.035442 225.169100
-16.371440 238.041100 -4.805026 224.717400
-15.819140 236.731500 -4.644063 224.256100
-15.431720 235.164300 -4.569127 223.771700
-15.160930 233.366900 -4.525022 223.162800
-14.985430 231.359800 -4.526401 222.343000
-14.879450 229.166100 -4.557956 221.375200
-14.834570 226.783800 -4.609071 220.257300
-14.805910 224.227300 -4.678773 219.022300
-14.776150 221.503700 -4.761002 217.612700
-14.726190 218.625200 -4.829675 216.075700
-14.646810 215.602400 -4.891245 214.329900
-14.509690 212.459600 -4.946499 212.380500
-14.353480 209.201300 -5.001869 210.249200
-14.179740 205.869600 -5.028896 207.922400
-13.962380 202.478800 -5.056479 205.425500
-13.739120 199.045100 -5.061264 202.753300
-13.514930 195.572200 -5.089431 199.922400
-13.275440 192.054900 -5.064749 196.944300
-13.052000 188.499600 -5.093939 193.835600
-12.854570 184.884700 -5.127122 190.611000
-12.675140 181.220200 -5.216282 187.294300
-12.508030 177.502000 -5.356039 183.919100
-12.341190 173.718700 -5.445915 180.489700
-12.175010 169.898000 -5.562303 177.025300
-12.018250 166.028100 -5.663994 173.515000
-11.841350 162.134100 -5.764060 169.969000
-11.655180 158.220500 -5.808994 166.366700
-11.466580 154.287300 -5.926915 162.718400
-11.281310 150.320000 -5.953577 159.008300
-11.057620 146.379100 -6.047954 155.246700
-10.815240 142.443600 -6.078122 151.433600
-10.570550 138.517900 -6.152615 147.577500
-10.333980 134.639100 -6.188718 143.678900
-10.123240 130.785800 -6.230712 139.772500
-9.914350 127.027500 -6.244636 135.838800
-9.696148 123.395700 -6.300059 131.875600
-9.493383 119.914400 -6.312608 127.917300
-9.310280 116.607700 -6.373530 123.967100
-9.151332 113.442300 -6.446258 120.036100
-9.017561 110.482000 -6.543159 116.127900
-8.888960 107.744800 -6.639033 112.255800
-8.774269 105.222900 -6.791464 108.463200
-8.679794 102.918000 -6.927081 104.774400
-8.504861 100.812800 -6.889409 101.238900
-8.163715 98.919720 -6.526115 97.895210
-7.618518 97.243660 -5.641713 94.797700
-6.858427 95.725240 -4.458622 92.019170
-5.899838 94.392380 -2.932460 89.649980
-4.759829 93.253900 -1.129940 87.781630
-3.450087 92.348760 0.726654 86.310920
-1.973871 91.691730 2.667268 85.319420
-0.436803 91.261860 4.543095 84.690640
1.138073 91.026340 6.318944 84.361540
2.751248 90.881970 8.010916 84.118220
4.431705 90.766140 9.658431 83.942160
6.211745 90.683570 11.274050 83.774480
8.081090 90.578530 12.858730 83.609450
10.076580 90.469280 14.476550 83.466920
12.205890 90.365360 16.069310 83.293610
14.489810 90.290310 17.651770 83.142850
16.910510 90.321490 19.257390 83.051150
19.453620 90.459650 20.909910 83.028070
22.045730 90.671110 22.663330 83.076030
24.644280 90.895340 24.499490 83.124700
27.207850 91.064010 26.456070 83.090130
29.764780 91.130150 28.533560 82.958080
32.287690 91.085550 30.753020 82.715680
34.803420 90.937800 33.107450 82.417860
37.325120 90.728940 35.591580 82.040120
39.896170 90.508470 38.149410 81.650250
42.547960 90.289960 40.733500 81.266220
45.244630 90.097810 43.294870 80.944000
47.943020 89.903610 45.834650 80.592100
50.617990 89.629730 48.331920 80.176320
53.252150 89.185630 50.776710 79.572740
55.814150 88.557720 53.185170 78.818210
58.313300 87.791630 55.578260 77.911070
60.805470 86.920740 58.012630 76.901730
63.322020 85.994100 60.464560 75.783360
65.833720 85.055040 62.919710 74.643070
68.406220 84.080780 65.363700 73.495990
70.998610 83.045350 67.778940 72.342700
73.578520 81.879280 70.128520 71.114730
76.170160 80.586970 72.405200 69.819850
78.819830 79.219290 74.646860 68.466830
81.480420 77.842690 76.937600 67.072120
84.108690 76.469870 79.242860 65.732820
86.695220 75.055290 81.575350 64.306360
89.188920 73.556030 83.855960 62.721890
91.573040 71.968490 86.090920 61.007960
93.850380 70.285940 88.289060 59.173750
96.020560 68.521450 90.490090 57.188210
98.103890 66.740880 92.635430 55.096680
100.107700 65.034010 94.784770 53.035640
101.996900 63.459780 96.956540 51.039330
103.764900 62.070330 99.142790 49.091910
105.408600 60.801050 101.319400 47.208950
107.003200 59.530310 103.410200 45.285830
108.589500 58.247390 105.474100 43.382070
110.134700 56.970520 107.477200 41.481650
111.717500 55.637520 109.413700 39.633520
113.353400 54.247110 111.231600 37.885920
115.077800 52.831180 112.948900 36.322940
116.904200 51.439420 114.551500 34.941860
118.836800 50.054850 116.131100 33.645220
120.853600 48.602090 117.704000 32.338800
122.938000 47.083700 119.256300 31.061090
125.092700 45.485300 120.809500 29.740070
127.330000 43.820780 122.441600 28.391820
129.637600 42.087830 124.126500 26.960250
131.967100 40.344760 125.881700 25.520790
134.297900 38.609850 127.683500 24.004810
136.621900 36.849050 129.561000 22.446030
138.949900 35.131110 131.529900 20.816520
141.293500 33.464730 133.566900 19.136750
143.603900 31.795640 135.698500 17.384560
145.871800 30.121580 137.896600 15.572600
148.133300 28.418200 140.092300 13.650030
150.347600 26.750990 142.302300 11.778370
152.506100 25.137140 144.554300 9.917223
154.521200 23.603510 146.765100 8.044425
156.409800 22.104300 148.935500 6.150677
158.102600 20.729550 151.056000 4.232298
159.605700 19.470090 153.122600 2.296098
161.034400 18.328640 155.235900 0.428911
162.527500 17.369930 157.525700 -1.177241
164.102000 16.690040 159.955900 -2.398851
165.725700 16.231240 162.385500 -3.314443
167.465400 15.980230 164.773900 -3.805924
169.275300 15.912810 167.032100 -4.063375
171.157200 15.957740 169.048300 -4.185864
173.098700 15.972680 170.908000 -4.329051
175.120500 15.945180 172.683400 -4.485153
177.167200 15.872150 174.421300 -4.680306
179.305300 15.756280 176.096800 -4.887169
181.477000 15.604010 177.812100 -5.139480
183.703700 15.412020 179.580800 -5.392939
185.980700 15.238130 181.417500 -5.671203
188.280500 15.072990 183.313600 -5.934458
190.577500 14.896800 185.298800 -6.204476
192.894300 14.714610 187.314600 -6.473109
195.244200 14.510220 189.404200 -6.774722
197.633500 14.283820 191.549500 -7.103654
200.090000 14.030130 193.728400 -7.477603
202.592100 13.785300 195.972900 -7.820946
205.104900 13.534110 198.240000 -8.195882
207.640700 13.310070 200.521900 -8.540513
210.148900 13.111090 202.808200 -8.839584
212.697300 12.915740 205.139800 -9.161510
215.224700 12.737830 207.497000 -9.486375
217.808000 12.513180 209.912800 -9.855291
220.389500 12.282700 212.389200 -10.221150
223.037500 12.068550 214.884100 -10.576030
225.699900 11.872960 217.403000 -10.929630
228.380800 11.657570 219.895800 -11.294980
231.063800 11.400770 222.425600 -11.667110
233.768800 11.157120 224.927700 -12.017130
236.452700 10.908570 227.475700 -12.404960
239.115400 10.628320 230.024400 -12.847950
241.756200 10.390980 232.629000 -13.259330
244.376200 10.177670 235.256000 -13.691130
246.942400 9.977031 237.910700 -14.077660
249.503100 9.796410 240.576700 -14.504590
251.962400 9.616742 243.253100 -14.862610
254.329800 9.452561 245.940500 -15.212890
256.557200 9.297183 248.593900 -15.547750
258.681500 9.140396 251.244100 -15.896900
260.487900 8.870715 253.837200 -16.304070
262.171000 8.558198 256.395800 -16.753090
263.852900 8.246051 258.891900 -17.373130
265.533700 7.934305 261.309800 -18.030350
267.212200 7.623220 263.635800 -18.640380
268.719700 7.309828 265.822900 -19.295220
269.768600 7.040605 267.872800 -19.948280
270.654800 6.869143 269.763300 -20.468200
271.433400 6.780906 271.451200 -20.744500
272.188300 6.798910 273.157800 -20.850550
272.939800 6.915555 274.858600 -20.705110
273.674100 7.139266 276.508400 -20.276300
274.435500 7.486302 278.091100 -19.644290
275.206100 8.021776 279.074800 -19.058880
275.841400 9.123003 279.745600 -18.371540
276.399700 10.403880 280.258100 -17.745940
276.938800 11.672800 280.615400 -17.065930
277.461700 12.927990 280.884000 -16.348350
277.969300 14.165350 281.131200 -15.623530
278.402000 15.600760 281.327300 -14.875310
278.675500 17.540870 281.502300 -13.989950
278.887100 19.689590 281.661200 -12.835010
279.050300 22.004090 281.838100 -11.443960
279.153100 24.513040 281.977800 -10.065040
279.310000 27.147550 282.140900 -8.708279
279.492000 29.910160 282.320100 -7.375451
279.682000 32.722430 282.510200 -6.066116
279.891600 35.618700 282.776400 -4.166460
280.117300 38.587970 283.109400 -2.113085
280.340800 41.563150 283.433000 0.141772
280.553900 44.602790 283.749000 2.570996
280.757500 47.669170 284.084900 5.150437
280.966700 50.717990 284.433800 7.860206
281.189800 53.763250 284.867100 10.627230
281.387500 56.840290 285.262500 13.471440
281.609200 59.915920 285.683000 16.406330
281.892800 62.993940 286.111700 19.350150
282.168100 66.061440 286.605900 22.348970
282.386200 69.137860 287.033300 25.373510
282.581400 72.205720 287.424600 28.414920
282.741100 75.260420 287.781100 31.448020
282.945600 78.300480 288.194300 34.505060
283.185400 81.322840 288.578700 37.561430
283.441700 84.363870 289.024400 40.619190
283.683800 87.353300 289.477900 43.656890
283.940100 90.352150 289.923200 46.723750
284.231300 93.355260 290.406300 49.745260
284.541900 96.345100 290.928500 52.772800
284.938000 99.320580 291.543100 55.752290
285.395000 102.259500 292.194000 58.734310
285.844100 105.163200 292.813900 61.694670
286.321900 108.053700 293.491400 64.653130
286.793800 110.912200 294.203600 67.557210
287.216900 113.736500 294.850600 70.514650
287.630900 116.518500 295.463800 73.443970
288.058700 119.219300 296.100100 76.393010
288.448800 121.780900 296.713300 79.312200
288.846400 124.280600 297.316800 82.202690
289.285300 126.630100 298.040700 85.040170
289.743500 128.835400 298.848000 87.828030
290.213000 130.821100 299.713700 90.573000
290.683600 132.626000 300.575200 93.258440
291.166200 134.262000 301.525800 95.869570
291.580800 135.832500 302.378600 98.355800
291.961700 137.426400 303.050200 100.813300
292.194000 139.020100 303.538000 103.201100
292.237900 140.604400 303.759200 105.486300
291.762300 142.158200 303.565400 107.593800
290.662500 143.578100 303.129900 109.453100
289.562400 144.964600 302.456700 111.076700
288.468100 146.318100 301.509700 112.408700
287.386000 147.641500 300.360900 113.571600
286.399400 148.976200 299.081000 114.565300
284.571900 149.919400 297.723200 115.381600
282.598600 150.835500 296.317000 116.174400
280.553400 151.805400 294.750300 117.069700
278.418500 152.847000 293.205300 117.950100
276.187000 153.972900 291.676700 118.804400
273.848800 155.201700 290.213200 119.708300
271.423500 156.516000 288.794800 120.623400
268.909500 157.880900 287.190100 121.615000
266.393100 159.278800 285.364700 122.762400
263.831700 160.712200 283.493600 123.975700
261.343100 162.229400 281.596600 125.335400
258.927700 163.839100 279.625500 126.801600
256.567900 165.515700 277.595500 128.418400
254.220600 167.219800 275.475600 130.131800
251.812400 168.915300 273.245100 131.872900
249.342900 170.564800 270.952300 133.602800
246.829700 172.171100 268.582700 135.305700
244.268800 173.728400 266.154400 136.943600
241.687800 175.211100 263.694200 138.488600
239.066600 176.646400 261.241000 140.031000
236.435100 178.027700 258.743800 141.487100
233.828600 179.391700 256.231900 143.005300
231.251200 180.752600 253.684300 144.530500
228.707700 182.113100 251.167700 146.097200
226.214900 183.484500 248.625900 147.710100
223.769900 184.811700 246.082800 149.268100
221.367300 186.107100 243.528700 150.804700
219.059200 187.344000 240.991200 152.375500
216.843700 188.521200 238.476300 153.916900
214.730300 189.612200 235.964300 155.427100
212.761600 190.600600 233.454900 156.858000
210.934100 191.518800 231.001600 158.318500
209.293500 192.364900 228.588200 159.757300
207.831400 193.113300 226.211500 161.128900
206.576700 193.798300 223.942500 162.530500
205.539900 194.395600 221.789600 163.866300
204.729700 194.901600 219.717700 165.154600
204.122300 195.321500 217.964500 166.561400
203.546300 195.745200 216.298100 167.838800
203.042900 196.282400 214.837500 169.083400
202.515700 196.788100 213.610500 170.267100
201.945400 197.325500 212.490700 171.273500
201.195300 198.000000 211.560100 172.135600
200.227400 198.808500 210.784500 172.832700
199.076800 199.760000 210.209000 173.370400
197.730700 200.791700 209.661200 173.831100
196.253000 201.872000 209.097800 174.298300
194.623700 202.967100 208.514400 174.732900
192.619800 204.117900 207.899000 175.168300
190.615300 205.269000 207.130900 175.670300
188.611600 206.419500 206.139800 176.318400
186.608000 207.569800 204.940500 177.067700
184.604500 208.720100 203.547000 177.929000
182.452000 209.923800 202.047300 178.900800
180.162600 211.202300 200.437800 179.941700
177.855000 212.473600 198.557400 181.105600
175.554100 213.761200 196.601800 182.338000
173.260900 215.031900 194.668600 183.605000
171.006800 216.296100 192.732500 184.865800
168.770100 217.549300 190.790200 186.115300
166.635700 218.725900 188.792800 187.404900
164.640400 219.823800 186.606000 188.815500
162.800000 220.792300 184.336700 190.160100
161.109900 221.618400 182.043900 191.451900
159.510500 222.334400 179.733200 192.702500
157.845500 222.860900 177.307700 193.636300
156.181300 223.202900 174.823300 194.275000
154.511100 223.364000 172.351900 194.590900
152.786900 223.350100 170.023200 194.718000
150.969000 223.245000 167.878000 194.728800
149.048400 223.060600 165.932400 194.684800
146.999200 222.886700 164.161900 194.651800
144.811400 222.709100 162.417100 194.639400
142.452400 222.507300 160.704500 194.576700
139.985700 222.307100 159.029400 194.558400
137.342300 222.162600 157.324600 194.567400
134.568800 222.029900 155.536100 194.586800
131.695500 221.932100 153.644100 194.627900
128.711000 221.803000 151.628100 194.659300
125.647300 221.650100 149.481300 194.650400
122.615400 221.500000 147.167900 194.658300
119.543800 221.309500 144.727900 194.660500
116.511500 221.102100 142.135900 194.648100
113.516800 220.903600 139.399900 194.631800
110.545200 220.708000 136.554500 194.632700
107.636200 220.532300 133.610500 194.599100
104.717200 220.373700 130.548100 194.634700
101.840600 220.218600 127.510500 194.624500
98.994700 220.067300 124.442100 194.615800
96.181550 219.895100 121.379600 194.618200
93.438620 219.686500 118.380400 194.569400
90.855460 219.500600 115.384300 194.473900
88.388610 219.326300 112.455400 194.360100
86.123680 219.157800 109.545500 194.214800
84.049970 219.045300 106.648000 194.201700
82.152880 219.016300 103.792500 194.302700
80.388010 219.115100 100.976200 194.638000
78.664760 219.366200 98.251890 195.154200
77.016290 219.796000 95.722680 195.917300
75.461480 220.446100 93.476080 197.064400
74.069090 221.411200 91.607040 198.466600
72.862850 222.604000 90.189450 200.057300
71.841850 224.015300 89.091250 201.672400
71.023420 225.699900 88.411890 203.336400
70.421670 227.540000 88.001930 205.036200
70.034550 229.518400 87.770480 206.730900
69.813760 231.610700 87.712510 208.416300
69.670080 233.800300 87.724240 210.100400
69.603690 236.022800 87.770250 211.815500
69.545910 238.342600 87.828050 213.538200
69.499400 240.719700 87.894180 215.370600
69.469400 243.192800 87.995250 217.273700
69.384530 245.776400 88.029590 219.242800
69.232580 248.432800 88.051900 221.311600
69.094640 251.146000 88.091510 223.483700
68.950990 253.982700 88.126240 225.693900
68.811860 256.917100 88.148430 227.975400
68.650580 259.920100 88.236150 230.332300
68.462200 263.082100 88.276860 232.768000
68.288560 266.252800 88.282270 235.318200
68.096650 269.464100 88.304170 237.952300
67.903830 272.683000 88.338490 240.645500
67.721470 275.872400 88.379070 243.444500
67.525460 279.043300 88.408290 246.349700
67.317450 282.219100 88.443850 249.327800
67.111650 285.343500 88.452740 252.453800
66.901350 288.508400 88.484730 255.611900
66.688140 291.652400 88.515990 258.825200
66.478800 294.782200 88.562210 262.044800
66.289190 297.878200 88.603460 265.241000
66.078070 300.944500 88.591890 268.427100
65.826270 304.008500 88.613620 271.610900
65.573590 307.018200 88.587380 274.750200
65.274710 310.032300 88.546280 277.909300
64.924470 313.030600 88.439740 281.059200
64.540610 315.995300 88.289760 284.195800
64.089990 318.947600 88.051080 287.299400
63.671720 321.903700 87.856240 290.366400
63.304260 324.895900 87.757130 293.442400
62.967580 327.898100 87.639290 296.473600
62.699080 330.909200 87.603190 299.505500
62.553590 333.929000 87.631720 302.511000
62.402330 336.963400 87.658550 305.510700
62.266570 340.021300 87.684350 308.495100
62.116500 343.035800 87.776780 311.475900
61.993500 346.032900 87.857340 314.476700
61.866370 348.989100 87.895060 317.498600
61.760870 351.857800 87.971290 320.505000
61.679290 354.611700 88.080160 323.540200
61.586300 357.261400 88.222050 326.554200
61.550600 359.776900 88.363120 329.592100
61.577240 362.145700 88.562020 332.633400
61.603020 364.290800 88.740880 335.618500
61.628690 366.323100 88.982370 338.581800
61.649880 368.352400 89.203820 341.483400
61.624730 370.355800 89.406420 344.258800
61.511180 372.339500 89.399270 346.943200
61.271590 374.388200 89.272560 349.500500
60.966710 376.528400 89.123950 351.919400
60.637150 378.796200 88.965210 354.130700
60.324540 381.208000 88.813270 356.176200
60.065570 383.741300 88.739100 358.196500
59.884830 386.413700 88.761780 360.214000
59.789830 389.195600 88.837290 362.194600
59.765420 392.106700 88.965450 364.220200
59.766400 395.121300 89.102460 366.339100
59.728620 398.268800 89.215320 368.575400
59.673270 401.492900 89.347770 370.962800
59.575390 404.694600 89.402060 373.453300
59.425140 407.916600 89.478290 376.098100
59.267000 411.104300 89.529040 378.834800
59.084670 414.257800 89.551390 381.709700
58.913680 417.417100 89.641230 384.674900
58.748810 420.528100 89.707160 387.786700
58.574140 423.604200 89.770030 390.988400
58.437200 426.635400 89.837910 394.191000
58.286850 429.523300 89.917690 397.414800
58.117570 432.280500 89.971150 400.607500
57.924100 434.902000 90.006820 403.772000
57.663190 437.382700 89.979280 406.933800
57.368250 439.710400 89.846750 410.063500
57.036690 441.889000 89.615030 413.144700
56.656850 443.874800 89.279640 416.179200
56.323860 445.645400 88.934540 419.100500
56.148660 447.270100 88.873090 421.901200
56.616130 448.530800 89.229260 424.537500
57.333540 449.649800 90.020330 426.942100
58.025620 450.723300 91.290360 428.962500
58.683230 451.752100 92.817780 430.606100
59.300760 452.745900 94.575370 431.719900
60.051910 453.493100 96.321000 432.381400
61.232100 453.863600 97.951140 432.740000
62.575150 454.072200 99.437300 432.820600
64.075560 454.193600 100.779400 432.826000
65.729870 454.237800 102.070200 432.725300
67.536180 454.320400 103.314900 432.666700
69.481920 454.413600 104.498000 432.610000
71.568440 454.517900 105.641300 432.588400
73.783230 454.637300 106.856600 432.570700
76.158670 454.789800 108.161100 432.550300
78.646770 454.943100 109.606200 432.529900
81.225870 455.115600 111.215200 432.528300
83.916780 455.302300 112.967700 432.517100
86.702020 455.456700 114.863700 432.490900
89.526350 455.578300 116.910200 432.424200
92.412350 455.733700 119.075100 432.428500
95.328570 455.895400 121.408400 432.364100
98.249890 456.054300 123.858700 432.311400
101.184100 456.224200 126.415100 432.236700
104.093100 456.393100 129.063800 432.162800
106.998900 456.525600 131.833200 432.021800
109.897200 456.654500 134.639600 431.912400
112.749700 456.816600 137.508400 431.867700
115.610200 456.965500 140.423600 431.783600
118.400100 457.099300 143.337700 431.651000
121.145900 457.258900 146.270600 431.618600
123.876500 457.448100 149.192600 431.551300
126.583800 457.666500 152.093600 431.527900
129.241600 457.972700 155.001500 431.623500
131.877300 458.360200 157.861100 431.797600
134.472300 458.810900 160.711800 432.079500
137.047800 459.328100 163.508700 432.383800
139.578900 459.909300 166.237800 432.806000
142.082300 460.548100 168.928500 433.298400
144.536100 461.240400 171.599500 433.829000
146.935100 462.035700 174.220700 434.425000
149.323900 462.890800 176.807200 435.042500
151.645200 463.789700 179.362000 435.762000
153.953700 464.746000 181.854500 436.535500
156.216300 465.719100 184.343700 437.339700
158.442000 466.755000 186.741200 438.256200
160.610800 467.844100 189.106200 439.257200
162.721500 468.976400 191.419200 440.251500
164.765200 470.136200 193.699600 441.359600
166.772400 471.335900 195.921700 442.508900
168.632200 472.526000 198.122500 443.669700
170.346500 473.697400 200.253300 444.915400
171.909300 474.797000 202.368900 446.163700
173.302800 475.783300 204.452300 447.415900
174.556500 476.625400 206.594300 448.515400
175.656700 477.273900 208.726200 449.515900
176.667400 477.791400 210.900300 450.417100
177.693700 478.199200 213.070800 451.026300
178.769200 478.445200 215.167800 451.334400
179.820200 478.560500 217.134900 451.394500
180.911200 478.531600 218.902000 451.239700
182.068600 478.323700 220.426800 450.844600
183.262200 477.935100 221.671000 450.302400
184.488300 477.285200 222.646800 449.678100
185.759400 476.306800 223.482700 448.931000
187.077400 475.006900 224.211600 448.086400
188.478700 473.464500 224.855200 447.224000
189.953700 471.703500 225.456900 446.359100
191.518900 469.725200 226.097800 445.402700
193.208300 467.608400 226.780000 444.366700
195.017400 465.320900 227.519200 443.248000
196.863700 462.933100 228.353400 441.967100
198.729100 460.522700 229.320200 440.488000
200.614200 458.121400 230.435300 438.821100
202.510500 455.730200 231.655100 436.959800
204.411000 453.358300 233.023200 434.929800
206.321800 451.001000 234.506500 432.735500
208.222000 448.665100 236.131800 430.393300
210.114400 446.337900 237.818200 427.918100
211.976500 444.014500 239.501900 425.381100
213.836200 441.706600 241.226600 422.862300
215.683700 439.420500 242.925500 420.329800
217.555600 437.143300 244.640800 417.808100
219.471300 434.824100 246.373800 415.319800
221.450500 432.447100 248.114700 412.852100
223.466700 430.017100 249.818200 410.380300
225.486700 427.604100 251.495500 407.908200
227.506500 425.191500 253.155700 405.452200
229.526100 422.779100 254.869300 403.051600
231.545400 420.367100 256.599600 400.682500
233.564400 417.955300 258.358400 398.263800
235.559300 415.588300 260.132800 395.765300
237.436800 413.389000 261.951700 393.219200
238.780200 411.507400 263.758000 390.621900
239.937800 409.690800 265.554100 388.038900
241.095100 407.877000 267.120300 385.314100
242.251200 406.068000 268.550500 382.516000
243.408000 404.262500 269.470600 379.510800
244.011000 402.484000 269.887900 376.400400
244.001400 400.839200 269.683700 373.473000
243.616800 399.284000 268.899800 371.075200
242.890100 397.828700 267.759500 369.250600
241.873600 396.462000 266.337600 367.643400
240.631500 395.201500 264.713500 366.251500
239.221600 394.033800 262.964200 365.024200
237.618600 392.957600 261.242100 364.037400
235.793400 391.994800 259.712400 363.392700
233.764600 391.138800 258.076600 362.832400
231.526900 390.407500 256.525400 362.452900
229.101900 389.773400 254.888200 362.136200
226.502900 389.204300 253.173000 361.895500
223.725900 388.759000 251.373700 361.737000
220.797800 388.372500 249.484300 361.643300
217.710700 387.983400 247.466500 361.563700
214.530600 387.607200 245.311400 361.451000
211.281800 387.245500 243.018900 361.385400
207.989900 386.906600 240.559400 361.318900
204.658000 386.595500 237.955400 361.263300
201.286800 386.304300 235.186800 361.241700
197.918900 386.031200 232.284500 361.238600
194.555800 385.786300 229.222800 361.310500
191.207200 385.554600 226.050400 361.341800
187.886200 385.358400 222.810800 361.421800
184.599200 385.187900 219.514000 361.485300
181.348200 385.028900 216.183900 361.585500
178.125300 384.880300 212.820700 361.650400
174.940200 384.732200 209.451500 361.764600
171.787000 384.605200 206.079500 361.855200
168.667500 384.479200 202.728700 362.044300
165.610000 384.375800 199.408000 362.229600
162.651900 384.300900 196.110900 362.447700
159.841600 384.253100 192.856100 362.642200
157.212800 384.244100 189.626400 362.872600
154.757500 384.238100 186.434800 362.995200
152.465500 384.177300 183.275000 363.107600
150.349500 384.033300 180.144200 363.104100
148.462800 383.774700 177.071400 362.917300
146.861800 383.342900 174.150000 362.316100
145.493000 382.652100 171.507600 361.228500
144.342900 381.710300 169.331100 359.658000
143.476000 380.548800 167.629200 357.824100
142.885900 379.215000 166.547100 355.753800
142.512900 377.743300 165.881600 353.680300
142.317800 376.136600 165.461600 351.741900
142.188100 374.395800 165.182900 350.021900
142.147200 372.567400 165.025200 348.451800
142.122900 370.607400 164.850000 346.946100
142.117600 368.494900 164.680600 345.497300
142.130800 366.233800 164.532200 344.052200
142.204400 363.814600 164.416700 342.574300
142.299400 361.231000 164.319600 341.008500
142.415300 358.474700 164.234300 339.312700
142.582500 355.558100 164.178600 337.513900
142.739700 352.539000 164.093600 335.605100
142.891900 349.439100 163.976800 333.544300
143.064500 346.281300 163.889200 331.339400
143.227100 343.091000 163.793500 328.970300
143.425200 339.887400 163.714200 326.443900
143.616200 336.700500 163.629500 323.745500
143.795900 333.502200 163.531200 320.880800
144.005700 330.337500 163.432300 317.880800
144.230000 327.130600 163.312700 314.806800
144.419100 323.896200 163.200200 311.667500
144.587400 320.591100 163.060500 308.489400
144.754600 317.239000 162.910600 305.287200
144.941900 313.833000 162.780400 302.094900
145.157300 310.363000 162.650200 298.895900
145.368500 306.861100 162.575300 295.723100
145.569800 303.322100 162.389800 292.526200
145.779600 299.781500 162.269600 289.308100
145.995800 296.224300 162.124600 286.019000
146.232800 292.723700 162.003400 282.687500
146.466500 289.221500 161.903700 279.290100
146.685200 285.746000 161.810600 275.839000
146.893800 282.281200 161.695800 272.345200
147.103700 278.834100 161.586700 268.817300
147.309200 275.380000 161.501300 265.268900
147.469000 272.014900 161.334200 261.713600
147.644100 268.640500 161.171200 258.185000
147.828000 265.287400 161.072600 254.689800
148.018700 262.011300 160.954900 251.200500
148.191600 258.776500 160.810600 247.732600
148.362500 255.568000 160.668500 244.289000
148.542700 252.484800 160.576600 240.825300
148.699400 249.530100 160.420700 237.416800
148.855100 246.697000 160.303000 234.060200
149.012000 244.059600 160.211900 230.686200
149.177500 241.565300 160.148000 227.379400
149.354100 239.240800 160.118000 224.129300
149.518500 237.141100 160.051700 220.906400
149.688400 235.241100 160.047400 217.765400
149.831600 233.536700 160.036700 214.771900
149.906300 232.004900 159.902200 211.887500
149.838700 230.619900 159.508700 209.220000
149.635100 229.344100 159.014500 206.718100
149.241300 228.150200 158.108000 204.515300
148.716100 227.039600 156.984800 202.655600
148.000700 226.008200 155.784300 201.101000
147.075700 225.048900 154.435100 199.958800
145.937600 224.217300 153.099600 199.108500
144.564400 223.496400 151.792300 198.530200
143.010800 222.963900 150.533700 198.214400
141.316600 222.568700 149.282400 198.026300
139.454500 222.334500 148.026300 197.963300
137.425000 222.166300 146.784600 197.951900
135.205500 222.050100 145.474600 197.978700
132.804000 221.961500 144.090800 198.037600
130.267400 221.919300 142.619100 198.128600
127.508700 221.882500 141.010200 198.255100
124.622700 221.854300 139.300300 198.355800
121.664000 221.830100 137.470900 198.464700
118.657200 221.763300 135.492600 198.573800
115.641600 221.685500 133.337600 198.700300
112.627300 221.570300 130.989700 198.765800
109.673500 221.356100 128.507300 198.810500
106.754900 221.166500 125.822600 198.883000
103.815900 220.977200 122.964900 198.964600
100.933900 220.822800 120.038500 199.091400
98.075460 220.656000 117.048900 199.206900
95.253020 220.487500 114.030900 199.309700
92.486910 220.344500 111.015300 199.406500
89.875370 220.223200 108.039100 199.545400
87.458400 220.103100 105.113100 199.615200
85.308900 219.940400 102.175400 199.715300
83.404740 219.814900 99.280340 199.882200
81.811460 219.719400 96.427220 200.159800
80.386560 219.682400 93.619620 200.542800
79.003730 219.767200 90.842700 200.831000
77.660700 220.007600 88.242680 201.334300
76.371580 220.406400 85.888820 202.154900
75.155860 220.960300 83.906270 203.159100
74.011040 221.726500 82.350170 204.384700
72.923470 222.715600 81.198580 205.630600
71.978870 223.872400 80.375390 206.850900
71.184520 225.266700 79.818880 208.118400
70.559680 226.755300 79.424080 209.446900
70.106430 228.212400 79.190840 210.765900
69.780350 229.717400 79.059070 212.111800
69.611080 231.273600 79.082020 213.456800
69.507330 232.885000 79.168000 214.901300
69.413710 234.508900 79.278850 216.384900
69.343880 236.144900 79.427370 217.956400
69.165330 237.775100 79.444060 219.577900
68.850580 239.377200 79.352770 221.121700
68.411010 240.827300 79.054190 222.621000
67.727420 242.111200 78.442210 224.038700
66.803100 243.182900 77.535840 225.339200
65.701790 244.107800 76.358280 226.459500
64.448250 244.782200 75.015610 227.383500
63.080800 245.260000 73.563030 228.131700
61.580750 245.474700 71.981510 228.543900
60.021940 245.545100 70.417920 228.805300
58.373630 245.501300 68.993480 229.018700
56.557790 245.387700 67.562890 229.148500
54.575700 245.267600 66.130290 229.238000
52.422320 245.171900 64.698820 229.380700
50.087930 245.081900 63.265820 229.513500
47.581640 245.008900 61.763100 229.633700
44.918970 244.937600 60.231850 229.812000
42.122820 244.817200 58.625830 229.963100
39.164720 244.672400 56.868380 230.100200
36.057060 244.510700 54.949090 230.226300
32.840100 244.318200 52.855280 230.399500
29.595440 244.119000 50.584790 230.537300
26.356030 243.938500 48.139870 230.752400
23.136280 243.778100 45.532470 230.949900
19.923890 243.574600 42.785760 231.118200
16.771670 243.333700 39.890310 231.234900
13.661940 243.082500 36.819840 231.369800
10.666390 242.818300 33.637850 231.488800
7.814747 242.555200 30.388590 231.597000
5.139292 242.325200 27.153290 231.804900
2.679849 242.118700 23.925900 232.001200
0.450309 241.930700 20.707650 232.104000
-1.528966 241.776000 17.533340 232.328400
-3.228819 241.670700 14.424710 232.574900
-4.618300 241.633500 11.396970 232.953200
-5.727634 241.635600 8.510628 233.286200
-6.594910 241.676300 5.823733 233.857400
-7.316062 241.736500 3.371847 234.536600
-7.999830 241.824600 1.173338 235.228700
-8.668434 241.971800 -0.771479 235.949600
-9.310473 242.159800 -2.420490 236.676700
-10.040280 242.489600 -3.740189 237.372300
-10.900630 242.986700 -4.720447 238.057400
-11.788840 243.696900 -5.422863 238.679400
-12.605680 244.629900 -5.871628 239.288900
-13.325190 245.805400 -6.146817 239.924400
-13.876090 247.212100 -6.319557 240.586300
-14.262280 248.903900 -6.398329 241.251200
-14.456720 250.843200 -6.370323 241.981400
-14.534350 252.994100 -6.282955 242.910100
-14.597030 255.350200 -6.192484 243.997200
-14.667090 257.910700 -6.088609 245.199200
-14.735990 260.649600 -5.976100 246.514300
-14.849520 263.575900 -5.832817 248.007000
-14.957480 266.729800 -5.688164 249.665700
-15.059630 270.015600 -5.528640 251.523600
-15.182710 273.477200 -5.374485 253.587800
-15.303150 277.021400 -5.202692 255.868400
-15.440230 280.658500 -5.035585 258.351400
-15.590580 284.351600 -4.817971 261.023300
-15.764490 288.068200 -4.619716 263.872200
-15.946800 291.811700 -4.379948 266.948000
-16.099940 295.543400 -4.163977 270.176200
-16.260060 299.308400 -3.931093 273.570500
-16.425310 303.105800 -3.676014 277.080800
-16.590140 306.893300 -3.406831 280.670600
-16.756680 310.705900 -3.142227 284.350500
-16.910250 314.536100 -2.883181 288.035200
-17.062160 318.371600 -2.624812 291.769800
-17.211700 322.183300 -2.432387 295.500400
-17.359600 325.995800 -2.138390 299.237200
-17.503240 329.777900 -1.888277 303.016600
-17.652950 333.537700 -1.660501 306.802500
-17.803470 337.274400 -1.412053 310.596000
-17.965510 340.928300 -1.066280 314.407000
-18.139020 344.467400 -0.725869 318.224200
-18.309560 347.827300 -0.483426 322.036600
-18.498430 351.069300 -0.212016 325.838400
-18.657830 354.177800 0.044174 329.628000
-18.779270 357.113600 0.371206 333.372000
-18.870160 359.864000 0.621287 337.112300
-18.946200 362.402300 0.849902 340.785100
-18.990920 364.711200 1.048957 344.365400
-19.050610 366.784400 1.308164 347.776700
-19.150770 368.599600 1.563798 351.038800
-19.288630 370.232600 1.622158 354.200100
-19.600770 371.746300 1.319756 357.186900
-20.181060 373.134000 0.525710 359.876100
-21.046240 374.352900 -0.755783 362.158100
-22.127780 375.353800 -2.241953 363.980800
-23.457040 376.098400 -4.005266 365.215800
-24.934490 376.556700 -5.755160 365.925800
-26.555040 376.670400 -7.426912 366.205700
-28.276760 376.521700 -9.004621 366.215900
-30.056280 376.231600 -10.541750 366.116000
-31.975970 375.881500 -12.047840 366.029000
-34.041570 375.538800 -13.523410 365.964300
-36.312400 375.174700 -15.027660 365.884300
-38.740670 374.815500 -16.572900 365.816100
-41.349510 374.513500 -18.149330 365.812400
-44.097790 374.260800 -19.853530 365.866900
-47.011360 374.040700 -21.610220 365.984300
-50.040150 373.823900 -23.514180 366.082700
-53.185680 373.618900 -25.541760 366.211500
-56.406270 373.421900 -27.770990 366.338800
-59.653410 373.251300 -30.168430 366.508400
-62.943060 373.083600 -32.728700 366.651000
-66.219570 372.909300 -35.435440 366.841500
-69.486870 372.732000 -38.295530 367.067500
-72.726120 372.532900 -41.289690 367.215700
-75.949990 372.348800 -44.397110 367.375600
-79.132360 372.198800 -47.595990 367.599900
-82.276670 372.085900 -50.830230 367.862000
-85.318380 372.021300 -54.091260 368.157000
-88.202870 371.999200 -57.347630 368.600000
-90.927450 371.989600 -60.596630 368.996300
-93.555550 371.974900 -63.824200 369.409700
-96.169310 371.894100 -67.048470 369.695300
-98.735200 371.699400 -70.242280 369.845800
-101.335900 371.405700 -73.401780 369.864900
-104.006100 371.090100 -76.489350 369.863800
-106.771100 370.792200 -79.423210 369.896600
-109.682200 370.477800 -82.198170 369.903600
-112.739100 370.228500 -84.840310 369.979100
-115.931600 370.036400 -87.439840 370.234300
-119.286600 369.828600 -90.012220 370.386800
-122.729500 369.724600 -92.596900 370.608800
-126.288700 369.671200 -95.248840 370.865500
-129.839700 369.662300 -97.971830 371.159300
-133.385600 369.650900 -100.843300 371.479800
-136.894400 369.634000 -103.824700 371.786600
-140.398100 369.514400 -106.994200 372.018600
-143.862100 369.340500 -110.293700 372.216500
-147.327600 369.166400 -113.682800 372.452900
-150.737000 368.971100 -117.225500 372.647000
-154.158600 368.781900 -120.769600 372.824900
-157.533900 368.539100 -124.321800 372.953500
-160.863100 368.281900 -127.826600 373.033500
-164.185700 368.025000 -131.336700 373.177600
-167.432800 367.748600 -134.807600 373.269000
-170.642400 367.488400 -138.278200 373.378800
-173.841400 367.227100 -141.700300 373.445000
-177.023700 366.951400 -145.137300 373.486900
-180.244500 366.730400 -148.526100 373.608900
-183.473900 366.580900 -151.868800 373.829200
-186.744800 366.472000 -155.201300 374.048100
-190.033500 366.367300 -158.470000 374.238500
-193.355400 366.250500 -161.701100 374.509900
-196.716900 366.188600 -164.886000 374.784500
-200.121200 366.182600 -168.055400 375.179400
-203.540500 366.199800 -171.253800 375.562100
-206.952700 366.227500 -174.448500 376.006100
-210.347900 366.285500 -177.675000 376.418100
-213.706200 366.365900 -180.940100 376.778500
-217.009500 366.481900 -184.215500 377.267800
-220.179700 366.654500 -187.516900 377.804900
-223.191200 366.879000 -190.848600 378.436600
-226.097000 367.114900 -194.213100 379.039600
-228.814800 367.345400 -197.573100 379.689200
-231.386300 367.584000 -200.905000 380.361700
-233.712600 367.887700 -204.178300 381.158400
-235.782000 368.275800 -207.380700 382.075800
-237.675400 368.737900 -210.377800 383.260000
-239.369400 369.206200 -213.248800 384.360600
-240.923900 369.617600 -215.999500 385.425600
-242.343700 369.946600 -218.636800 386.326300
-243.617800 370.200700 -221.169600 387.102900
-244.859400 370.340600 -223.518100 387.669100
-246.077300 370.391700 -225.675000 387.976600
-247.267700 370.379800 -227.667000 388.192700
-248.493500 370.333700 -229.476000 388.333900
-249.783700 370.306600 -231.116700 388.531700
-251.078800 370.299200 -232.613700 388.723100
-252.358200 370.349900 -233.948300 388.883700
-253.632100 370.436500 -235.185400 389.074600
-254.850600 370.581800 -236.375800 389.387800
-255.940600 370.729900 -237.545500 389.646100
-256.915700 370.895600 -238.709100 389.955400
-257.880300 371.026600 -239.954000 390.225200
-258.825300 371.074700 -241.239600 390.417200
-259.790200 371.036700 -242.522100 390.471900
-260.853800 370.865000 -243.795400 390.400300
-261.981300 370.525600 -245.017600 390.142200
-263.149900 369.955400 -246.068700 389.698100
-264.334300 369.128800 -246.951600 389.216800
-265.453200 367.983800 -247.716200 388.613700
-266.451000 366.525200 -248.344400 387.901000
-267.251800 364.723800 -248.843500 387.104100
-267.949500 362.709300 -249.285800 386.167200
-268.506500 360.485200 -249.699100 385.104700
-268.941500 358.026800 -250.057700 383.899000
-269.220400 355.348600 -250.389600 382.545000
-269.448800 352.477300 -250.699800 381.023600
-269.718000 349.407100 -251.026600 379.345300
-269.985700 346.177700 -251.403700 377.497600
-270.257600 342.841000 -251.786400 375.462000
-270.518100 339.408900 -252.195100 373.255500
-270.754500 335.850800 -252.635800 370.869800
-270.955500 332.279200 -253.102000 368.286400
-271.100700 328.699800 -253.541700 365.515000
-271.205200 325.126400 -253.992600 362.534400
-271.267700 321.587300 -254.419200 359.375300
-271.275200 318.070500 -254.810900 356.086100
-271.222900 314.582000 -255.159100 352.707000
-271.120000 311.120600 -255.471200 349.207900
-270.978000 307.683800 -255.753700 345.628300
-270.782700 304.265600 -255.988400 342.082200
-270.528600 300.853100 -256.104100 338.500800
-270.242000 297.429400 -256.193000 334.956300
-269.919600 293.989900 -256.267200 331.440100
-269.545200 290.528500 -256.339100 327.950400
-269.141700 287.042100 -256.337600 324.481400
-268.688300 283.528200 -256.315200 321.044300
-268.188900 279.998100 -256.278300 317.627200
-267.644900 276.438400 -256.182500 314.212100
-267.060700 272.864800 -256.082400 310.793100
-266.415600 269.267600 -255.940100 307.354100
-265.703700 265.659900 -255.716100 303.895100
-264.933700 262.028500 -255.436400 300.411600
-264.083600 258.356100 -255.076800 296.903900
-263.198600 254.694500 -254.684900 293.377400
-262.249500 251.044300 -254.228300 289.826000
-261.237300 247.429800 -253.701900 286.255300
-260.189300 243.839800 -253.152000 282.661300
-259.094000 240.246100 -252.587700 279.039000
-257.955600 236.666200 -251.929100 275.408700
-256.772700 233.104800 -251.187000 271.733900
-255.531300 229.548500 -250.452100 268.040600
-254.248400 226.028100 -249.679100 264.369800
-252.919100 222.544000 -248.821600 260.701800
-251.574800 219.079600 -247.917700 257.077700
-250.208800 215.633800 -247.004800 253.441500
-248.823500 212.212300 -246.082100 249.806400
-247.396200 208.816100 -245.133700 246.181300
-245.924600 205.438400 -244.162800 242.549200
-244.407500 202.096000 -243.117500 238.947100
-242.864900 198.761700 -242.081200 235.369900
-241.279000 195.474400 -240.957100 231.825800
-239.649300 192.235800 -239.782100 228.316500
-237.983200 189.035400 -238.576900 224.821800
-236.298900 185.858800 -237.320200 221.363700
-234.588400 182.702700 -236.076600 217.900500
-232.835600 179.589900 -234.728700 214.488500
-231.009300 176.491000 -233.328800 211.098400
-229.111700 173.245900 -231.943500 207.715400
-227.176300 170.021800 -230.559300 204.357900
-225.177100 166.838100 -229.110200 201.052800
-223.121100 163.678300 -227.621200 197.777300
-221.021800 160.583500 -226.058500 194.550800
-218.906700 157.528200 -224.497700 191.334400
-216.758300 154.516100 -222.872600 188.135000
-214.598900 151.542200 -221.160900 184.844900
-212.419400 148.613400 -219.385700 181.542800
-210.228200 145.723000 -217.587000 178.243900
-207.984500 142.875200 -215.707900 174.972200
-205.709300 140.044600 -213.852500 171.722800
-203.367700 137.252600 -211.909300 168.549200
-200.986900 134.476000 -209.967800 165.397800
-198.545200 131.709700 -207.975400 162.296800
-196.059300 128.939500 -205.968900 159.247100
-193.510200 126.196800 -203.923800 156.241300
-190.897300 123.468900 -201.831800 153.285700
-188.227400 120.762000 -199.685600 150.357400
-185.497000 118.076800 -197.533300 147.421900
-182.724000 115.414700 -195.330800 144.512100
-179.874900 112.756200 -193.057900 141.622600
-176.963500 110.129700 -190.700200 138.755000
-174.022700 107.478800 -188.346800 135.858200
-171.062700 104.830200 -185.911400 132.986100
-168.072200 102.205400 -183.426800 130.113800
-165.063500 99.572080 -180.939500 127.220300
-162.094200 96.925240 -178.446100 124.298100
-159.158100 94.245620 -175.985500 121.302300
-156.222000 91.591220 -173.527100 118.269000
-153.302600 88.949020 -171.000300 115.228700
-150.415700 86.290970 -168.489600 112.155000
-147.525700 83.616700 -165.991400 109.061100
-144.616800 80.967880 -163.432800 105.995000
-141.680000 78.334030 -160.911200 102.909300
-138.744900 75.701910 -158.354800 99.866750
-135.803000 73.066790 -155.838500 96.807700
-132.863800 70.434610 -153.320500 93.773800
-129.933000 67.796650 -150.817500 90.744380
-127.009300 65.165490 -148.309500 87.718640
-124.094300 62.565200 -145.800300 84.686440
-121.185800 59.961850 -143.225100 81.704460
-118.275800 57.358150 -140.729500 78.654020
-115.383500 54.746480 -138.186900 75.633370
-112.487100 52.132910 -135.667200 72.591960
-109.563100 49.507800 -133.110800 69.596340
-106.649400 46.882310 -130.570400 66.587230
-103.717200 44.240620 -128.057900 63.581970
-100.776700 41.607720 -125.596800 60.559040
-97.815960 38.955960 -123.095000 57.560390
-94.863170 36.299440 -120.629700 54.538480
-91.884440 33.643060 -118.141800 51.537830
-88.909720 30.989760 -115.626600 48.522720
-85.917480 28.322680 -113.145600 45.499390
-82.929050 25.668410 -110.634900 42.454690
-79.941980 23.038030 -108.112700 39.428740
-76.962720 20.421650 -105.551100 36.389820
-74.007520 17.823510 -102.959600 33.384460
-71.092400 15.226900 -100.399900 30.332970
-68.209240 12.634500 -97.852680 27.260300
-65.354250 10.051970 -95.306900 24.172870
-62.542350 7.481356 -92.813230 21.043740
-59.754040 4.927046 -90.333270 17.922200
-57.009180 2.422195 -87.875170 14.803550
-54.340090 0.009828 -85.390090 11.738730
-51.766990 -2.296378 -82.866900 8.745820
-49.260900 -4.526641 -80.395840 5.755381
-46.853800 -6.677798 -77.961030 2.753010
-44.569730 -8.685225 -75.497960 -0.161455
-42.404320 -10.528340 -72.998390 -3.021795
-40.364200 -12.198710 -70.471610 -5.782611
-38.389800 -13.695430 -67.976280 -8.427783
-36.423220 -15.003710 -65.359550 -10.763650
-34.423200 -16.097900 -62.687240 -12.827990
-32.364650 -16.913830 -59.802770 -14.365460
-30.265120 -17.411740 -56.928110 -15.534190
-28.163420 -17.604910 -54.105980 -16.213500
-26.110560 -17.459960 -51.414740 -16.423770
-24.143360 -16.987220 -48.906140 -16.223900
-22.296980 -16.217800 -46.589520 -15.610940
-20.604650 -15.231400 -44.499940 -14.669520
-19.008910 -14.153640 -42.455640 -13.765300
-17.427180 -13.090130 -40.486030 -12.846810
-15.874640 -12.069320 -38.577600 -11.914110
-14.363580 -11.106930 -36.714480 -10.981690
-12.922670 -10.242620 -34.841310 -10.197370
-11.574780 -9.466819 -32.986070 -9.423906
-10.317910 -8.788752 -31.140170 -8.723654
-9.188230 -8.193104 -29.313830 -8.084401
-8.211014 -7.716742 -27.505350 -7.455594
-7.426664 -7.335419 -25.742080 -6.817222
-6.732949 -7.004384 -24.012290 -6.263815
-6.081177 -6.624412 -22.393470 -5.692229
-5.489078 -6.233971 -20.950540 -5.007895
-4.934984 -5.802268 -19.687230 -4.261248
-4.339961 -5.285216 -18.589170 -3.507572
-3.697865 -4.592905 -17.693380 -2.778213
-3.037676 -3.769289 -17.016340 -2.123587
-2.408137 -2.790908 -16.492570 -1.550137
-1.801721 -1.625169 -16.022560 -0.945932
-1.269630 -0.215074 -15.660260 -0.322943
-0.812186 1.417145 -15.365930 0.315718
-0.577413 3.304554 -15.140990 1.023715
-0.470925 5.426109 -14.945780 1.895236
-0.476637 7.694492 -14.797940 2.910755
-0.570738 10.119870 -14.675060 4.031562
-0.648451 12.686750 -14.548320 5.281813
-0.748385 15.378500 -14.405790 6.716252
-0.860824 18.191740 -14.236940 8.340258
-0.998219 21.084400 -14.058240 10.161240
-1.176238 24.100490 -13.872210 12.205160
-1.395968 27.224660 -13.725810 14.422270
-1.640741 30.420880 -13.537080 16.789300
-1.879320 33.664680 -13.351280 19.304330
-2.150183 36.923590 -13.157540 21.945430
-2.397389 40.249040 -12.956000 24.721490
-2.638864 43.594280 -12.745630 27.576110
-2.848280 46.962570 -12.544980 30.547840
-3.041372 50.356970 -12.308200 33.640060
-3.212653 53.820380 -12.021050 36.798020
-3.380992 57.307360 -11.691130 40.037080
-3.567609 60.834770 -11.375110 43.268930
-3.786600 64.385720 -11.056340 46.568020
-3.981904 67.973540 -10.754290 49.904570
-4.173959 71.565920 -10.423190 53.245020
-4.396788 75.106490 -10.082890 56.621800
-4.593996 78.623730 -9.788438 60.047780
-4.800834 82.136440 -9.417139 63.499800
-5.016400 85.597270 -9.072698 67.010950
-5.214554 89.008160 -8.704255 70.528600
-5.369648 92.435540 -8.295134 74.096070
-5.524006 95.827610 -7.918319 77.667130
