20.000000 0.001105
40.000000 0.000817
60.000000 0.000724
80.000000 0.000467
100.000000 0.000406
120.000000 0.000313
140.000000 0.000301
160.000000 0.000287
180.000000 0.000279
200.000000 0.000281
220.000000 0.000236
240.000000 0.000244
260.000000 0.000243
280.000000 0.000212
300.000000 0.000219
320.000000 0.000218
340.000000 0.000218
360.000000 0.000183
380.000000 0.000177
400.000000 0.000172
420.000000 0.000166
440.000000 0.000160
460.000000 0.000156
480.000000 0.000178
500.000000 0.000169
520.000000 0.000160
540.000000 0.000158
560.000000 0.000152
580.000000 0.000144
600.000000 0.000137
620.000000 0.000155
640.000000 0.000147
660.000000 0.000140
680.000000 0.000130
700.000000 0.000124
720.000000 0.000137
740.000000 0.000132
760.000000 0.000121
780.000000 0.000114
800.000000 0.000129
820.000000 0.000119
840.000000 0.000111
860.000000 0.000104
880.000000 0.000117
900.000000 0.000107
920.000000 0.000100
940.000000 0.000111
960.000000 0.000105
980.000000 0.000098
1000.000000 0.000090
1020.000000 0.000103
1040.000000 0.000096
1060.000000 0.000092
1080.000000 0.000085
1100.000000 0.000082
1120.000000 0.000093
1140.000000 0.000091
1160.000000 0.000085
1180.000000 0.000077
1200.000000 0.000072
1220.000000 0.000084
1240.000000 0.000082
1260.000000 0.000076
1280.000000 0.000070
1300.000000 0.000083
1320.000000 0.000080
1340.000000 0.000072
1360.000000 0.000063
1380.000000 0.000077
1400.000000 0.000073
1420.000000 0.000066
1440.000000 0.000056
1460.000000 0.000072
1480.000000 0.000068
1500.000000 0.000062
1520.000000 0.000054
1540.000000 0.000069
1560.000000 0.000064
1580.000000 0.000058
1600.000000 0.000051
1620.000000 0.000065
1640.000000 0.000062
1660.000000 0.000057
1680.000000 0.000049
1700.000000 0.000046
1720.000000 0.000061
1740.000000 0.000056
1760.000000 0.000047
1780.000000 0.000045
1800.000000 0.000060
1820.000000 0.000055
1840.000000 0.000046
1860.000000 0.000042
1880.000000 0.000058
1900.000000 0.000053
1920.000000 0.000044
1940.000000 0.000040
1960.000000 0.000059
1980.000000 0.000054
2000.000000 0.000045
2020.000000 0.000068
2040.000000 0.000064
2060.000000 0.000057
2080.000000 0.000047
2100.000000 0.000071
2120.000000 0.000066
2140.000000 0.000065
2160.000000 0.000061
2180.000000 0.000055
2200.000000 0.000082
2220.000000 0.000073
2240.000000 0.000075
2260.000000 0.000077
2280.000000 0.000080
2300.000000 0.000084
2320.000000 0.000090
2340.000000 0.000103
2360.000000 0.000137
2380.000000 0.000177
2400.000000 0.000255
2420.000000 0.000325
