20.000000 0.078900
40.000000 0.069158
60.000000 0.061823
80.000000 0.058288
100.000000 0.055435
120.000000 0.054066
140.000000 0.052782
160.000000 0.052437
180.000000 0.052695
200.000000 0.052692
220.000000 0.052105
240.000000 0.052557
260.000000 0.053483
280.000000 0.053449
300.000000 0.053988
320.000000 0.054496
340.000000 0.055224
360.000000 0.055577
380.000000 0.056342
400.000000 0.056767
420.000000 0.057559
440.000000 0.058027
460.000000 0.058711
480.000000 0.059258
500.000000 0.059955
520.000000 0.060086
540.000000 0.060421
560.000000 0.060814
580.000000 0.061335
600.000000 0.061710
620.000000 0.062011
640.000000 0.062454
660.000000 0.062862
680.000000 0.063307
700.000000 0.063479
720.000000 0.063840
740.000000 0.064116
760.000000 0.064482
780.000000 0.064723
800.000000 0.064860
820.000000 0.065290
840.000000 0.065623
860.000000 0.066008
880.000000 0.065978
900.000000 0.066347
920.000000 0.066922
940.000000 0.067100
960.000000 0.067638
980.000000 0.068269
1000.000000 0.069007
1020.000000 0.069448
1040.000000 0.070309
1060.000000 0.071507
1080.000000 0.072681
1100.000000 0.073696
1120.000000 0.073228
1140.000000 0.073314
1160.000000 0.073284
1180.000000 0.073399
1200.000000 0.073483
1220.000000 0.072839
1240.000000 0.073040
1260.000000 0.073320
1280.000000 0.073341
1300.000000 0.072617
1320.000000 0.072766
1340.000000 0.072609
1360.000000 0.072308
1380.000000 0.071722
1400.000000 0.071231
1420.000000 0.070615
1440.000000 0.069884
1460.000000 0.069395
1480.000000 0.068775
1500.000000 0.068251
1520.000000 0.067890
1540.000000 0.067570
1560.000000 0.067316
1580.000000 0.067149
1600.000000 0.066838
1620.000000 0.066550
1640.000000 0.066349
1660.000000 0.066275
1680.000000 0.066028
1700.000000 0.065969
1720.000000 0.065744
1740.000000 0.065709
1760.000000 0.065630
1780.000000 0.065535
1800.000000 0.065236
1820.000000 0.065117
1840.000000 0.065097
1860.000000 0.065097
1880.000000 0.064882
1900.000000 0.064865
1920.000000 0.065069
1940.000000 0.065357
1960.000000 0.065266
1980.000000 0.064934
2000.000000 0.064968
2020.000000 0.064528
2040.000000 0.064431
2060.000000 0.064277
2080.000000 0.064150
2100.000000 0.063557
2120.000000 0.063411
2140.000000 0.063314
2160.000000 0.063205
2180.000000 0.062959
2200.000000 0.062241
2220.000000 0.061952
2240.000000 0.061574
2260.000000 0.061108
2280.000000 0.060618
2300.000000 0.059946
2320.000000 0.059196
2340.000000 0.058405
2360.000000 0.057916
2380.000000 0.057057
2400.000000 0.056642
2420.000000 0.057117
