0.000000 -0.000000 0.000000 0.000000
-0.140643 2.574964 -0.062178 2.577863
-0.281220 5.148987 -0.150457 5.156318
-0.421837 7.724036 -0.263453 7.733824
-0.562431 10.298960 -0.350888 10.311670
-0.701879 12.869650 -0.475980 12.887590
-0.854664 15.479570 -0.670955 15.524400
-1.011589 18.173180 -0.840055 18.239500
-1.171840 20.913680 -1.008365 20.995940
-1.334841 23.709530 -1.219521 23.805320
-1.487044 26.544710 -1.409795 26.648040
-1.633363 29.422930 -1.596616 29.548550
-1.768976 32.357140 -1.750598 32.486010
-1.929780 35.330970 -1.933372 35.539780
-2.126953 38.471510 -2.154305 38.657150
-2.329940 41.561110 -2.386776 41.736650
-2.535885 44.597900 -2.594224 44.752910
-2.728914 47.592750 -2.790531 47.734490
-2.937935 50.537730 -3.064458 50.669520
-3.130185 53.464980 -3.308120 53.575730
-3.310922 56.350390 -3.505948 56.459540
-3.511313 59.225400 -3.707094 59.314060
-3.703384 62.006320 -3.960168 62.060710
-3.912602 64.697860 -4.240704 64.704030
-4.114442 67.264550 -4.445931 67.230050
-4.313021 69.714240 -4.690371 69.641410
-4.514875 72.037350 -4.901405 71.900860
-4.709494 74.175390 -5.162358 73.977820
-4.891889 76.138280 -5.411521 75.868930
-5.039038 77.925340 -5.531730 77.617370
-5.159772 79.592300 -5.640044 79.245890
-5.235209 81.135380 -5.743983 80.744160
-5.207469 82.555940 -5.754967 82.132720
-5.029560 83.885300 -5.619926 83.451270
-4.680938 85.118200 -5.325338 84.674350
-4.130089 86.200010 -4.827921 85.759900
-3.393066 87.095580 -4.119926 86.644130
-2.508137 87.820100 -3.261436 87.403010
-1.511055 88.343490 -2.298972 87.994080
-0.450022 88.747950 -1.254468 88.455630
0.676345 89.023150 -0.127482 88.727130
1.832910 89.277150 1.049861 88.993220
3.089762 89.418990 2.345416 89.137800
4.475771 89.556060 3.767142 89.290350
5.974572 89.621010 5.306824 89.383020
7.614093 89.671530 6.999150 89.444340
9.420230 89.707860 8.860055 89.480040
11.388370 89.721450 10.873210 89.538820
13.505010 89.738680 13.041480 89.602020
15.773680 89.805260 15.357110 89.688580
18.156510 89.929480 17.756020 89.806680
20.581930 90.082780 20.191170 90.002660
23.034320 90.227690 22.641140 90.187120
25.478370 90.365000 25.074180 90.393360
27.909920 90.499220 27.504620 90.560070
30.340320 90.588890 29.922200 90.686640
32.740690 90.598330 32.313010 90.688410
35.110390 90.529620 34.671590 90.675330
37.430830 90.386730 36.976480 90.593880
39.683630 90.176290 39.211930 90.436410
41.863240 89.910310 41.369600 90.183950
43.959460 89.634420 43.427510 89.930860
45.922800 89.378560 45.341490 89.733650
47.726310 89.193250 47.090560 89.613650
49.366470 89.121130 48.694730 89.546650
50.939410 89.191540 50.257730 89.666150
52.464070 89.450930 51.770130 89.972090
53.889450 89.945260 53.186730 90.427420
55.133190 90.660970 54.378450 91.153190
56.158450 91.620300 55.357210 92.155850
56.967930 92.764920 56.177550 93.300020
57.539920 94.061200 56.763390 94.604130
57.927200 95.446880 57.161630 96.009040
58.277310 96.884370 57.535200 97.456840
58.589460 98.403450 57.849810 99.004380
58.940360 100.002400 58.175640 100.638000
59.343230 101.692600 58.572330 102.375100
59.798800 103.499800 59.095780 104.203500
60.309140 105.392300 59.606420 106.115900
60.819120 107.363700 60.136770 108.130400
61.355080 109.477800 60.678110 110.274300
61.874140 111.669200 61.216090 112.492900
62.417580 113.964900 61.767860 114.826000
62.973720 116.373200 62.339170 117.260800
63.512460 118.836400 62.891890 119.729600
64.057360 121.342700 63.453510 122.245200
64.655860 123.876700 64.076580 124.784100
65.262090 126.422600 64.721700 127.321600
65.864770 128.941000 65.331390 129.799000
66.510510 131.382800 65.951170 132.282600
67.135460 133.867500 66.534310 134.726400
67.748220 136.262500 67.122810 137.140700
68.311480 138.668800 67.628240 139.558300
68.830800 141.066900 68.140500 141.943800
69.359830 143.451000 68.625840 144.318400
69.844620 145.829800 69.142790 146.707000
70.257380 148.240700 69.542910 149.103100
70.634070 150.615300 69.954050 151.485700
70.952630 153.048800 70.263900 153.917300
71.236680 155.482600 70.523790 156.368800
71.430750 157.958600 70.711900 158.840600
71.592060 160.420500 70.893340 161.295400
71.705560 162.889100 71.032620 163.783600
71.811250 165.386800 71.149300 166.255200
71.901490 167.846500 71.227190 168.734300
71.944200 170.358200 71.345050 171.249400
71.944230 172.867000 71.379340 173.747000
71.880770 175.411200 71.358720 176.315400
71.759300 177.947700 71.212470 178.833900
71.629380 180.489300 71.072000 181.397800
71.495820 183.069400 70.961640 183.966200
71.389860 185.611000 70.887930 186.521000
71.229200 188.181800 70.738180 189.070500
71.075770 190.694700 70.561100 191.585100
70.908190 193.208300 70.379460 194.088600
70.732240 195.676300 70.207750 196.537900
70.587330 197.902600 70.083830 198.656900
70.462020 200.022200 69.935700 200.774300
70.336670 202.141700 69.799280 202.891000
70.211280 204.261000 69.659640 205.007700
70.085900 206.379000 69.542200 207.126600
69.986060 208.445300 69.536190 209.134600
70.007780 210.375700 69.572180 211.054700
70.026080 212.295900 69.601650 212.984500
70.017620 214.252400 69.567940 214.942100
70.013230 216.217200 69.570400 216.932500
69.972110 218.270700 69.539260 219.003200
69.934360 220.317400 69.515480 221.009400
69.972850 222.305500 69.481530 223.032100
69.981630 224.353700 69.449730 225.069700
69.981870 226.399100 69.397130 227.132000
69.949190 228.454500 69.349930 229.168200
69.907170 230.454300 69.267240 231.154200
69.859830 232.418200 69.223400 233.082300
69.810200 234.247600 69.167370 234.859100
69.754960 235.896800 69.144720 236.458600
69.602960 237.437200 69.002590 237.989600
69.315000 238.920100 68.673360 239.442600
68.846420 240.276600 68.279300 240.804900
68.166090 241.479400 67.611210 241.988500
67.318270 242.492800 66.749800 242.971800
66.332240 243.344200 65.780290 243.821900
65.260110 243.991900 64.708000 244.438900
64.140300 244.474300 63.576520 244.921800
62.867510 244.772700 62.257910 245.221100
61.458940 244.926000 60.815780 245.360600
59.947420 244.952000 59.275850 245.368100
58.335370 244.902100 57.624420 245.320600
56.595980 244.824000 55.838610 245.182800
54.694040 244.743800 53.885300 245.008000
52.650420 244.604800 51.798150 244.908100
50.451970 244.390700 49.515510 244.778500
48.058070 244.235000 47.072240 244.688000
45.515050 244.100900 44.496360 244.627900
42.921790 243.969200 41.903590 244.560300
40.316590 243.840300 39.291500 244.455100
37.706940 243.722400 36.674630 244.316300
35.094890 243.629800 34.071940 244.149400
32.472950 243.489000 31.437990 243.960500
29.851950 243.348200 28.836620 243.776200
27.264200 243.258500 26.268200 243.606200
24.724050 243.174900 23.734920 243.515000
22.210390 243.091000 21.239470 243.363800
19.736330 242.979500 18.784460 243.270600
17.311070 242.850400 16.364290 243.098900
14.901790 242.682800 13.971610 242.902400
12.542000 242.455300 11.634650 242.673500
10.258080 242.218100 9.379714 242.444800
8.077281 241.997300 7.252764 242.194500
6.032146 241.805400 5.250493 241.994800
4.114420 241.647100 3.381799 241.827700
2.325909 241.523700 1.636590 241.725000
0.684853 241.422100 0.047161 241.656300
-0.804697 241.361800 -1.388040 241.581200
-2.147061 241.322400 -2.679034 241.520600
-3.335045 241.321100 -3.809895 241.461400
-4.362696 241.347700 -4.779050 241.460300
-5.195608 241.375100 -5.531580 241.557700
-5.787975 241.411000 -5.725967 241.566500
-6.148943 241.435700 -6.044092 241.581200
-6.347609 241.453500 -6.163020 241.593300
-6.441034 241.457400 -6.163020 241.593300
-6.441440 241.456100 -6.163020 241.593300
-6.439927 241.462600 -6.163020 241.593300
-6.440440 241.482800 -6.163020 241.593300
-6.480607 241.498100 -6.163020 241.593300
-6.560264 241.507700 -6.256906 241.596800
-6.742488 241.516100 -6.332633 241.599000
-7.099251 241.541700 -6.400369 241.605700
-7.627305 241.597900 -6.499391 241.621000
-8.293171 241.705000 -6.555912 241.627300
-9.050632 241.890800 -6.564484 241.629400
-9.863606 242.207700 -6.577623 241.634300
-10.727660 242.661600 -6.601717 241.646800
-11.566170 243.294100 -6.645619 241.681900
-12.317670 244.121800 -6.715017 241.756200
-12.969870 245.164100 -6.838095 241.958600
-13.469580 246.441200 -6.988866 242.344600
-13.828110 247.877300 -7.102746 242.914600
-14.057520 249.558000 -7.191310 243.627700
-14.176210 251.405900 -7.241506 244.434300
-14.264690 253.405000 -7.270428 245.342400
-14.328890 255.544200 -7.322663 246.347500
-14.399650 257.837600 -7.351648 247.428000
-14.471380 260.263200 -7.355109 248.537300
-14.561590 262.807800 -7.431148 249.815000
-14.652820 265.491700 -7.490147 251.238500
-14.739760 268.254400 -7.457174 252.804000
-14.858340 271.134800 -7.546030 254.557200
-14.973530 274.134700 -7.637852 256.446600
-15.069550 277.175700 -7.722155 258.490900
-15.175210 280.293600 -7.786648 260.677800
-15.297230 283.446400 -7.889545 263.017800
-15.436590 286.619600 -8.003217 265.476800
-15.585790 289.810900 -8.154190 268.069500
-15.736240 292.959600 -8.316844 270.776900
-15.885310 296.071900 -8.488693 273.566100
-16.046970 299.165600 -8.712248 276.482700
-16.219660 302.246300 -8.905473 279.498000
-16.389710 305.314100 -9.084984 282.559900
-16.559690 308.378300 -9.344405 285.689800
-16.709350 311.458900 -9.561066 288.833900
-16.839300 314.563300 -9.784818 292.015400
-16.972270 317.709200 -9.954144 295.194700
-17.118400 320.893100 -10.086020 298.326800
-17.281700 324.127200 -10.282340 301.433100
-17.454380 327.375400 -10.430840 304.518100
-17.614190 330.593900 -10.592170 307.600400
-17.775860 333.802500 -10.800610 310.659000
-17.959610 336.995200 -10.992650 313.721100
-18.128440 340.134300 -11.172650 316.809000
-18.295640 343.191900 -11.310580 319.924500
-18.453080 346.169000 -11.500380 323.082100
-18.632610 349.056200 -11.704350 326.275800
-18.817710 351.841100 -11.959980 329.515800
-18.986450 354.488400 -12.251590 332.747700
-19.124870 356.982400 -12.475040 335.954300
-19.220930 359.289500 -12.628280 339.165200
-19.310450 361.377700 -12.752760 342.339400
-19.390050 363.254000 -12.945790 345.447700
-19.458340 364.945900 -13.131940 348.475100
-19.552440 366.417400 -13.215020 351.428400
-19.716910 367.755600 -13.525590 354.268100
-19.992010 369.044200 -14.184190 356.930200
-20.413100 370.267200 -14.996980 359.399700
-20.994480 371.390500 -16.114510 361.561000
-21.767920 372.412000 -17.494360 363.325700
-22.740410 373.381300 -18.883710 364.779900
-23.931400 374.199500 -20.328160 365.855800
-25.311900 374.775400 -21.835350 366.429000
-26.849130 375.102700 -23.233730 366.696700
-28.541320 375.088500 -24.564910 366.678000
-30.331610 374.930400 -25.873460 366.540500
-32.178580 374.714400 -27.151900 366.388100
-34.124600 374.519300 -28.409140 366.252700
-36.192510 374.312000 -29.721300 366.123100
-38.360350 374.089000 -31.116070 365.987500
-40.674090 373.890900 -32.573020 365.840800
-43.125350 373.717400 -34.082050 365.730300
-45.733890 373.570600 -35.694340 365.650700
-48.422050 373.450300 -37.411550 365.563500
-51.153580 373.336900 -39.240390 365.456800
-53.919190 373.217300 -41.112530 365.385800
-56.668140 373.082400 -43.118130 365.305100
-59.399580 372.949600 -45.219840 365.183000
-62.128270 372.797100 -47.430340 365.000800
-64.827270 372.599800 -49.794120 364.836700
-67.509200 372.402100 -52.296770 364.677400
-70.186170 372.208700 -54.942970 364.504400
-72.845340 372.028400 -57.641630 364.346800
-75.495320 371.886100 -60.383930 364.135500
-78.116050 371.787300 -63.141350 363.950400
-80.717850 371.718500 -65.888670 363.840800
-83.311780 371.694800 -68.616880 363.814400
-85.842710 371.709900 -71.342710 363.891000
-88.215690 371.734100 -74.041560 363.923100
-90.402660 371.755300 -76.722660 364.072100
-92.376860 371.747200 -79.384650 364.179200
-94.181170 371.700000 -82.048980 364.098900
-95.954170 371.610100 -84.687450 363.984600
-97.692900 371.484000 -87.300130 363.844500
-99.428840 371.332400 -89.888330 363.597800
-101.212400 371.150100 -92.462830 363.368700
-103.049100 370.929900 -94.934830 363.151600
-104.963700 370.712900 -97.231430 362.860800
-106.999900 370.469800 -99.327670 362.546900
-109.147400 370.218500 -101.211400 362.281800
-111.413900 369.990500 -102.975200 362.070100
-113.850400 369.787500 -104.712300 361.832900
-116.381500 369.587900 -106.438100 361.667700
-119.079000 369.402000 -108.187100 361.611900
-121.870500 369.312400 -109.999300 361.556900
-124.798000 369.251000 -111.869900 361.565000
-127.749200 369.222000 -113.833900 361.575400
-130.738100 369.191300 -115.931600 361.545100
-133.724900 369.151000 -118.111000 361.523800
-136.693200 369.116700 -120.475200 361.470900
-139.640200 369.026200 -122.931400 361.393600
-142.545400 368.909400 -125.543500 361.273900
-145.452900 368.800400 -128.261900 361.162200
-148.326000 368.653700 -131.109300 360.968000
-151.184500 368.483700 -134.033700 360.763400
-154.029500 368.306700 -136.999000 360.586900
-156.834000 368.110800 -139.982700 360.332600
-159.601600 367.929800 -142.944700 360.094800
-162.352900 367.769700 -145.910900 359.862200
-165.025300 367.622800 -148.830600 359.710300
-167.587100 367.473600 -151.737800 359.603700
-169.989700 367.347100 -154.643400 359.468800
-172.229800 367.237400 -157.500300 359.364500
-174.255000 367.118500 -160.365600 359.247700
-176.113500 366.976300 -163.192600 358.988200
-177.851600 366.825100 -165.985800 358.774800
-179.482200 366.619100 -168.731100 358.471900
-181.041000 366.257200 -171.400100 357.859800
-182.506900 365.700900 -173.886600 356.967700
-183.830900 364.922700 -176.072500 355.709800
-184.967900 363.901900 -177.775200 354.117700
-185.900600 362.645300 -179.082000 352.372500
-186.575700 361.163300 -179.884200 350.589400
-186.999600 359.497900 -180.352600 348.829800
-187.152300 357.675600 -180.517000 347.132700
-187.206000 355.773500 -180.584200 345.510100
-187.197400 353.800900 -180.601200 343.918600
-187.078300 351.712900 -180.520700 342.361600
-186.904300 349.515700 -180.434700 340.835100
-186.700200 347.199500 -180.304300 339.303700
-186.441500 344.761700 -180.165300 337.667700
-186.138100 342.245600 -179.992600 336.017700
-185.836200 339.600700 -179.821800 334.289100
-185.558800 336.870000 -179.653100 332.462900
-185.300200 334.088400 -179.493000 330.539000
-185.053400 331.295700 -179.333600 328.538700
-184.825700 328.513100 -179.165600 326.415300
-184.626700 325.706700 -179.033600 324.176600
-184.418100 322.895600 -178.894600 321.810100
-184.219300 320.049800 -178.744200 319.337000
-184.077900 317.187100 -178.651500 316.764900
-183.933200 314.300800 -178.537800 314.071300
-183.761600 311.460200 -178.416700 311.314900
-183.601800 308.616200 -178.306000 308.512200
-183.458100 305.794900 -178.199100 305.720800
-183.343100 303.000200 -178.107400 302.913500
-183.261300 300.211900 -178.034900 300.107300
-183.178800 297.450000 -177.980700 297.274700
-183.090500 294.684900 -177.894200 294.414300
-182.927300 291.908300 -177.712200 291.547200
-182.766600 289.099200 -177.547900 288.672200
-182.613800 286.267300 -177.399700 285.833600
-182.441900 283.385600 -177.277500 282.991600
-182.300400 280.490600 -177.146300 280.177500
-182.149900 277.557000 -177.071400 277.392000
-182.001400 274.627800 -176.994300 274.601600
-181.823500 271.689000 -176.823300 271.844100
-181.638500 268.767800 -176.659100 269.084500
-181.424600 265.787800 -176.458200 266.297400
-181.219800 262.838200 -176.264100 263.491800
-181.009300 259.844900 -176.081200 260.632900
-180.770400 256.828000 -175.864000 257.758200
-180.561000 253.860400 -175.723900 254.842500
-180.372700 250.908200 -175.564700 251.909900
-180.191000 247.979500 -175.406300 248.977900
-180.025600 245.104800 -175.226800 246.036300
-179.890000 242.301100 -175.085900 243.096600
-179.765100 239.629200 -174.910000 240.121400
-179.603400 237.077700 -174.730100 237.166200
-179.486600 234.610600 -174.613400 234.140400
-179.426200 232.293500 -174.544700 231.137400
-179.384800 230.153000 -174.490200 228.167100
-179.372900 228.203000 -174.514000 225.210000
-179.353200 226.445600 -174.468300 222.298300
-179.284500 224.889700 -174.329800 219.439900
-179.159500 223.520400 -174.070700 216.687700
-178.892900 222.222300 -173.529900 214.106700
-178.440800 221.019500 -172.610300 211.760000
-177.799300 219.912400 -171.384700 209.667300
-176.993100 218.868700 -170.032600 207.856400
-175.953700 217.908600 -168.543100 206.417600
-174.646400 217.098800 -166.981300 205.365800
-173.037500 216.423500 -165.435300 204.679100
-171.242400 215.987700 -163.993300 204.340600
-169.251700 215.748100 -162.655800 204.176600
-167.160900 215.651300 -161.321700 204.120000
-164.983800 215.579200 -160.044900 204.086800
-162.753200 215.542200 -158.743600 204.066200
-160.419600 215.517400 -157.399000 204.063100
-157.986900 215.494400 -155.951800 204.070100
-155.493900 215.476600 -154.342600 204.085300
-152.924600 215.528800 -152.598300 204.130500
-150.250300 215.556200 -150.689800 204.169500
-147.567100 215.656900 -148.645700 204.196000
-144.855900 215.751900 -146.522900 204.248700
-142.145800 215.896800 -144.329100 204.399400
-139.455100 216.087400 -142.080700 204.568600
-136.768400 216.330800 -139.705900 204.766700
-134.103700 216.562300 -137.276000 204.995300
-131.505400 216.803000 -134.764900 205.183100
-128.992800 217.018200 -132.165000 205.382400
-126.584900 217.191000 -129.482900 205.532000
-124.357100 217.330100 -126.795400 205.701700
-122.326100 217.418900 -124.082900 205.816400
-120.463500 217.466200 -121.377400 205.849400
-118.653600 217.497200 -118.678100 205.851600
-116.849600 217.495900 -115.992000 205.822700
-115.067800 217.514000 -113.331200 205.797100
-113.324000 217.535300 -110.751200 205.758600
-111.616000 217.623100 -108.255800 205.794900
-109.927700 217.875300 -105.913800 206.012200
-108.290900 218.301300 -103.805000 206.517600
-106.749500 218.945400 -101.959900 207.192500
-105.349200 219.793800 -100.341900 208.063500
-104.115500 220.834900 -98.956980 209.215400
-103.036000 222.051200 -97.712110 210.516500
-102.179100 223.400100 -96.736710 211.993900
-101.543200 224.848700 -95.991170 213.544800
-101.115700 226.383800 -95.470090 215.172700
-100.830600 227.968600 -95.083710 216.826000
-100.531100 229.501100 -94.657940 218.458800
-100.252100 231.017900 -94.296680 220.073700
-99.883990 232.463500 -93.870870 221.645500
-99.425550 233.824100 -93.211260 223.122100
-98.775880 234.872900 -92.302220 224.473500
-98.086100 235.806300 -91.299350 225.681100
-97.174270 236.468700 -90.013230 226.611400
-96.254150 236.931100 -88.571370 227.334400
-95.283150 237.358800 -87.064800 227.873800
-94.185080 237.674800 -85.551550 228.230500
-92.955310 237.898800 -84.042910 228.450100
-91.596850 238.102700 -82.579730 228.648000
-90.074690 238.248300 -81.204020 228.756500
-88.387450 238.391700 -80.008570 228.842100
-86.486290 238.540100 -78.849560 228.905100
-84.443490 238.650800 -77.758390 228.970100
-82.253860 238.746800 -76.731710 229.027500
-79.940140 238.872300 -75.647290 229.087700
-77.539590 239.011100 -74.468280 229.131300
-75.087440 239.150700 -73.184710 229.187000
-72.574930 239.313900 -71.761990 229.239600
-69.991910 239.446400 -70.182650 229.290400
-67.351620 239.548800 -68.408830 229.334900
-64.666360 239.657700 -66.461420 229.424000
-61.998030 239.808800 -64.379680 229.530100
-59.311750 239.952600 -62.145220 229.651800
-56.701950 240.109100 -59.788910 229.826600
-54.151130 240.267600 -57.378760 229.930100
-51.625940 240.427100 -54.903270 230.064300
-49.127390 240.564300 -52.374510 230.196100
-46.665870 240.712700 -49.766350 230.352800
-44.240570 240.886300 -47.112300 230.553700
-41.878960 241.088900 -44.434340 230.756100
-39.649020 241.312800 -41.758230 230.915700
-37.552430 241.539400 -39.087280 231.148500
-35.488740 241.743100 -36.516960 231.396200
-33.456700 241.939000 -33.965920 231.566000
-31.533090 242.124800 -31.458050 231.723200
-29.764560 242.287900 -28.959480 231.855800
-28.172420 242.408100 -26.513440 231.964100
-26.747170 242.468900 -24.089510 231.972800
-25.460260 242.473300 -21.760450 231.889900
-24.318710 242.437400 -19.575290 231.762500
-23.324200 242.322300 -17.501320 231.519400
-22.483780 242.186900 -15.455220 231.216900
-21.843230 242.069500 -13.467890 230.899400
-21.357270 241.937100 -11.659390 230.402500
-20.874950 241.791000 -10.022720 229.877100
-20.410090 241.641000 -8.583651 229.340400
-19.938580 241.453200 -7.296324 228.845700
-19.330890 241.150500 -6.173075 228.332300
-18.603550 240.674100 -5.258713 227.723900
-17.817550 240.000300 -4.520518 227.117100
-17.047940 239.130000 -4.014041 226.516300
-16.371440 238.041100 -3.712787 226.012500
-15.819140 236.731500 -3.533471 225.544400
-15.431720 235.164300 -3.428393 225.059400
-15.160930 233.366900 -3.368720 224.575200
-14.985430 231.359800 -3.335643 224.025700
-14.879450 229.166100 -3.316228 223.273200
-14.834570 226.783800 -3.310502 222.345700
-14.805910 224.227300 -3.306575 221.272000
-14.776150 221.503700 -3.305771 220.069800
-14.726190 218.625200 -3.302752 218.746900
-14.646810 215.602400 -3.286196 217.261800
-14.509690 212.459600 -3.242365 215.575300
-14.353480 209.201300 -3.186262 213.686800
-14.179740 205.869600 -3.077581 211.613800
-13.962380 202.478800 -2.975029 209.354400
-13.739120 199.045100 -2.851713 206.919100
-13.514930 195.572200 -2.710048 204.305800
-13.275440 192.054900 -2.554810 201.534600
-13.052000 188.499600 -2.413842 198.605100
-12.854570 184.884700 -2.312608 195.542700
-12.675140 181.220200 -2.219175 192.359600
-12.508030 177.502000 -2.138395 189.067800
-12.341190 173.718700 -2.030858 185.712100
-12.175010 169.898000 -1.918495 182.298800
-12.018250 166.028100 -1.864487 178.848000
-11.841350 162.134100 -1.769951 175.352600
-11.655180 158.220500 -1.678716 171.819500
-11.466580 154.287300 -1.526632 168.239500
-11.281310 150.320000 -1.343190 164.611300
-11.057620 146.379100 -1.202503 160.923700
-10.815240 142.443600 -1.076376 157.180100
-10.570550 138.517900 -0.949563 153.382900
-10.333980 134.639100 -0.794438 149.547100
-10.123240 130.785800 -0.646239 145.660600
-9.914350 127.027500 -0.542790 141.763800
-9.696148 123.395700 -0.360374 137.841100
-9.493383 119.914400 -0.245516 133.902300
-9.310280 116.607700 -0.099723 129.922800
-9.151332 113.442300 -0.009452 125.981000
-9.017561 110.482000 0.109466 122.046200
-8.888960 107.744800 0.220223 118.117700
-8.774269 105.222900 0.290916 114.248000
-8.679794 102.918000 0.391449 110.407400
-8.504861 100.812800 0.634613 106.689500
-8.163715 98.919720 1.214561 103.165100
-7.618518 97.243660 2.203961 99.871560
-6.858427 95.725240 3.637628 96.944300
-5.899838 94.392380 5.465331 94.441840
-4.759829 93.253900 7.512268 92.388170
-3.450087 92.348760 9.678119 90.859440
-1.973871 91.691730 11.895150 89.810060
-0.436803 91.261860 14.057000 89.206800
1.138073 91.026340 16.071030 88.912560
2.751248 90.881970 17.934150 88.740550
4.431705 90.766140 19.658100 88.601880
6.211745 90.683570 21.334650 88.527980
8.081090 90.578530 22.967120 88.434760
10.076580 90.469280 24.557840 88.341980
12.205890 90.365360 26.163390 88.230910
14.489810 90.290310 27.781480 88.169200
16.910510 90.321490 29.368640 88.139260
19.453620 90.459650 30.968500 88.199130
22.045730 90.671110 32.599910 88.285460
24.644280 90.895340 34.316110 88.410660
27.207850 91.064010 36.123400 88.459730
29.764780 91.130150 38.036680 88.464370
32.287690 91.085550 40.079290 88.395660
34.803420 90.937800 42.256740 88.249450
37.325120 90.728940 44.579510 88.012320
39.896170 90.508470 47.028260 87.763400
42.547960 90.289960 49.587400 87.483820
45.244630 90.097810 52.187590 87.229940
47.943020 89.903610 54.770280 86.975750
50.617990 89.629730 57.316040 86.653270
53.252150 89.185630 59.823170 86.194350
55.814150 88.557720 62.259740 85.561480
58.313300 87.791630 64.665460 84.797620
60.805470 86.920740 67.044490 83.902450
63.322020 85.994100 69.465430 82.932380
65.833720 85.055040 71.961760 81.950210
68.406220 84.080780 74.461280 80.908520
70.998610 83.045350 76.953440 79.854770
73.578520 81.879280 79.371320 78.693710
76.170160 80.586970 81.737750 77.465550
78.819830 79.219290 84.035900 76.190100
81.480420 77.842690 86.311310 74.907080
84.108690 76.469870 88.635310 73.599330
86.695220 75.055290 90.953920 72.274910
89.188920 73.556030 93.249260 70.838670
91.573040 71.968490 95.526570 69.272090
93.850380 70.285940 97.758520 67.575200
96.020560 68.521450 99.943230 65.749130
98.103890 66.740880 102.137000 63.801740
100.107700 65.034010 104.377100 61.819120
101.996900 63.459780 106.665100 59.894930
103.764900 62.070330 108.960300 58.030950
105.408600 60.801050 111.266800 56.205930
107.003200 59.530310 113.508100 54.375300
108.589500 58.247390 115.694200 52.545780
110.134700 56.970520 117.832600 50.701260
111.717500 55.637520 119.933300 48.880110
113.353400 54.247110 121.966600 47.086010
115.077800 52.831180 123.936800 45.418480
116.904200 51.439420 125.809400 43.932120
118.836800 50.054850 127.544200 42.619960
120.853600 48.602090 129.175500 41.368200
122.938000 47.083700 130.808500 40.144740
125.092700 45.485300 132.411400 38.901620
127.330000 43.820780 134.011600 37.676600
129.637600 42.087830 135.667600 36.397500
131.967100 40.344760 137.378200 35.046890
134.297900 38.609850 139.153100 33.670470
136.621900 36.849050 140.992300 32.233890
138.949900 35.131110 142.895600 30.771780
141.293500 33.464730 144.909000 29.241690
143.603900 31.795640 146.965300 27.647700
145.871800 30.121580 149.113200 25.967710
148.133300 28.418200 151.316900 24.211390
150.347600 26.750990 153.585400 22.395700
152.506100 25.137140 155.852100 20.583570
154.521200 23.603510 158.127400 18.758310
156.409800 22.104300 160.360000 16.897010
158.102600 20.729550 162.557800 15.027520
159.605700 19.470090 164.708500 13.134760
161.034400 18.328640 166.927900 11.357110
162.527500 17.369930 169.280100 9.810305
164.102000 16.690040 171.860800 8.674228
165.725700 16.231240 174.477500 7.852232
167.465400 15.980230 177.095500 7.394692
169.275300 15.912810 179.564200 7.202518
171.157200 15.957740 181.920800 7.149914
173.098700 15.972680 184.010700 7.072674
175.120500 15.945180 185.919300 6.977304
177.167200 15.872150 187.714200 6.853497
179.305300 15.756280 189.467400 6.688026
181.477000 15.604010 191.167700 6.516106
183.703700 15.412020 192.863700 6.311825
185.980700 15.238130 194.630600 6.130274
188.280500 15.072990 196.455200 5.953432
190.577500 14.896800 198.339400 5.744888
192.894300 14.714610 200.304600 5.556130
195.244200 14.510220 202.323300 5.339535
197.633500 14.283820 204.382300 5.074127
200.090000 14.030130 206.527600 4.790935
202.592100 13.785300 208.695300 4.483494
205.104900 13.534110 210.932900 4.187270
207.640700 13.310070 213.205400 3.919436
210.148900 13.111090 215.506500 3.692218
212.697300 12.915740 217.795500 3.436864
215.224700 12.737830 220.125900 3.213444
217.808000 12.513180 222.472300 2.888305
220.389500 12.282700 224.879300 2.605892
223.037500 12.068550 227.342200 2.250694
225.699900 11.872960 229.843800 1.972833
228.380800 11.657570 232.366600 1.706391
231.063800 11.400770 234.879900 1.368666
233.768800 11.157120 237.398200 1.105768
236.452700 10.908570 239.929000 0.848232
239.115400 10.628320 242.462500 0.513492
241.756200 10.390980 245.038000 0.218304
244.376200 10.177670 247.628800 -0.107561
246.942400 9.977031 250.273700 -0.426972
249.503100 9.796410 252.934700 -0.713058
251.962400 9.616742 255.614700 -1.042857
254.329800 9.452561 258.292000 -1.322669
256.557200 9.297183 261.003700 -1.576377
258.681500 9.140396 263.668900 -1.875360
260.487900 8.870715 266.326800 -2.215022
262.171000 8.558198 268.925000 -2.633409
263.852900 8.246051 271.494800 -3.170543
265.533700 7.934305 273.982700 -3.813957
267.212200 7.623220 276.427300 -4.508193
268.719700 7.309828 278.725400 -5.316891
269.768600 7.040605 280.982400 -5.922526
270.654800 6.869143 283.129200 -6.320010
271.433400 6.780906 285.200200 -6.649016
272.188300 6.798910 286.913100 -6.678501
272.939800 6.915555 288.610800 -6.486815
273.674100 7.139266 290.255100 -6.016388
274.435500 7.486302 291.837200 -5.371738
275.206100 8.021776 293.274300 -4.454448
275.841400 9.123003 294.244600 -3.514548
276.399700 10.403880 294.834500 -2.686695
276.938800 11.672800 295.207100 -1.916839
277.461700 12.927990 295.442300 -1.184904
277.969300 14.165350 295.669900 -0.456934
278.402000 15.600760 295.830100 0.286857
278.675500 17.540870 295.944500 1.068681
278.887100 19.689590 296.045500 1.931346
279.050300 22.004090 296.134000 2.908653
279.153100 24.513040 296.238600 4.313790
279.310000 27.147550 296.347500 5.701700
279.492000 29.910160 296.484000 7.067865
279.682000 32.722430 296.625800 8.413341
279.891600 35.618700 296.775900 9.734608
280.117300 38.587970 296.969800 11.428710
280.340800 41.563150 297.198100 13.428760
280.553900 44.602790 297.448700 15.645720
280.757500 47.669170 297.675200 18.018540
280.966700 50.717990 297.938300 20.559630
281.189800 53.763250 298.205000 23.231390
281.387500 56.840290 298.528300 26.007170
281.609200 59.915920 298.838600 28.828920
281.892800 62.993940 299.233700 31.747670
282.168100 66.061440 299.622100 34.695260
282.386200 69.137860 299.947200 37.690700
282.581400 72.205720 300.272200 40.728000
282.741100 75.260420 300.576600 43.787640
282.945600 78.300480 300.868000 46.824200
283.185400 81.322840 301.215700 49.879260
283.441700 84.363870 301.590700 52.931980
283.683800 87.353300 301.966100 56.005030
283.940100 90.352150 302.355600 59.059490
284.231300 93.355260 302.777300 62.126460
284.541900 96.345100 303.213800 65.164350
284.938000 99.320580 303.698000 68.205510
285.395000 102.259500 304.271700 71.199900
285.844100 105.163200 304.837900 74.202800
286.321900 108.053700 305.395800 77.169800
286.793800 110.912200 305.983900 80.176660
287.216900 113.736500 306.482700 83.114330
287.630900 116.518500 307.028200 86.093150
288.058700 119.219300 307.469400 89.061590
288.448800 121.780900 308.027500 92.025960
288.846400 124.280600 308.481100 94.983520
289.285300 126.630100 309.103400 97.879540
289.743500 128.835400 309.758600 100.738700
290.213000 130.821100 310.793200 103.468300
290.683600 132.626000 311.528700 106.263300
291.166200 134.262000 312.361900 108.972400
291.580800 135.832500 313.109000 111.675500
291.961700 137.426400 313.867100 114.243700
292.194000 139.020100 314.153500 116.797200
292.237900 140.604400 314.231000 119.277500
291.762300 142.158200 313.919900 121.601100
290.662500 143.578100 313.356700 123.716700
289.562400 144.964600 312.473800 125.477300
288.468100 146.318100 311.424700 126.958800
287.386000 147.641500 310.217700 128.105600
286.399400 148.976200 308.899400 129.056100
284.571900 149.919400 307.477800 129.860300
282.598600 150.835500 306.081200 130.618300
280.553400 151.805400 304.667800 131.363500
278.418500 152.847000 303.126900 132.199600
276.187000 153.972900 301.554600 133.051300
273.848800 155.201700 300.022300 133.918300
271.423500 156.516000 298.530800 134.795100
268.909500 157.880900 297.067300 135.659000
266.393100 159.278800 295.556500 136.556200
263.831700 160.712200 293.758500 137.675000
261.343100 162.229400 291.917100 138.883600
258.927700 163.839100 290.038800 140.208100
256.567900 165.515700 288.104700 141.655700
254.220600 167.219800 286.071000 143.185200
251.812400 168.915300 283.929900 144.806700
249.342900 170.564800 281.656200 146.436000
246.829700 172.171100 279.291800 148.062900
244.268800 173.728400 276.862900 149.629300
241.687800 175.211100 274.362800 151.209500
239.066600 176.646400 271.865900 152.667200
236.435100 178.027700 269.343700 154.102500
233.828600 179.391700 266.801300 155.477300
231.251200 180.752600 264.255100 156.903800
228.707700 182.113100 261.674300 158.351200
226.214900 183.484500 259.112300 159.847700
223.769900 184.811700 256.518200 161.354300
221.367300 186.107100 253.917000 162.831300
219.059200 187.344000 251.324500 164.290000
216.843700 188.521200 248.726100 165.769500
214.730300 189.612200 246.172300 167.270700
212.761600 190.600600 243.585700 168.661300
210.934100 191.518800 241.019200 170.005700
209.293500 192.364900 238.519900 171.428300
207.831400 193.113300 236.024300 172.756500
206.576700 193.798300 233.674900 174.199300
205.539900 194.395600 231.417400 175.679700
204.729700 194.901600 229.234700 177.035600
204.122300 195.321500 227.196800 178.457000
203.546300 195.745200 225.952400 179.393500
203.042900 196.282400 224.307000 180.851100
202.515700 196.788100 222.711100 182.128900
201.945400 197.325500 221.306800 183.325700
201.195300 198.000000 220.027600 184.355800
200.227400 198.808500 218.957300 185.302400
199.076800 199.760000 218.052600 186.085600
197.730700 200.791700 217.301700 186.675500
196.253000 201.872000 216.710700 187.118400
194.623700 202.967100 216.123300 187.526100
192.619800 204.117900 215.514700 187.941100
190.615300 205.269000 214.893900 188.327000
188.611600 206.419500 214.215100 188.719000
186.608000 207.569800 213.343500 189.227000
184.604500 208.720100 212.243000 189.842600
182.452000 209.923800 210.945400 190.579300
180.162600 211.202300 209.492600 191.454800
177.855000 212.473600 207.910800 192.376000
175.554100 213.761200 206.205300 193.348900
173.260900 215.031900 204.211500 194.517200
171.006800 216.296100 202.211300 195.676100
168.770100 217.549300 200.212400 196.834200
166.635700 218.725900 198.222400 198.007000
164.640400 219.823800 196.235300 199.184700
162.800000 220.792300 194.081000 200.385400
161.109900 221.618400 191.745400 201.577000
159.510500 222.334400 189.371700 202.720300
157.845500 222.860900 186.877100 203.571000
156.181300 223.202900 184.319200 204.139700
154.511100 223.364000 181.751500 204.429000
152.786900 223.350100 179.189300 204.492100
150.969000 223.245000 176.754600 204.423300
149.048400 223.060600 174.487600 204.217900
146.999200 222.886700 172.412000 204.102300
144.811400 222.709100 170.532800 204.015400
142.452400 222.507300 168.781700 203.944900
139.985700 222.307100 167.035800 203.896400
137.342300 222.162600 165.335900 203.853000
134.568800 222.029900 163.656900 203.845700
131.695500 221.932100 161.931400 203.861200
128.711000 221.803000 160.109200 203.860500
125.647300 221.650100 158.177400 203.831500
122.615400 221.500000 156.118200 203.816200
119.543800 221.309500 153.921900 203.743800
116.511500 221.102100 151.553300 203.668300
113.516800 220.903600 149.078300 203.579100
110.545200 220.708000 146.430300 203.500100
107.636200 220.532300 143.653400 203.392300
104.717200 220.373700 140.778300 203.280400
101.840600 220.218600 137.790400 203.236900
98.994700 220.067300 134.722400 203.141500
96.181550 219.895100 131.687200 203.024700
93.438620 219.686500 128.613900 202.848900
90.855460 219.500600 125.578800 202.656500
88.388610 219.326300 122.580400 202.501800
86.123680 219.157800 119.603700 202.369400
84.049970 219.045300 116.689900 202.314000
82.152880 219.016300 113.770200 202.254300
80.388010 219.115100 110.896700 202.422800
78.664760 219.366200 108.084800 202.886400
77.016290 219.796000 105.388300 203.689500
75.461480 220.446100 102.857900 204.765700
74.069090 221.411200 100.706800 206.201300
72.862850 222.604000 98.973570 207.961100
71.841850 224.015300 97.654180 209.807200
71.023420 225.699900 96.793270 211.696800
70.421670 227.540000 96.195840 213.497700
70.034550 229.518400 95.880690 215.237100
69.813760 231.610700 95.704220 216.971500
69.670080 233.800300 95.639950 218.676300
69.603690 236.022800 95.642470 220.365000
69.545910 238.342600 95.623390 222.067100
69.499400 240.719700 95.585510 223.766700
69.469400 243.192800 95.571910 225.507100
69.384530 245.776400 95.559280 227.380300
69.232580 248.432800 95.458920 229.314400
69.094640 251.146000 95.374230 231.330700
68.950990 253.982700 95.285480 233.433600
68.811860 256.917100 95.214030 235.627100
68.650580 259.920100 95.143540 237.849800
68.462200 263.082100 95.060990 240.169200
68.288560 266.252800 94.949050 242.546800
68.096650 269.464100 94.802610 245.019300
67.903830 272.683000 94.672280 247.603800
67.721470 275.872400 94.576050 250.263600
67.525460 279.043300 94.420510 252.977000
67.317450 282.219100 94.290220 255.816000
67.111650 285.343500 94.120340 258.749800
66.901350 288.508400 93.973580 261.755500
66.688140 291.652400 93.811920 264.921200
66.478800 294.782200 93.687710 268.095600
66.289190 297.878200 93.581280 271.312700
66.078070 300.944500 93.394700 274.532900
65.826270 304.008500 93.191820 277.722300
65.573590 307.018200 93.004830 280.895500
65.274710 310.032300 92.768900 284.071100
64.924470 313.030600 92.458090 287.187800
64.540610 315.995300 92.130610 290.343500
64.089990 318.947600 91.682870 293.462800
63.671720 321.903700 91.313470 296.578100
63.304260 324.895900 90.992510 299.663500
62.967580 327.898100 90.813210 302.731000
62.699080 330.909200 90.525570 305.792100
62.553590 333.929000 90.378150 308.808700
62.402330 336.963400 90.232630 311.834600
62.266570 340.021300 90.104420 314.851500
62.116500 343.035800 89.985140 317.839300
61.993500 346.032900 89.894650 320.825200
61.866370 348.989100 89.816390 323.810400
61.760870 351.857800 89.706670 326.823700
61.679290 354.611700 89.645650 329.844100
61.586300 357.261400 89.546780 332.865900
61.550600 359.776900 89.547830 335.889500
61.577240 362.145700 89.633080 338.927100
61.603020 364.290800 89.719440 341.987300
61.628690 366.323100 89.836370 345.004300
61.649880 368.352400 89.927010 348.003200
61.624730 370.355800 89.822640 350.957300
61.511180 372.339500 89.682390 353.823200
61.271590 374.388200 89.400930 356.563800
60.966710 376.528400 89.030080 359.189200
60.637150 378.796200 88.668930 361.679600
60.324540 381.208000 88.429160 364.036800
60.065570 383.741300 88.246610 366.174700
59.884830 386.413700 88.146660 368.206000
59.789830 389.195600 88.105160 370.235800
59.765420 392.106700 88.122210 372.240300
59.766400 395.121300 88.132740 374.227600
59.728620 398.268800 88.119440 376.291000
59.673270 401.492900 88.075940 378.452600
59.575390 404.694600 88.052620 380.744000
59.425140 407.916600 87.940440 383.174200
59.267000 411.104300 87.820840 385.718200
59.084670 414.257800 87.690420 388.394700
58.913680 417.417100 87.602940 391.178700
58.748810 420.528100 87.486260 394.091600
58.574140 423.604200 87.365070 397.106400
58.437200 426.635400 87.277450 400.254800
58.286850 429.523300 87.164550 403.478200
58.117570 432.280500 87.011280 406.679900
57.924100 434.902000 86.847620 409.902800
57.663190 437.382700 86.607180 413.086200
57.368250 439.710400 86.246320 416.225600
57.036690 441.889000 85.756870 419.351500
56.656850 443.874800 85.247040 422.425000
56.323860 445.645400 84.726030 425.463000
56.148660 447.270100 84.455940 428.485600
56.616130 448.530800 84.601770 431.372900
57.333540 449.649800 85.296810 434.040900
58.025620 450.723300 86.668130 436.279300
58.683230 451.752100 88.311840 438.148700
59.300760 452.745900 90.211230 439.521900
60.051910 453.493100 92.197400 440.473900
61.232100 453.863600 94.147900 440.999800
62.575150 454.072200 95.937440 441.212200
64.075560 454.193600 97.566530 441.272100
65.729870 454.237800 98.970040 441.254000
67.536180 454.320400 100.300700 441.275100
69.481920 454.413600 101.578100 441.339100
71.568440 454.517900 102.800000 441.379400
73.783230 454.637300 103.969600 441.446400
76.158670 454.789800 105.099900 441.500000
78.646770 454.943100 106.347900 441.573800
81.225870 455.115600 107.706300 441.662600
83.916780 455.302300 109.211100 441.743200
86.702020 455.456700 110.864200 441.817000
89.526350 455.578300 112.670400 441.911800
92.412350 455.733700 114.617100 441.995900
95.328570 455.895400 116.705000 442.096100
98.249890 456.054300 118.923100 442.161800
101.184100 456.224200 121.302700 442.273300
104.093100 456.393100 123.794600 442.360600
106.998900 456.525600 126.377700 442.486000
109.897200 456.654500 129.074000 442.612200
112.749700 456.816600 131.861200 442.754300
115.610200 456.965500 134.686400 442.836500
118.400100 457.099300 137.577200 442.913100
121.145900 457.258900 140.494900 443.066800
123.876500 457.448100 143.416600 443.237200
126.583800 457.666500 146.351000 443.428900
129.241600 457.972700 149.252400 443.703400
131.877300 458.360200 152.143300 444.038600
134.472300 458.810900 155.013400 444.472500
137.047800 459.328100 157.821400 445.015200
139.578900 459.909300 160.622700 445.622700
142.082300 460.548100 163.336800 446.289900
144.536100 461.240400 165.986100 447.038400
146.935100 462.035700 168.596700 447.869900
149.323900 462.890800 171.173600 448.733200
151.645200 463.789700 173.692800 449.641000
153.953700 464.746000 176.173100 450.620400
156.216300 465.719100 178.611100 451.622600
158.442000 466.755000 181.009000 452.697400
160.610800 467.844100 183.363400 453.796300
162.721500 468.976400 185.684300 454.931400
164.765200 470.136200 187.929400 456.141300
166.772400 471.335900 190.094800 457.448300
168.632200 472.526000 192.206700 458.858500
170.346500 473.697400 194.314700 460.180200
171.909300 474.797000 196.409100 461.537300
173.302800 475.783300 198.432500 462.945500
174.556500 476.625400 200.519900 464.239100
175.656700 477.273900 202.658300 465.394900
176.667400 477.791400 204.844400 466.381500
177.693700 478.199200 207.052300 467.192500
178.769200 478.445200 209.331200 467.725200
179.820200 478.560500 211.529300 467.957400
180.911200 478.531600 213.603200 467.860000
182.068600 478.323700 215.478900 467.486500
183.262200 477.935100 217.093900 466.926700
184.488300 477.285200 218.416900 466.196200
185.759400 476.306800 219.419000 465.403300
187.077400 475.006900 220.218300 464.595900
188.478700 473.464500 220.947500 463.764400
189.953700 471.703500 221.639600 462.899800
191.518900 469.725200 222.295300 462.065900
193.208300 467.608400 222.969800 461.202200
195.017400 465.320900 223.682400 460.261300
196.863700 462.933100 224.449000 459.259200
198.729100 460.522700 225.297300 458.157900
200.614200 458.121400 226.294800 456.900200
202.510500 455.730200 227.439700 455.445400
204.411000 453.358300 228.741300 453.818000
206.321800 451.001000 230.189200 452.034500
208.222000 448.665100 231.762400 450.063000
210.114400 446.337900 233.470900 447.961200
211.976500 444.014500 235.281000 445.674200
213.836200 441.706600 237.172100 443.321300
215.683700 439.420500 239.083900 440.947900
217.555600 437.143300 241.007500 438.577600
219.471300 434.824100 242.922800 436.201900
221.450500 432.447100 244.860000 433.860500
223.466700 430.017100 246.799700 431.527000
225.486700 427.604100 248.691900 429.185200
227.506500 425.191500 250.588000 426.861200
229.526100 422.779100 252.489000 424.570200
231.545400 420.367100 254.389500 422.295900
233.564400 417.955300 256.268700 420.035700
235.559300 415.588300 258.180000 417.791400
237.436800 413.389000 260.081200 415.461100
238.780200 411.507400 262.044700 413.071500
239.937800 409.690800 264.001000 410.593800
241.095100 407.877000 265.813000 408.022300
242.251200 406.068000 267.369100 405.291000
243.408000 404.262500 268.530000 402.374600
244.011000 402.484000 269.122400 399.296800
244.001400 400.839200 269.022400 396.167900
243.616800 399.284000 268.190600 393.195800
242.890100 397.828700 266.983200 390.576300
241.873600 396.462000 265.631200 388.700500
240.631500 395.201500 264.212500 387.098900
239.221600 394.033800 262.542900 385.745100
237.618600 392.957600 260.748100 384.569400
235.793400 391.994800 258.835700 383.604900
233.764600 391.138800 257.064300 382.891500
231.526900 390.407500 255.474100 382.429500
229.101900 389.773400 253.916800 382.033400
226.502900 389.204300 252.316700 381.719100
223.725900 388.759000 250.633200 381.438100
220.797800 388.372500 248.875900 381.199700
217.710700 387.983400 247.053900 380.980300
214.530600 387.607200 245.130000 380.755900
211.281800 387.245500 243.072400 380.537300
207.989900 386.906600 240.872800 380.354500
204.658000 386.595500 238.520200 380.189300
201.286800 386.304300 236.016400 380.004800
197.918900 386.031200 233.359400 379.797300
194.555800 385.786300 230.547400 379.631600
191.207200 385.554600 227.592600 379.543800
187.886200 385.358400 224.486600 379.333700
184.599200 385.187900 221.288700 379.158200
181.348200 385.028900 218.019800 379.063900
178.125300 384.880300 214.713600 378.899000
174.940200 384.732200 211.370300 378.734100
171.787000 384.605200 207.986600 378.649000
168.667500 384.479200 204.608300 378.562800
165.610000 384.375800 201.235900 378.491000
162.651900 384.300900 197.878600 378.479200
159.841600 384.253100 194.550300 378.458900
157.212800 384.244100 191.258700 378.351800
154.757500 384.238100 188.002700 378.366200
152.465500 384.177300 184.776600 378.289000
150.349500 384.033300 181.596200 378.040800
148.462800 383.774700 178.463500 377.649600
146.861800 383.342900 175.426800 376.945300
145.493000 382.652100 172.690400 375.580100
144.342900 381.710300 170.398100 373.722200
143.476000 380.548800 168.723600 371.475500
142.885900 379.215000 167.632600 369.090200
142.512900 377.743300 167.139100 366.694100
142.317800 376.136600 166.789100 364.428500
142.188100 374.395800 166.594300 362.314900
142.147200 372.567400 166.484800 360.411700
142.122900 370.607400 166.405000 358.749300
142.117600 368.494900 166.368500 357.209600
142.130800 366.233800 166.331400 355.715900
142.204400 363.814600 166.336500 354.262100
142.299400 361.231000 166.342500 352.798600
142.415300 358.474700 166.371400 351.278400
142.582500 355.558100 166.445800 349.659200
142.739700 352.539000 166.474800 347.912800
142.891900 349.439100 166.504100 346.082300
143.064500 346.281300 166.563200 344.121600
143.227100 343.091000 166.600800 342.008300
143.425200 339.887400 166.655400 339.746600
143.616200 336.700500 166.694600 337.325700
143.795900 333.502200 166.756400 334.740500
144.005700 330.337500 166.803100 331.981000
144.230000 327.130600 166.846500 329.058500
144.419100 323.896200 166.875900 326.034200
144.587400 320.591100 166.986300 322.932200
144.754600 317.239000 167.039900 319.770100
144.941900 313.833000 167.135500 316.576600
145.157300 310.363000 167.217600 313.367500
145.368500 306.861100 167.331100 310.176400
145.569800 303.322100 167.471600 306.975700
145.779600 299.781500 167.568700 303.804300
145.995800 296.224300 167.658100 300.589300
146.232800 292.723700 167.747600 297.349100
146.466500 289.221500 167.908100 294.043100
146.685200 285.746000 167.955700 290.685800
146.893800 282.281200 167.961500 287.274400
147.103700 278.834100 168.023400 283.797900
147.309200 275.380000 168.163000 280.290100
147.469000 272.014900 168.242400 276.744200
147.644100 268.640500 168.342200 273.199600
147.828000 265.287400 168.438200 269.636200
148.018700 262.011300 168.595200 266.131200
148.191600 258.776500 168.699800 262.622800
148.362500 255.568000 168.828500 259.142200
148.542700 252.484800 168.939700 255.671500
148.699400 249.530100 169.019800 252.218700
148.855100 246.697000 169.117400 248.758800
149.012000 244.059600 169.236600 245.390600
149.177500 241.565300 169.417600 242.017400
149.354100 239.240800 169.608700 238.663900
149.518500 237.141100 169.802500 235.385700
149.688400 235.241100 170.050700 232.156600
149.831600 233.536700 170.246700 228.948400
149.906300 232.004900 170.393500 225.861700
149.838700 230.619900 170.189700 222.912800
149.635100 229.344100 169.708400 220.117100
149.241300 228.150200 168.831700 217.625500
148.716100 227.039600 167.688400 215.403100
148.000700 226.008200 166.334100 213.506000
147.075700 225.048900 164.909800 211.955000
145.937600 224.217300 163.408100 210.783700
144.564400 223.496400 161.900900 209.979300
143.010800 222.963900 160.450200 209.482900
141.316600 222.568700 159.099300 209.163400
139.454500 222.334500 157.817800 208.988100
137.425000 222.166300 156.563200 208.876700
135.205500 222.050100 155.333900 208.826400
132.804000 221.961500 154.076900 208.766700
130.267400 221.919300 152.741100 208.749700
127.508700 221.882500 151.325900 208.721000
124.622700 221.854300 149.773000 208.642900
121.664000 221.830100 148.127400 208.619600
118.657200 221.763300 146.385600 208.597100
115.641600 221.685500 144.506800 208.547400
112.627300 221.570300 142.470200 208.474400
109.673500 221.356100 140.246700 208.402500
106.754900 221.166500 137.843500 208.298900
103.815900 220.977200 135.308700 208.189700
100.933900 220.822800 132.549200 208.130800
98.075460 220.656000 129.664900 207.980800
95.253020 220.487500 126.707200 207.858900
92.486910 220.344500 123.701400 207.722100
89.875370 220.223200 120.686100 207.573400
87.458400 220.103100 117.670100 207.517300
85.308900 219.940400 114.709200 207.392700
83.404740 219.814900 111.788100 207.242100
81.811460 219.719400 108.843300 207.265400
80.386560 219.682400 105.956500 207.321100
79.003730 219.767200 103.119800 207.636000
77.660700 220.007600 100.344500 208.144700
76.371580 220.406400 97.697130 208.907500
75.155860 220.960300 95.298440 209.942800
74.011040 221.726500 93.289720 211.290200
72.923470 222.715600 91.676730 212.719500
71.978870 223.872400 90.467020 214.192000
71.184520 225.266700 89.731010 215.606000
70.559680 226.755300 89.198430 216.928800
70.106430 228.212400 88.823260 218.261600
69.780350 229.717400 88.558480 219.601100
69.611080 231.273600 88.425890 220.946600
69.507330 232.885000 88.364890 222.282900
69.413710 234.508900 88.294180 223.664300
69.343880 236.144900 88.260200 225.136300
69.165330 237.775100 88.142880 226.627900
68.850580 239.377200 87.858430 228.209900
68.411010 240.827300 87.345020 229.739000
67.727420 242.111200 86.669890 231.106000
66.803100 243.182900 85.703060 232.301400
65.701790 244.107800 84.523130 233.325600
64.448250 244.782200 83.099530 234.087000
63.080800 245.260000 81.617040 234.749000
61.580750 245.474700 79.994340 234.959200
60.021940 245.545100 78.360600 235.083700
58.373630 245.501300 76.729270 235.137200
56.557790 245.387700 75.216200 235.140100
54.575700 245.267600 73.753250 235.136300
52.422320 245.171900 72.329500 235.124000
50.087930 245.081900 70.883880 235.096500
47.581640 245.008900 69.453880 235.082700
44.918970 244.937600 67.996660 235.046900
42.122820 244.817200 66.476250 235.024000
39.164720 244.672400 64.913170 234.977200
36.057060 244.510700 63.262980 234.910500
32.840100 244.318200 61.442430 234.837000
29.595440 244.119000 59.456300 234.729000
26.356030 243.938500 57.303000 234.587800
23.136280 243.778100 54.965510 234.507600
19.923890 243.574600 52.457810 234.389900
16.771670 243.333700 49.798940 234.191100
13.661940 243.082500 47.000860 234.044100
10.666390 242.818300 44.043740 233.847400
7.814747 242.555200 40.933190 233.663400
5.139292 242.325200 37.713300 233.473800
2.679849 242.118700 34.462640 233.335300
0.450309 241.930700 31.220790 233.171200
-1.528966 241.776000 27.996560 233.020400
-3.228819 241.670700 24.785920 232.780400
-4.618300 241.633500 21.624720 232.776900
-5.727634 241.635600 18.506040 232.773900
-6.594910 241.676300 15.508580 233.002200
-7.316062 241.736500 12.697120 233.540200
-7.999830 241.824600 10.060600 233.975500
-8.668434 241.971800 7.685748 234.646000
-9.310473 242.159800 5.533474 235.239400
-10.040280 242.489600 3.745358 236.089300
-10.900630 242.986700 2.297406 236.986700
-11.788840 243.696900 1.186142 237.814800
-12.605680 244.629900 0.471827 238.661100
-13.325190 245.805400 -0.002698 239.386300
-13.876090 247.212100 -0.261381 240.060900
-14.262280 248.903900 -0.407226 240.734600
-14.456720 250.843200 -0.460129 241.416600
-14.534350 252.994100 -0.420996 242.080300
-14.597030 255.350200 -0.429143 242.881900
-14.667090 257.910700 -0.440637 243.875700
-14.735990 260.649600 -0.454022 245.014900
-14.849520 263.575900 -0.515474 246.256000
-14.957480 266.729800 -0.543041 247.637300
-15.059630 270.015600 -0.601331 249.148100
-15.182710 273.477200 -0.640936 250.883300
-15.303150 277.021400 -0.725452 252.830100
-15.440230 280.658500 -0.853734 254.978600
-15.590580 284.351600 -0.951117 257.333600
-15.764490 288.068200 -1.098438 259.890900
-15.946800 291.811700 -1.227993 262.627600
-16.099940 295.543400 -1.313391 265.554600
-16.260060 299.308400 -1.453147 268.707300
-16.425310 303.105800 -1.603166 271.991400
-16.590140 306.893300 -1.779146 275.451200
-16.756680 310.705900 -1.934232 278.994200
-16.910250 314.536100 -2.132566 282.628900
-17.062160 318.371600 -2.269282 286.323000
-17.211700 322.183300 -2.432240 290.038500
-17.359600 325.995800 -2.609029 293.782000
-17.503240 329.777900 -2.833948 297.510300
-17.652950 333.537700 -2.960120 301.278300
-17.803470 337.274400 -3.198399 305.072900
-17.965510 340.928300 -3.424026 308.857800
-18.139020 344.467400 -3.648763 312.669400
-18.309560 347.827300 -3.907983 316.494500
-18.498430 351.069300 -4.174300 320.324400
-18.657830 354.177800 -4.323937 324.136600
-18.779270 357.113600 -4.510510 327.947600
-18.870160 359.864000 -4.602175 331.731000
-18.946200 362.402300 -4.672841 335.490400
-18.990920 364.711200 -4.743102 339.229800
-19.050610 366.784400 -4.776067 342.878300
-19.150770 368.599600 -5.033473 346.411300
-19.288630 370.232600 -5.388471 349.747000
-19.600770 371.746300 -6.140743 352.904000
-20.181060 373.134000 -7.228510 355.807400
-21.046240 374.352900 -9.324588 357.800800
-22.127780 375.353800 -11.457550 359.520200
-23.457040 376.098400 -13.640030 360.805800
-24.934490 376.556700 -15.839130 361.478200
-26.555040 376.670400 -17.908500 361.582200
-28.276760 376.521700 -19.714040 361.379300
-30.056280 376.231600 -21.332240 361.114600
-31.975970 375.881500 -22.859810 360.868700
-34.041570 375.538800 -24.353760 360.659100
-36.312400 375.174700 -25.838600 360.431300
-38.740670 374.815500 -27.310450 360.235200
-41.349510 374.513500 -28.843930 360.099000
-44.097790 374.260800 -30.412450 360.006000
-47.011360 374.040700 -32.044150 359.930200
-50.040150 373.823900 -33.770470 359.818500
-53.185680 373.618900 -35.573280 359.743700
-56.406270 373.421900 -37.522290 359.630600
-59.653410 373.251300 -39.615960 359.558800
-62.943060 373.083600 -41.914290 359.485700
-66.219570 372.909300 -44.367890 359.399200
-69.486870 372.732000 -46.994170 359.336700
-72.726120 372.532900 -49.745750 359.108300
-75.949990 372.348800 -52.666740 358.964600
-79.132360 372.198800 -55.701840 358.794800
-82.276670 372.085900 -58.855130 358.705500
-85.318380 372.021300 -62.083010 358.669400
-88.202870 371.999200 -65.336080 358.706200
-90.927450 371.989600 -68.631370 358.686100
-93.555550 371.974900 -71.915210 358.709100
-96.169310 371.894100 -75.188090 358.615500
-98.735200 371.699400 -78.425050 358.389300
-101.335900 371.405700 -81.649440 358.191000
-104.006100 371.090100 -84.816460 357.832100
-106.771100 370.792200 -87.941650 357.456300
-109.682200 370.477800 -90.965580 357.112500
-112.739100 370.228500 -93.842880 356.902100
-115.931600 370.036400 -96.567570 356.846400
-119.286600 369.828600 -99.192100 356.703900
-122.729500 369.724600 -101.806700 356.665100
-126.288700 369.671200 -104.380300 356.609900
-129.839700 369.662300 -106.996200 356.691600
-133.385600 369.650900 -109.684700 356.700300
-136.894400 369.634000 -112.466300 356.685100
-140.398100 369.514400 -115.394500 356.569700
-143.862100 369.340500 -118.460400 356.411500
-147.327600 369.166400 -121.658800 356.276700
-150.737000 368.971100 -125.014300 356.052200
-154.158600 368.781900 -128.453400 355.838900
-157.533900 368.539100 -132.001300 355.535200
-160.863100 368.281900 -135.537200 355.195500
-164.185700 368.025000 -139.073800 354.913700
-167.432800 367.748600 -142.564500 354.558900
-170.642400 367.488400 -146.059000 354.262500
-173.841400 367.227100 -149.515500 353.966100
-177.023700 366.951400 -152.976900 353.712600
-180.244500 366.730400 -156.384700 353.466800
-183.473900 366.580900 -159.810500 353.340100
-186.744800 366.472000 -163.195500 353.234500
-190.033500 366.367300 -166.534900 353.121500
-193.355400 366.250500 -169.867100 352.989000
-196.716900 366.188600 -173.126800 352.900100
-200.121200 366.182600 -176.348300 352.918800
-203.540500 366.199800 -179.558700 352.903100
-206.952700 366.227500 -182.754300 352.929900
-210.347900 366.285500 -185.983400 352.985300
-213.706200 366.365900 -189.216700 353.025500
-217.009500 366.481900 -192.489200 353.100900
-220.179700 366.654500 -195.775900 353.288800
-223.191200 366.879000 -199.094000 353.502000
-226.097000 367.114900 -202.447100 353.770100
-228.814800 367.345400 -205.839600 354.077200
-231.386300 367.584000 -209.248400 354.374800
-233.712600 367.887700 -212.628300 354.856300
-235.782000 368.275800 -215.981400 355.402400
-237.675400 368.737900 -219.246400 356.200900
-239.369400 369.206200 -222.428400 357.103200
-240.923900 369.617600 -225.502700 357.899700
-242.343700 369.946600 -228.455300 358.538000
-243.617800 370.200700 -231.323600 359.062100
-244.859400 370.340600 -234.028200 359.401900
-246.077300 370.391700 -236.608500 359.521300
-247.267700 370.379800 -238.955000 359.543100
-248.493500 370.333700 -241.054000 359.385100
-249.783700 370.306600 -243.003100 359.358300
-251.078800 370.299200 -244.760400 359.335100
-252.358200 370.349900 -246.363000 359.466800
-253.632100 370.436500 -247.812100 359.603800
-254.850600 370.581800 -249.100900 359.757800
-255.940600 370.729900 -250.346200 359.858700
-256.915700 370.895600 -251.539300 360.105100
-257.880300 371.026600 -252.723100 360.169900
-258.825300 371.074700 -253.947700 360.230600
-259.790200 371.036700 -255.237900 360.208600
-260.853800 370.865000 -256.498400 359.916000
-261.981300 370.525600 -257.720000 359.536900
-263.149900 369.955400 -258.885800 359.016400
-264.334300 369.128800 -259.897900 358.325700
-265.453200 367.983800 -260.680500 357.552500
-266.451000 366.525200 -261.262500 356.753800
-267.251800 364.723800 -261.701600 355.884700
-267.949500 362.709300 -262.046700 355.003300
-268.506500 360.485200 -262.300000 354.070500
-268.941500 358.026800 -262.522300 353.014100
-269.220400 355.348600 -262.690400 351.847100
-269.448800 352.477300 -262.838400 350.552500
-269.718000 349.407100 -263.003100 349.114700
-269.985700 346.177700 -263.178300 347.520200
-270.257600 342.841000 -263.346000 345.758000
-270.518100 339.408900 -263.517600 343.789900
-270.754500 335.850800 -263.713600 341.662400
-270.955500 332.279200 -263.908800 339.374900
-271.100700 328.699800 -264.064400 336.881600
-271.205200 325.126400 -264.202600 334.190600
-271.267700 321.587300 -264.333400 331.312000
-271.275200 318.070500 -264.416300 328.229800
-271.222900 314.582000 -264.433900 324.987900
-271.120000 311.120600 -264.418400 321.638500
-270.978000 307.683800 -264.367900 318.195300
-270.782700 304.265600 -264.238900 314.629700
-270.528600 300.853100 -264.045600 311.054900
-270.242000 297.429400 -263.802800 307.480200
-269.919600 293.989900 -263.512100 303.915500
-269.545200 290.528500 -263.234600 300.384900
-269.141700 287.042100 -262.913800 296.881300
-268.688300 283.528200 -262.572600 293.407400
-268.188900 279.998100 -262.153500 289.968100
-267.644900 276.438400 -261.719300 286.554500
-267.060700 272.864800 -261.272700 283.158400
-266.415600 269.267600 -260.741600 279.776600
-265.703700 265.659900 -260.153400 276.390400
-264.933700 262.028500 -259.491300 272.998700
-264.083600 258.356100 -258.795300 269.586700
-263.198600 254.694500 -258.037900 266.159000
-262.249500 251.044300 -257.222400 262.710200
-261.237300 247.429800 -256.356000 259.250800
-260.189300 243.839800 -255.430500 255.770100
-259.094000 240.246100 -254.462700 252.280100
-257.955600 236.666200 -253.468200 248.762600
-256.772700 233.104800 -252.406600 245.240900
-255.531300 229.548500 -251.317600 241.691500
-254.248400 226.028100 -250.145900 238.108000
-252.919100 222.544000 -248.891400 234.555700
-251.574800 219.079600 -247.615200 231.006000
-250.208800 215.633800 -246.289000 227.493900
-248.823500 212.212300 -244.971300 223.993400
-247.396200 208.816100 -243.598300 220.496000
-245.924600 205.438400 -242.230300 216.997000
-244.407500 202.096000 -240.752700 213.547200
-242.864900 198.761700 -239.275200 210.082300
-241.279000 195.474400 -237.743600 206.662300
-239.649300 192.235800 -236.153400 203.289200
-237.983200 189.035400 -234.545400 199.938900
-236.298900 185.858800 -232.899100 196.617500
-234.588400 182.702700 -231.252100 193.313700
-232.835600 179.589900 -229.544800 190.049100
-231.009300 176.491000 -227.787300 186.810400
-229.111700 173.245900 -225.968700 183.621900
-227.176300 170.021800 -224.126600 180.443100
-225.177100 166.838100 -222.245700 177.314900
-223.121100 163.678300 -220.329300 174.237400
-221.021800 160.583500 -218.382000 171.199800
-218.906700 157.528200 -216.454600 168.165200
-216.758300 154.516100 -214.461300 165.179300
-214.598900 151.542200 -212.464100 162.217000
-212.419400 148.613400 -210.381100 159.285000
-210.228200 145.723000 -208.179200 156.237900
-207.984500 142.875200 -205.929700 153.224500
-205.709300 140.044600 -203.652700 150.233600
-203.367700 137.252600 -201.318900 147.273500
-200.986900 134.476000 -198.962400 144.369600
-198.545200 131.709700 -196.599800 141.501500
-196.059300 128.939500 -194.196100 138.689000
-193.510200 126.196800 -191.761900 135.936100
-190.897300 123.468900 -189.319000 133.224200
-188.227400 120.762000 -186.867400 130.551300
-185.497000 118.076800 -184.353600 127.939100
-182.724000 115.414700 -181.779300 125.378100
-179.874900 112.756200 -179.176600 122.827900
-176.963500 110.129700 -176.547800 120.284900
-174.022700 107.478800 -173.888000 117.727900
-171.062700 104.830200 -171.161000 115.194800
-168.072200 102.205400 -168.434300 112.628400
-165.063500 99.572080 -165.667600 110.056600
-162.094200 96.925240 -162.887900 107.462600
-159.158100 94.245620 -160.148400 104.786700
-156.222000 91.591220 -157.354400 102.147000
-153.302600 88.949020 -154.528900 99.463420
-150.415700 86.290970 -151.704000 96.744960
-147.525700 83.616700 -148.841600 94.010280
-144.616800 80.967880 -145.959500 91.277540
-141.680000 78.334030 -143.075300 88.536570
-138.744900 75.701910 -140.163600 85.796740
-135.803000 73.066790 -137.279300 83.057810
-132.863800 70.434610 -134.376400 80.343600
-129.933000 67.796650 -131.493000 77.632620
-127.009300 65.165490 -128.633800 74.925990
-124.094300 62.565200 -125.764700 72.248700
-121.185800 59.961850 -122.900600 69.546600
-118.275800 57.358150 -120.058500 66.826340
-115.383500 54.746480 -117.200600 64.107620
-112.487100 52.132910 -114.320700 61.416160
-109.563100 49.507800 -111.444000 58.710230
-106.649400 46.882310 -108.574700 56.002300
-103.717200 44.240620 -105.701800 53.301180
-100.776700 41.607720 -102.854900 50.587170
-97.815960 38.955960 -100.021400 47.898810
-94.863170 36.299440 -97.199820 45.202380
-91.884440 33.643060 -94.347970 42.536030
-88.909720 30.989760 -91.502020 39.874830
-85.917480 28.322680 -88.671380 37.190360
-82.929050 25.668410 -85.789940 34.518870
-79.941980 23.038030 -82.904150 31.864060
-76.962720 20.421650 -80.006880 29.184560
-74.007520 17.823510 -77.137420 26.474090
-71.092400 15.226900 -74.253920 23.738070
-68.209240 12.634500 -71.391600 20.983850
-65.354250 10.051970 -68.491180 18.241760
-62.542350 7.481356 -65.605560 15.492720
-59.754040 4.927046 -62.685970 12.747000
-57.009180 2.422195 -59.805210 9.976551
-54.340090 0.009828 -56.936370 7.218425
-51.766990 -2.296378 -54.041410 4.509622
-49.260900 -4.526641 -51.173870 1.815978
-46.853800 -6.677798 -48.351710 -0.879339
-44.569730 -8.685225 -45.494410 -3.495864
-42.404320 -10.528340 -42.619510 -6.054773
-40.364200 -12.198710 -39.724380 -8.528953
-38.389800 -13.695430 -36.743180 -10.851590
-36.423220 -15.003710 -33.714470 -12.999890
-34.423200 -16.097900 -30.561520 -14.721800
-32.364650 -16.913830 -27.389110 -16.077450
-30.265120 -17.411740 -24.139400 -16.908120
-28.163420 -17.604910 -20.936160 -17.291020
-26.110560 -17.459960 -17.901110 -17.133630
-24.143360 -16.987220 -15.112100 -16.593340
-22.296980 -16.217800 -12.657320 -15.639100
-20.604650 -15.231400 -10.573410 -14.334080
-19.008910 -14.153640 -8.936515 -12.653450
-17.427180 -13.090130 -6.893299 -11.684490
-15.874640 -12.069320 -5.628852 -9.939685
-14.363580 -11.106930 -3.723117 -8.982551
-12.922670 -10.242620 -2.009616 -7.769706
-11.574780 -9.466819 -0.249567 -6.720599
-10.317910 -8.788752 1.601702 -5.898720
-9.188230 -8.193104 3.431868 -5.083625
-8.211014 -7.716742 5.250646 -4.348621
-7.426664 -7.335419 7.032220 -3.613590
-6.732949 -7.004384 8.791074 -2.872808
-6.081177 -6.624412 10.455920 -2.043067
-5.489078 -6.233971 12.046850 -1.215805
-4.934984 -5.802268 13.434350 -0.266029
-4.339961 -5.285216 14.670090 0.675576
-3.697865 -4.592905 15.672060 1.693345
-3.037676 -3.769289 16.530850 2.640699
-2.408137 -2.790908 17.186420 3.509016
-1.801721 -1.625169 17.654940 4.243127
-1.269630 -0.215074 17.986180 4.938144
-0.812186 1.417145 18.252860 5.644027
-0.577413 3.304554 18.405500 6.336874
-0.470925 5.426109 18.502120 7.033391
-0.476637 7.694492 18.567560 7.820142
-0.570738 10.119870 18.609220 8.765568
-0.648451 12.686750 18.672180 9.821147
-0.748385 15.378500 18.731750 10.984270
-0.860824 18.191740 18.781920 12.298700
-0.998219 21.084400 18.831780 13.805590
-1.176238 24.100490 18.881650 15.501160
-1.395968 27.224660 18.899980 17.402750
-1.640741 30.420880 18.915800 19.526590
-1.879320 33.664680 18.944420 21.793910
-2.150183 36.923590 19.004840 24.219840
-2.397389 40.249040 19.044220 26.785560
-2.638864 43.594280 19.058770 29.478690
-2.848280 46.962570 19.119380 32.293320
-3.041372 50.356970 19.185550 35.188570
-3.212653 53.820380 19.261760 38.208760
-3.380992 57.307360 19.368210 41.337950
-3.567609 60.834770 19.400250 44.542460
-3.786600 64.385720 19.442480 47.794050
-3.981904 67.973540 19.503730 51.064440
-4.173959 71.565920 19.660080 54.394490
-4.396788 75.106490 19.698720 57.748140
-4.593996 78.623730 19.753600 61.123220
-4.800834 82.136440 19.897330 64.519970
-5.016400 85.597270 19.955750 67.985770
-5.214554 89.008160 20.084260 71.474010
-5.369648 92.435540 20.139690 75.003540
-5.524006 95.827610 20.227620 78.558310
