20.000000 0.000628
40.000000 0.000418
60.000000 0.000337
80.000000 0.000298
100.000000 0.000262
120.000000 0.000236
140.000000 0.000216
160.000000 0.000198
180.000000 0.000184
200.000000 0.000173
220.000000 0.000165
240.000000 0.000160
260.000000 0.000154
280.000000 0.000150
300.000000 0.000146
320.000000 0.000143
340.000000 0.000138
360.000000 0.000134
380.000000 0.000129
400.000000 0.000126
420.000000 0.000122
440.000000 0.000119
460.000000 0.000117
480.000000 0.000113
500.000000 0.000110
520.000000 0.000107
540.000000 0.000106
560.000000 0.000103
580.000000 0.000101
600.000000 0.000099
620.000000 0.000096
640.000000 0.000096
660.000000 0.000095
680.000000 0.000093
700.000000 0.000092
720.000000 0.000091
740.000000 0.000090
760.000000 0.000089
780.000000 0.000087
800.000000 0.000086
820.000000 0.000086
840.000000 0.000085
860.000000 0.000084
880.000000 0.000084
900.000000 0.000083
920.000000 0.000082
940.000000 0.000081
960.000000 0.000080
980.000000 0.000080
1000.000000 0.000080
1020.000000 0.000079
1040.000000 0.000078
1060.000000 0.000078
1080.000000 0.000078
1100.000000 0.000077
1120.000000 0.000077
1140.000000 0.000077
1160.000000 0.000077
1180.000000 0.000077
1200.000000 0.000076
1220.000000 0.000077
1240.000000 0.000077
1260.000000 0.000076
1280.000000 0.000076
1300.000000 0.000076
1320.000000 0.000076
1340.000000 0.000076
1360.000000 0.000076
1380.000000 0.000076
1400.000000 0.000076
1420.000000 0.000076
1440.000000 0.000077
1460.000000 0.000077
1480.000000 0.000077
1500.000000 0.000077
1520.000000 0.000078
1540.000000 0.000078
1560.000000 0.000078
1580.000000 0.000079
1600.000000 0.000079
1620.000000 0.000079
1640.000000 0.000079
1660.000000 0.000079
1680.000000 0.000080
1700.000000 0.000080
1720.000000 0.000080
1740.000000 0.000080
1760.000000 0.000080
1780.000000 0.000080
1800.000000 0.000080
1820.000000 0.000080
1840.000000 0.000079
1860.000000 0.000079
1880.000000 0.000079
1900.000000 0.000079
1920.000000 0.000079
1940.000000 0.000078
1960.000000 0.000078
1980.000000 0.000078
2000.000000 0.000078
2020.000000 0.000078
2040.000000 0.000078
2060.000000 0.000078
2080.000000 0.000077
2100.000000 0.000077
2120.000000 0.000077
2140.000000 0.000077
2160.000000 0.000076
2180.000000 0.000076
2200.000000 0.000075
2220.000000 0.000075
2240.000000 0.000075
2260.000000 0.000074
2280.000000 0.000074
2300.000000 0.000074
2320.000000 0.000074
2340.000000 0.000073
2360.000000 0.000073
2380.000000 0.000073
2400.000000 0.000072
2420.000000 0.000072
2440.000000 0.000072
2460.000000 0.000072
2480.000000 0.000072
2500.000000 0.000071
2520.000000 0.000071
2540.000000 0.000071
2560.000000 0.000071
2580.000000 0.000071
2600.000000 0.000071
2620.000000 0.000071
2640.000000 0.000070
2660.000000 0.000070
2680.000000 0.000070
2700.000000 0.000069
2720.000000 0.000069
2740.000000 0.000070
2760.000000 0.000069
2780.000000 0.000069
2800.000000 0.000070
2820.000000 0.000070
2840.000000 0.000070
2860.000000 0.000070
2880.000000 0.000070
2900.000000 0.000070
2920.000000 0.000070
2940.000000 0.000070
2960.000000 0.000070
2980.000000 0.000070
3000.000000 0.000070
3020.000000 0.000070
3040.000000 0.000070
3060.000000 0.000070
3080.000000 0.000070
3100.000000 0.000070
3120.000000 0.000070
3140.000000 0.000070
3160.000000 0.000069
3180.000000 0.000069
3200.000000 0.000069
3220.000000 0.000070
3240.000000 0.000069
3260.000000 0.000070
3280.000000 0.000070
3300.000000 0.000070
3320.000000 0.000070
3340.000000 0.000071
3360.000000 0.000072
3380.000000 0.000072
3400.000000 0.000072
3420.000000 0.000072
3440.000000 0.000072
3460.000000 0.000072
3480.000000 0.000072
3500.000000 0.000072
3520.000000 0.000072
3540.000000 0.000072
3560.000000 0.000072
3580.000000 0.000072
3600.000000 0.000073
3620.000000 0.000073
3640.000000 0.000072
3660.000000 0.000072
3680.000000 0.000072
3700.000000 0.000070
