20.000000 0.177344
40.000000 0.145996
60.000000 0.117045
80.000000 0.096323
100.000000 0.085271
120.000000 0.078110
140.000000 0.070098
160.000000 0.064777
180.000000 0.060750
200.000000 0.056687
220.000000 0.051876
240.000000 0.048387
260.000000 0.046798
280.000000 0.045711
300.000000 0.043902
320.000000 0.042057
340.000000 0.040687
360.000000 0.039381
380.000000 0.038119
400.000000 0.036773
420.000000 0.035697
440.000000 0.034931
460.000000 0.033990
480.000000 0.032930
500.000000 0.032106
520.000000 0.031357
540.000000 0.030485
560.000000 0.029367
580.000000 0.028479
600.000000 0.027594
620.000000 0.026647
640.000000 0.025427
660.000000 0.024426
680.000000 0.023698
700.000000 0.023085
720.000000 0.022678
740.000000 0.022462
760.000000 0.021971
780.000000 0.021360
800.000000 0.020695
820.000000 0.020159
840.000000 0.019787
860.000000 0.019432
880.000000 0.019086
900.000000 0.019053
920.000000 0.018974
940.000000 0.018784
960.000000 0.018621
980.000000 0.018489
1000.000000 0.018314
1020.000000 0.018039
1040.000000 0.017703
1060.000000 0.017571
1080.000000 0.017570
1100.000000 0.017509
1120.000000 0.017573
1140.000000 0.017700
1160.000000 0.017781
1180.000000 0.017763
1200.000000 0.017899
1220.000000 0.017991
1240.000000 0.018103
1260.000000 0.018112
1280.000000 0.018117
1300.000000 0.018020
1320.000000 0.017985
1340.000000 0.018214
1360.000000 0.018324
1380.000000 0.018309
1400.000000 0.018316
1420.000000 0.018447
1440.000000 0.018627
1460.000000 0.018589
1480.000000 0.018517
1500.000000 0.018471
1520.000000 0.018485
1540.000000 0.018516
1560.000000 0.018442
1580.000000 0.018234
1600.000000 0.017990
1620.000000 0.017854
1640.000000 0.017740
1660.000000 0.017670
1680.000000 0.017704
1700.000000 0.017661
1720.000000 0.017449
1740.000000 0.017220
1760.000000 0.017156
1780.000000 0.017117
1800.000000 0.017034
1820.000000 0.016930
1840.000000 0.016690
1860.000000 0.016566
1880.000000 0.016534
1900.000000 0.016497
1920.000000 0.016499
1940.000000 0.016433
1960.000000 0.016406
1980.000000 0.016502
2000.000000 0.016470
2020.000000 0.016331
2040.000000 0.016318
2060.000000 0.016199
2080.000000 0.016076
2100.000000 0.015960
2120.000000 0.015802
2140.000000 0.015765
2160.000000 0.015772
2180.000000 0.015743
2200.000000 0.015633
2220.000000 0.015510
2240.000000 0.015368
2260.000000 0.015173
2280.000000 0.015021
2300.000000 0.014981
2320.000000 0.014870
2340.000000 0.014637
2360.000000 0.014301
2380.000000 0.014217
2400.000000 0.014227
2420.000000 0.014187
2440.000000 0.014135
2460.000000 0.014146
2480.000000 0.014129
2500.000000 0.014113
2520.000000 0.014197
2540.000000 0.014268
2560.000000 0.014300
2580.000000 0.014348
2600.000000 0.014549
2620.000000 0.014745
2640.000000 0.014833
2660.000000 0.014944
2680.000000 0.015108
2700.000000 0.015284
2720.000000 0.015419
2740.000000 0.015778
2760.000000 0.016102
2780.000000 0.016348
2800.000000 0.016591
2820.000000 0.016887
2840.000000 0.017150
2860.000000 0.017284
2880.000000 0.017441
2900.000000 0.017559
2920.000000 0.017632
2940.000000 0.017641
2960.000000 0.017646
2980.000000 0.017573
3000.000000 0.017502
3020.000000 0.017392
3040.000000 0.017279
3060.000000 0.017282
3080.000000 0.017077
3100.000000 0.016871
3120.000000 0.016605
3140.000000 0.016334
3160.000000 0.016067
3180.000000 0.015782
3200.000000 0.015579
3220.000000 0.015490
3240.000000 0.015307
3260.000000 0.015022
3280.000000 0.014733
3300.000000 0.014503
3320.000000 0.014321
3340.000000 0.014176
3360.000000 0.014376
3380.000000 0.014310
3400.000000 0.014318
3420.000000 0.014367
3440.000000 0.014568
3460.000000 0.014728
3480.000000 0.014732
3500.000000 0.014737
3520.000000 0.014579
3540.000000 0.014307
3560.000000 0.013981
3580.000000 0.013780
3600.000000 0.013453
3620.000000 0.012877
3640.000000 0.012639
3660.000000 0.012273
3680.000000 0.011794
3700.000000 0.011337
