20.000000 0.000316
40.000000 0.000207
60.000000 0.000169
80.000000 0.000149
100.000000 0.000137
120.000000 0.000128
140.000000 0.000121
160.000000 0.000117
180.000000 0.000113
200.000000 0.000115
220.000000 0.000112
240.000000 0.000109
260.000000 0.000105
280.000000 0.000106
300.000000 0.000102
320.000000 0.000099
340.000000 0.000096
360.000000 0.000092
380.000000 0.000087
400.000000 0.000084
420.000000 0.000083
440.000000 0.000084
460.000000 0.000084
480.000000 0.000079
500.000000 0.000073
520.000000 0.000069
540.000000 0.000061
