20.000000 0.014623
40.000000 0.010925
60.000000 0.009584
80.000000 0.009316
100.000000 0.008868
120.000000 0.008404
140.000000 0.008303
160.000000 0.008176
180.000000 0.008224
200.000000 0.008363
220.000000 0.008323
240.000000 0.008417
260.000000 0.008366
280.000000 0.008291
300.000000 0.008548
320.000000 0.008862
340.000000 0.009097
360.000000 0.009551
380.000000 0.010063
400.000000 0.010851
420.000000 0.011619
440.000000 0.012284
460.000000 0.012679
480.000000 0.012446
500.000000 0.011384
520.000000 0.009982
540.000000 0.009933
