20.000000 0.000270
40.000000 0.000183
60.000000 0.000138
80.000000 0.000119
100.000000 0.000111
120.000000 0.000101
140.000000 0.000090
160.000000 0.000083
180.000000 0.000074
200.000000 0.000070
220.000000 0.000065
240.000000 0.000062
260.000000 0.000058
280.000000 0.000059
300.000000 0.000054
320.000000 0.000052
340.000000 0.000052
360.000000 0.000051
380.000000 0.000049
400.000000 0.000048
420.000000 0.000048
440.000000 0.000047
460.000000 0.000044
480.000000 0.000041
500.000000 0.000043
520.000000 0.000045
540.000000 0.000046
