20.000000 0.013217
40.000000 0.009948
60.000000 0.008723
80.000000 0.008474
100.000000 0.008668
120.000000 0.008962
140.000000 0.009272
160.000000 0.009451
180.000000 0.009459
200.000000 0.009530
220.000000 0.009626
240.000000 0.009705
260.000000 0.009897
280.000000 0.010041
300.000000 0.010071
320.000000 0.010037
340.000000 0.010021
360.000000 0.009644
380.000000 0.009338
400.000000 0.008738
420.000000 0.007949
440.000000 0.007641
460.000000 0.007210
480.000000 0.006702
500.000000 0.006141
520.000000 0.008860
540.000000 0.009420
