20.000000 0.000386
40.000000 0.000275
60.000000 0.000226
80.000000 0.000199
100.000000 0.000178
120.000000 0.000163
140.000000 0.000152
160.000000 0.000142
180.000000 0.000132
200.000000 0.000126
220.000000 0.000120
240.000000 0.000114
260.000000 0.000110
280.000000 0.000106
300.000000 0.000102
320.000000 0.000099
340.000000 0.000097
360.000000 0.000094
380.000000 0.000092
400.000000 0.000090
420.000000 0.000088
440.000000 0.000086
460.000000 0.000085
480.000000 0.000083
500.000000 0.000082
520.000000 0.000081
540.000000 0.000079
560.000000 0.000079
580.000000 0.000078
600.000000 0.000077
620.000000 0.000076
640.000000 0.000074
660.000000 0.000073
680.000000 0.000073
700.000000 0.000072
720.000000 0.000071
740.000000 0.000069
760.000000 0.000068
780.000000 0.000067
800.000000 0.000066
820.000000 0.000065
840.000000 0.000064
860.000000 0.000063
880.000000 0.000062
900.000000 0.000061
920.000000 0.000060
940.000000 0.000059
960.000000 0.000058
980.000000 0.000057
1000.000000 0.000057
1020.000000 0.000056
1040.000000 0.000055
1060.000000 0.000054
1080.000000 0.000054
1100.000000 0.000053
1120.000000 0.000053
1140.000000 0.000052
1160.000000 0.000052
1180.000000 0.000052
1200.000000 0.000051
1220.000000 0.000051
1240.000000 0.000050
1260.000000 0.000049
1280.000000 0.000049
1300.000000 0.000048
1320.000000 0.000048
1340.000000 0.000047
1360.000000 0.000047
1380.000000 0.000047
1400.000000 0.000046
1420.000000 0.000046
1440.000000 0.000045
1460.000000 0.000045
1480.000000 0.000044
1500.000000 0.000044
1520.000000 0.000044
1540.000000 0.000043
1560.000000 0.000043
1580.000000 0.000043
1600.000000 0.000043
1620.000000 0.000042
1640.000000 0.000042
1660.000000 0.000042
1680.000000 0.000041
1700.000000 0.000041
1720.000000 0.000041
1740.000000 0.000041
1760.000000 0.000041
1780.000000 0.000040
1800.000000 0.000040
1820.000000 0.000040
1840.000000 0.000040
1860.000000 0.000039
1880.000000 0.000039
1900.000000 0.000039
1920.000000 0.000038
1940.000000 0.000038
1960.000000 0.000038
1980.000000 0.000037
2000.000000 0.000037
2020.000000 0.000037
2040.000000 0.000036
2060.000000 0.000036
2080.000000 0.000036
2100.000000 0.000035
2120.000000 0.000035
2140.000000 0.000035
2160.000000 0.000035
2180.000000 0.000035
2200.000000 0.000034
2220.000000 0.000034
2240.000000 0.000033
2260.000000 0.000033
2280.000000 0.000033
2300.000000 0.000032
2320.000000 0.000032
2340.000000 0.000032
2360.000000 0.000032
2380.000000 0.000031
2400.000000 0.000031
2420.000000 0.000031
2440.000000 0.000030
2460.000000 0.000030
2480.000000 0.000030
2500.000000 0.000030
2520.000000 0.000029
2540.000000 0.000029
2560.000000 0.000029
2580.000000 0.000028
2600.000000 0.000028
2620.000000 0.000028
2640.000000 0.000027
2660.000000 0.000027
2680.000000 0.000027
2700.000000 0.000027
2720.000000 0.000026
2740.000000 0.000026
2760.000000 0.000026
2780.000000 0.000025
2800.000000 0.000025
2820.000000 0.000025
2840.000000 0.000024
2860.000000 0.000024
2880.000000 0.000024
2900.000000 0.000024
2920.000000 0.000023
2940.000000 0.000023
2960.000000 0.000022
2980.000000 0.000022
3000.000000 0.000021
3020.000000 0.000021
3040.000000 0.000021
3060.000000 0.000020
3080.000000 0.000020
3100.000000 0.000019
3120.000000 0.000019
3140.000000 0.000018
3160.000000 0.000018
3180.000000 0.000018
3200.000000 0.000017
3220.000000 0.000017
3240.000000 0.000017
3260.000000 0.000016
3280.000000 0.000016
3300.000000 0.000016
3320.000000 0.000015
3340.000000 0.000015
3360.000000 0.000015
3380.000000 0.000015
3400.000000 0.000015
3420.000000 0.000015
3440.000000 0.000015
3460.000000 0.000015
3480.000000 0.000015
3500.000000 0.000015
3520.000000 0.000015
3540.000000 0.000015
3560.000000 0.000015
3580.000000 0.000016
3600.000000 0.000016
3620.000000 0.000016
3640.000000 0.000016
3660.000000 0.000016
3680.000000 0.000016
3700.000000 0.000016
3720.000000 0.000017
3740.000000 0.000017
3760.000000 0.000017
3780.000000 0.000017
3800.000000 0.000017
3820.000000 0.000017
3840.000000 0.000017
3860.000000 0.000017
3880.000000 0.000018
3900.000000 0.000018
3920.000000 0.000018
3940.000000 0.000017
3960.000000 0.000017
3980.000000 0.000018
4000.000000 0.000018
4020.000000 0.000018
4040.000000 0.000018
4060.000000 0.000018
4080.000000 0.000018
4100.000000 0.000018
4120.000000 0.000018
4140.000000 0.000018
4160.000000 0.000018
4180.000000 0.000018
4200.000000 0.000018
4220.000000 0.000018
4240.000000 0.000018
4260.000000 0.000018
4280.000000 0.000018
4300.000000 0.000019
4320.000000 0.000019
4340.000000 0.000019
4360.000000 0.000019
4380.000000 0.000019
4400.000000 0.000019
4420.000000 0.000019
4440.000000 0.000019
4460.000000 0.000019
4480.000000 0.000019
4500.000000 0.000019
4520.000000 0.000019
4540.000000 0.000019
4560.000000 0.000020
4580.000000 0.000020
4600.000000 0.000020
4620.000000 0.000021
4640.000000 0.000021
4660.000000 0.000021
4680.000000 0.000021
4700.000000 0.000021
4720.000000 0.000021
4740.000000 0.000021
4760.000000 0.000021
4780.000000 0.000021
4800.000000 0.000021
4820.000000 0.000021
4840.000000 0.000021
4860.000000 0.000021
4880.000000 0.000021
4900.000000 0.000021
4920.000000 0.000021
4940.000000 0.000021
4960.000000 0.000020
4980.000000 0.000020
5000.000000 0.000021
5020.000000 0.000020
