20.000000 0.014710
40.000000 0.012443
60.000000 0.011167
80.000000 0.010313
100.000000 0.009850
120.000000 0.009714
140.000000 0.009733
160.000000 0.009881
180.000000 0.010142
200.000000 0.010398
220.000000 0.010634
240.000000 0.010855
260.000000 0.010990
280.000000 0.011130
300.000000 0.011267
320.000000 0.011381
340.000000 0.011483
360.000000 0.011565
380.000000 0.011646
400.000000 0.011731
420.000000 0.011824
440.000000 0.011886
460.000000 0.011929
480.000000 0.011996
500.000000 0.012057
520.000000 0.012142
540.000000 0.012252
560.000000 0.012372
580.000000 0.012502
600.000000 0.012632
620.000000 0.012768
640.000000 0.012877
660.000000 0.013017
680.000000 0.013175
700.000000 0.013297
720.000000 0.013414
740.000000 0.013482
760.000000 0.013617
780.000000 0.013750
800.000000 0.013895
820.000000 0.014067
840.000000 0.014187
860.000000 0.014299
880.000000 0.014362
900.000000 0.014428
920.000000 0.014454
940.000000 0.014487
960.000000 0.014491
980.000000 0.014512
1000.000000 0.014518
1020.000000 0.014513
1040.000000 0.014480
1060.000000 0.014441
1080.000000 0.014410
1100.000000 0.014381
1120.000000 0.014350
1140.000000 0.014319
1160.000000 0.014284
1180.000000 0.014242
1200.000000 0.014193
1220.000000 0.014134
1240.000000 0.014075
1260.000000 0.014013
1280.000000 0.013955
1300.000000 0.013883
1320.000000 0.013835
1340.000000 0.013796
1360.000000 0.013765
1380.000000 0.013737
1400.000000 0.013706
1420.000000 0.013670
1440.000000 0.013624
1460.000000 0.013587
1480.000000 0.013523
1500.000000 0.013465
1520.000000 0.013428
1540.000000 0.013335
1560.000000 0.013233
1580.000000 0.013119
1600.000000 0.012992
1620.000000 0.012832
1640.000000 0.012686
1660.000000 0.012514
1680.000000 0.012357
1700.000000 0.012193
1720.000000 0.011999
1740.000000 0.011826
1760.000000 0.011644
1780.000000 0.011458
1800.000000 0.011282
1820.000000 0.011087
1840.000000 0.010918
1860.000000 0.010733
1880.000000 0.010579
1900.000000 0.010433
1920.000000 0.010266
1940.000000 0.010130
1960.000000 0.009994
1980.000000 0.009835
2000.000000 0.009703
2020.000000 0.009572
2040.000000 0.009420
2060.000000 0.009305
2080.000000 0.009189
2100.000000 0.009063
2120.000000 0.008965
2140.000000 0.008880
2160.000000 0.008797
2180.000000 0.008749
2200.000000 0.008724
2220.000000 0.008713
2240.000000 0.008728
2260.000000 0.008752
2280.000000 0.008749
2300.000000 0.008754
2320.000000 0.008777
2340.000000 0.008773
2360.000000 0.008765
2380.000000 0.008772
2400.000000 0.008767
2420.000000 0.008770
2440.000000 0.008780
2460.000000 0.008796
2480.000000 0.008803
2500.000000 0.008805
2520.000000 0.008799
2540.000000 0.008774
2560.000000 0.008765
2580.000000 0.008735
2600.000000 0.008720
2620.000000 0.008678
2640.000000 0.008644
2660.000000 0.008593
2680.000000 0.008563
2700.000000 0.008512
2720.000000 0.008482
2740.000000 0.008435
2760.000000 0.008403
2780.000000 0.008357
2800.000000 0.008334
2820.000000 0.008317
2840.000000 0.008286
2860.000000 0.008278
2880.000000 0.008257
2900.000000 0.008260
2920.000000 0.008247
2940.000000 0.008258
2960.000000 0.008268
2980.000000 0.008302
3000.000000 0.008333
3020.000000 0.008345
3040.000000 0.008335
3060.000000 0.008355
3080.000000 0.008345
3100.000000 0.008360
3120.000000 0.008345
3140.000000 0.008354
3160.000000 0.008335
3180.000000 0.008337
3200.000000 0.008339
3220.000000 0.008344
3240.000000 0.008417
3260.000000 0.008388
3280.000000 0.008343
3300.000000 0.008314
3320.000000 0.008286
3340.000000 0.008256
3360.000000 0.008217
3380.000000 0.008171
3400.000000 0.008121
3420.000000 0.008068
3440.000000 0.008001
3460.000000 0.007944
3480.000000 0.007865
3500.000000 0.007796
3520.000000 0.007741
3540.000000 0.007665
3560.000000 0.007607
3580.000000 0.007537
3600.000000 0.007464
3620.000000 0.007391
3640.000000 0.007330
3660.000000 0.007265
3680.000000 0.007233
3700.000000 0.007206
3720.000000 0.007195
3740.000000 0.007178
3760.000000 0.007156
3780.000000 0.007134
3800.000000 0.007121
3820.000000 0.007117
3840.000000 0.007125
3860.000000 0.007147
3880.000000 0.007181
3900.000000 0.007213
3920.000000 0.007227
3940.000000 0.007232
3960.000000 0.007261
3980.000000 0.007302
4000.000000 0.007352
4020.000000 0.007382
4040.000000 0.007403
4060.000000 0.007441
4080.000000 0.007438
4100.000000 0.007434
4120.000000 0.007456
4140.000000 0.007453
4160.000000 0.007470
4180.000000 0.007458
4200.000000 0.007417
4220.000000 0.007419
4240.000000 0.007334
4260.000000 0.007300
4280.000000 0.007211
4300.000000 0.007187
4320.000000 0.007092
4340.000000 0.007060
4360.000000 0.006931
4380.000000 0.006838
4400.000000 0.006808
4420.000000 0.006706
4440.000000 0.006583
4460.000000 0.006480
4480.000000 0.006354
4500.000000 0.006308
4520.000000 0.006286
4540.000000 0.006239
4560.000000 0.006266
4580.000000 0.006253
4600.000000 0.006215
4620.000000 0.006206
4640.000000 0.006051
4660.000000 0.005992
4680.000000 0.005787
4700.000000 0.005593
4720.000000 0.005548
4740.000000 0.005230
4760.000000 0.004937
4780.000000 0.004922
4800.000000 0.004796
4820.000000 0.004788
4840.000000 0.004557
4860.000000 0.004506
4880.000000 0.004262
4900.000000 0.003943
4920.000000 0.003847
4940.000000 0.003618
4960.000000 0.003468
4980.000000 0.003334
5000.000000 0.003420
5020.000000 0.003519
