0.000000 -0.000000 0.000000 0.000000
-0.140643 2.574964 0.003326 2.576608
-0.281220 5.148987 -0.076888 5.155115
-0.421837 7.724036 -0.200793 7.731864
-0.562431 10.298960 -0.359047 10.306260
-0.701879 12.869650 -0.465796 12.879300
-0.854664 15.479570 -0.585413 15.519670
-1.011589 18.173180 -0.767504 18.233690
-1.171840 20.913680 -0.961986 20.987980
-1.334841 23.709530 -1.167487 23.796520
-1.487044 26.544710 -1.316592 26.641870
-1.633363 29.422930 -1.463417 29.544020
-1.768976 32.357140 -1.633241 32.480480
-1.929780 35.330970 -1.856686 35.530180
-2.126953 38.471510 -2.193246 38.636680
-2.329940 41.561110 -2.390548 41.717930
-2.535885 44.597900 -2.580111 44.732430
-2.728914 47.592750 -2.820032 47.710000
-2.937935 50.537730 -3.120640 50.642210
-3.130185 53.464980 -3.310678 53.551830
-3.310922 56.350390 -3.486612 56.436490
-3.511313 59.225400 -3.780491 59.282660
-3.703384 62.006320 -4.020739 62.030510
-3.912602 64.697860 -4.257196 64.674750
-4.114442 67.264550 -4.517010 67.195050
-4.313021 69.714240 -4.773161 69.605130
-4.514875 72.037350 -5.047530 71.854690
-4.709494 74.175390 -5.265565 73.929890
-4.891889 76.138280 -5.442030 75.828410
-5.039038 77.925340 -5.596451 77.572340
-5.159772 79.592300 -5.709211 79.199420
-5.235209 81.135380 -5.878434 80.690600
-5.207469 82.555940 -5.936442 82.078290
-5.029560 83.885300 -5.776955 83.393220
-4.680938 85.118200 -5.472452 84.614540
-4.130089 86.200010 -4.974044 85.701340
-3.393066 87.095580 -4.262921 86.585060
-2.508137 87.820100 -3.398322 87.332940
-1.511055 88.343490 -2.405302 87.874010
-0.450022 88.747950 -1.358605 88.330370
0.676345 89.023150 -0.228841 88.581030
1.832910 89.277150 0.950468 88.831410
3.089762 89.418990 2.243552 88.998480
4.475771 89.556060 3.663235 89.164930
5.974572 89.621010 5.203911 89.250430
7.614093 89.671530 6.896285 89.316780
9.420230 89.707860 8.756400 89.386410
11.388370 89.721450 10.768890 89.448220
13.505010 89.738680 12.934370 89.545800
15.773680 89.805260 15.249370 89.644640
18.156510 89.929480 17.646330 89.793410
20.581930 90.082780 20.085210 89.953110
23.034320 90.227690 22.533030 90.128930
25.478370 90.365000 24.968160 90.311570
27.909920 90.499220 27.399010 90.454610
30.340320 90.588890 29.816710 90.579560
32.740690 90.598330 32.206320 90.625950
35.110390 90.529620 34.563700 90.600370
37.430830 90.386730 36.861500 90.685220
39.683630 90.176290 39.092310 90.480080
41.863240 89.910310 41.260690 90.367560
43.959460 89.634420 43.310100 90.069230
45.922800 89.378560 45.222040 89.834380
47.726310 89.193250 46.968870 89.704680
49.366470 89.121130 48.569950 89.636230
50.939410 89.191540 50.135590 89.746920
52.464070 89.450930 51.648980 90.039580
53.889450 89.945260 53.040820 90.552910
55.133190 90.660970 54.253630 91.245150
56.158450 91.620300 55.260820 92.220880
56.967930 92.764920 56.072230 93.370970
57.539920 94.061200 56.620000 94.693120
57.927200 95.446880 57.013840 96.099930
58.277310 96.884370 57.369380 97.552630
58.589460 98.403450 57.664110 99.102460
58.940360 100.002400 57.968260 100.738400
59.343230 101.692600 58.352500 102.478500
59.798800 103.499800 58.806160 104.326600
60.309140 105.392300 59.279100 106.248400
60.819120 107.363700 59.772790 108.273800
61.355080 109.477800 60.299040 110.420900
61.874140 111.669200 60.752670 112.658800
62.417580 113.964900 61.231150 115.008900
62.973720 116.373200 61.676580 117.470400
63.512460 118.836400 62.136030 119.959700
64.057360 121.342700 62.640280 122.488400
64.655860 123.876700 63.269590 125.027900
65.262090 126.422600 63.851380 127.580400
65.864770 128.941000 64.367300 130.079800
66.510510 131.382800 64.898080 132.584300
67.135460 133.867500 65.400200 135.046700
67.748220 136.262500 65.896970 137.481400
68.311480 138.668800 66.316220 139.916200
68.830800 141.066900 66.791900 142.309000
69.359830 143.451000 67.243490 144.691100
69.844620 145.829800 67.741270 147.082900
70.257380 148.240700 68.164060 149.474900
70.634070 150.615300 68.467450 151.873700
70.952630 153.048800 68.726450 154.311300
71.236680 155.482600 68.942210 156.767000
71.430750 157.958600 69.128550 159.239200
71.592060 160.420500 69.281280 161.695900
71.705560 162.889100 69.317600 164.187400
71.811250 165.386800 69.313270 166.661200
71.901490 167.846500 69.396220 169.139200
71.944200 170.358200 69.394840 171.656600
71.944230 172.867000 69.259480 174.150600
71.880770 175.411200 69.133360 176.716700
71.759300 177.947700 68.907530 179.229100
71.629380 180.489300 68.718190 181.790400
71.495820 183.069400 68.495600 184.350600
71.389860 185.611000 68.285420 186.897000
71.229200 188.181800 68.063270 189.441000
71.075770 190.694700 67.826780 191.950800
70.908190 193.208300 67.610740 194.451000
70.732240 195.676300 67.406780 196.898000
70.587330 197.902600 67.227680 199.013400
70.462020 200.022200 67.013320 201.125100
70.336670 202.141700 66.837460 203.239800
70.211280 204.261000 66.678000 205.354700
70.085900 206.379000 66.536590 207.470700
69.986060 208.445300 66.576520 209.477900
70.007780 210.375700 66.523560 211.395500
70.026080 212.295900 66.538250 213.325300
70.017620 214.252400 66.451360 215.281200
70.013230 216.217200 66.427780 217.270500
69.972110 218.270700 66.360760 219.340400
69.934360 220.317400 66.263910 221.344200
69.972850 222.305500 66.201600 223.365900
69.981630 224.353700 66.133770 225.402800
69.981870 226.399100 66.029590 227.462800
69.949190 228.454500 65.918930 229.496000
69.907170 230.454300 65.806870 231.478400
69.859830 232.418200 65.654920 233.399900
69.810200 234.247600 65.530800 235.172400
69.754960 235.896800 65.518030 236.770500
69.602960 237.437200 65.337270 238.295300
69.315000 238.920100 65.046280 239.756800
68.846420 240.276600 64.508310 241.070600
68.166090 241.479400 63.875670 242.277800
67.318270 242.492800 63.070950 243.307000
66.332240 243.344200 62.086850 244.131800
65.260110 243.991900 60.993500 244.697200
64.140300 244.474300 59.831030 245.110900
62.867510 244.772700 58.503490 245.364600
61.458940 244.926000 57.056860 245.451000
59.947420 244.952000 55.518400 245.385600
58.335370 244.902100 53.875980 245.264200
56.595980 244.824000 52.090060 245.111800
54.694040 244.743800 50.138370 244.918400
52.650420 244.604800 48.053130 244.782700
50.451970 244.390700 45.783350 244.494700
48.058070 244.235000 43.340770 244.346400
45.515050 244.100900 40.769650 244.206100
42.921790 243.969200 38.181500 244.096300
40.316590 243.840300 35.576330 243.884800
37.706940 243.722400 32.962420 243.690100
35.094890 243.629800 30.365890 243.468500
32.472950 243.489000 27.738720 243.219900
29.851950 243.348200 25.141510 242.986300
27.264200 243.258500 22.577170 242.750700
24.724050 243.174900 20.045690 242.593700
22.210390 243.091000 17.552980 242.389900
19.736330 242.979500 15.107650 242.144200
17.311070 242.850400 12.690770 241.936600
14.901790 242.682800 10.306760 241.649800
12.542000 242.455300 7.981473 241.324800
10.258080 242.218100 5.732595 241.036100
8.077281 241.997300 3.612412 240.727400
6.032146 241.805400 1.623084 240.423100
4.114420 241.647100 -0.235611 240.174500
2.325909 241.523700 -1.968561 239.961100
0.684853 241.422100 -3.554990 239.859700
-0.804697 241.361800 -4.987989 239.826400
-2.147061 241.322400 -6.276009 239.736400
-3.335045 241.321100 -7.403564 239.649200
-4.362696 241.347700 -8.360527 239.649600
-5.195608 241.375100 -9.116646 239.578700
-5.787975 241.411000 -9.602983 239.676000
-6.148943 241.435700 -9.744103 239.630600
-6.347609 241.453500 -9.808487 239.652800
-6.441034 241.457400 -9.904125 239.681900
-6.441440 241.456100 -9.904125 239.681900
-6.439927 241.462600 -9.904125 239.681900
-6.440440 241.482800 -9.933184 239.689300
-6.480607 241.498100 -9.949087 239.700200
-6.560264 241.507700 -9.955712 239.703600
-6.742488 241.516100 -9.958180 239.703600
-7.099251 241.541700 -9.966797 239.702500
-7.627305 241.597900 -9.982723 239.706100
-8.293171 241.705000 -10.018750 239.712100
-9.050632 241.890800 -10.085310 239.723800
-9.863606 242.207700 -10.213690 239.763400
-10.727660 242.661600 -10.475920 239.898300
-11.566170 243.294100 -10.860630 240.175900
-12.317670 244.121800 -11.295250 240.626900
-12.969870 245.164100 -11.734360 241.240500
-13.469580 246.441200 -12.110980 241.993000
-13.828110 247.877300 -12.368810 242.889500
-14.057520 249.558000 -12.595860 243.890200
-14.176210 251.405900 -12.735110 244.973000
-14.264690 253.405000 -12.882470 246.145200
-14.328890 255.544200 -12.952700 247.473400
-14.399650 257.837600 -12.997310 248.922400
-14.471380 260.263200 -13.116780 250.546500
-14.561590 262.807800 -13.333440 252.325200
-14.652820 265.491700 -13.474790 254.271000
-14.739760 268.254400 -13.545910 256.363900
-14.858340 271.134800 -13.768480 258.590500
-14.973530 274.134700 -14.043710 260.960900
-15.069550 277.175700 -14.260180 263.454700
-15.175210 280.293600 -14.519890 266.083800
-15.297230 283.446400 -14.743080 268.808900
-15.436590 286.619600 -15.050440 271.632800
-15.585790 289.810900 -15.436350 274.572100
-15.736240 292.959600 -15.721370 277.583700
-15.885310 296.071900 -16.160220 280.643500
-16.046970 299.165600 -16.608680 283.764600
-16.219660 302.246300 -17.067870 286.891200
-16.389710 305.314100 -17.512730 290.058000
-16.559690 308.378300 -17.784660 293.211200
-16.709350 311.458900 -18.233340 296.304200
-16.839300 314.563300 -18.652100 299.382600
-16.972270 317.709200 -19.111630 302.429900
-17.118400 320.893100 -19.524810 305.484300
-17.281700 324.127200 -19.916500 308.525700
-17.454380 327.375400 -20.314110 311.578000
-17.614190 330.593900 -20.676510 314.654200
-17.775860 333.802500 -21.075090 317.761800
-17.959610 336.995200 -21.515850 320.909900
-18.128440 340.134300 -21.934160 324.100000
-18.295640 343.191900 -22.260520 327.336500
-18.453080 346.169000 -22.802160 330.522400
-18.632610 349.056200 -23.200110 333.707200
-18.817710 351.841100 -23.727630 336.877300
-18.986450 354.488400 -24.131200 340.006200
-19.124870 356.982400 -24.657190 343.044000
-19.220930 359.289500 -24.969160 346.032700
-19.310450 361.377700 -25.400350 348.924900
-19.390050 363.254000 -25.904920 351.695900
-19.458340 364.945900 -25.872780 354.357000
-19.552440 366.417400 -26.352110 356.860800
-19.716910 367.755600 -26.986180 359.146900
-19.992010 369.044200 -27.587890 361.222700
-20.413100 370.267200 -28.446390 362.956400
-20.994480 371.390500 -29.515950 364.007800
-21.767920 372.412000 -30.513060 365.187200
-22.740410 373.381300 -31.578580 366.062500
-23.931400 374.199500 -32.699260 366.767000
-25.311900 374.775400 -33.925310 367.238300
-26.849130 375.102700 -35.187410 367.466200
-28.541320 375.088500 -36.455440 367.366800
-30.331610 374.930400 -37.789620 367.167700
-32.178580 374.714400 -39.151980 366.945500
-34.124600 374.519300 -40.621430 366.720000
-36.192510 374.312000 -42.155080 366.502400
-38.360350 374.089000 -43.801250 366.225700
-40.674090 373.890900 -45.547260 366.020000
-43.125350 373.717400 -47.383310 365.793500
-45.733890 373.570600 -49.270330 365.524500
-48.422050 373.450300 -51.306620 365.314700
-51.153580 373.336900 -53.433200 365.057900
-53.919190 373.217300 -55.686180 364.777700
-56.668140 373.082400 -58.085710 364.478500
-59.399580 372.949600 -60.635140 364.218800
-62.128270 372.797100 -63.294290 363.918200
-64.827270 372.599800 -65.991620 363.579400
-67.509200 372.402100 -68.722000 363.136100
-70.186170 372.208700 -71.441800 362.678700
-72.845340 372.028400 -74.152980 362.283200
-75.495320 371.886100 -76.867410 361.965500
-78.116050 371.787300 -79.581940 361.741200
-80.717850 371.718500 -82.261280 361.484100
-83.311780 371.694800 -84.952590 361.375300
-85.842710 371.709900 -87.615520 361.245000
-88.215690 371.734100 -90.267790 361.043900
-90.402660 371.755300 -92.898360 360.914200
-92.376860 371.747200 -95.495570 360.701300
-94.181170 371.700000 -98.089150 360.600900
-95.954170 371.610100 -100.647500 360.382000
-97.692900 371.484000 -103.050900 360.031100
-99.428840 371.332400 -105.260000 359.623100
-101.212400 371.150100 -107.259100 359.199000
-103.049100 370.929900 -109.060100 358.827000
-104.963700 370.712900 -110.805900 358.463900
-106.999900 370.469800 -112.525800 358.122400
-109.147400 370.218500 -114.236800 357.827200
-111.413900 369.990500 -115.965100 357.444500
-113.850400 369.787500 -117.777300 357.200700
-116.381500 369.587900 -119.648700 356.921400
-119.079000 369.402000 -121.640900 356.728200
-121.870500 369.312400 -123.776200 356.576500
-124.798000 369.251000 -125.980500 356.364800
-127.749200 369.222000 -128.398900 356.170400
-130.738100 369.191300 -130.876500 356.002600
-133.724900 369.151000 -133.544000 355.805000
-136.693200 369.116700 -136.261700 355.436700
-139.640200 369.026200 -139.144500 355.070800
-142.545400 368.909400 -142.051300 354.649400
-145.452900 368.800400 -144.998800 354.193100
-148.326000 368.653700 -147.956100 353.690400
-151.184500 368.483700 -150.890800 353.271800
-154.029500 368.306700 -153.829200 352.836200
-156.834000 368.110800 -156.702500 352.359400
-159.601600 367.929800 -159.547000 351.751700
-162.352900 367.769700 -162.396100 351.231700
-165.025300 367.622800 -165.219300 350.796000
-167.587100 367.473600 -168.045000 350.336600
-169.989700 367.347100 -170.846500 349.971300
-172.229800 367.237400 -173.616400 349.634700
-174.255000 367.118500 -176.343100 349.212000
-176.113500 366.976300 -179.022800 348.786000
-177.851600 366.825100 -181.587000 348.361900
-179.482200 366.619100 -184.004400 347.837300
-181.041000 366.257200 -186.168100 347.122800
-182.506900 365.700900 -188.062100 346.182700
-183.830900 364.922700 -189.599000 345.066300
-184.967900 363.901900 -190.758400 343.704200
-185.900600 362.645300 -191.607500 342.271900
-186.575700 361.163300 -192.115500 340.749400
-186.999600 359.497900 -192.365700 339.190000
-187.152300 357.675600 -192.355600 337.637500
-187.206000 355.773500 -192.254800 336.103500
-187.197400 353.800900 -192.076300 334.552600
-187.078300 351.712900 -191.839800 332.954500
-186.904300 349.515700 -191.587900 331.286100
-186.700200 347.199500 -191.269000 329.541400
-186.441500 344.761700 -190.885900 327.701900
-186.138100 342.245600 -190.482700 325.791000
-185.836200 339.600700 -190.057900 323.790800
-185.558800 336.870000 -189.669200 321.660100
-185.300200 334.088400 -189.201400 319.426900
-185.053400 331.295700 -188.763900 317.055500
-184.825700 328.513100 -188.368000 314.582000
-184.626700 325.706700 -187.969000 311.994900
-184.418100 322.895600 -187.578000 309.303100
-184.219300 320.049800 -187.146400 306.561100
-184.077900 317.187100 -186.759200 303.778100
-183.933200 314.300800 -186.392500 301.012200
-183.761600 311.460200 -185.976000 298.238600
-183.601800 308.616200 -185.551000 295.455700
-183.458100 305.794900 -185.120500 292.646900
-183.343100 303.000200 -184.737000 289.809600
-183.261300 300.211900 -184.353200 286.950300
-183.178800 297.450000 -183.962200 284.118900
-183.090500 294.684900 -183.597300 281.293500
-182.927300 291.908300 -183.156700 278.500200
-182.766600 289.099200 -182.727700 275.721600
-182.613800 286.267300 -182.283200 272.972900
-182.441900 283.385600 -181.794800 270.240000
-182.300400 280.490600 -181.336600 267.511300
-182.149900 277.557000 -180.970300 264.777100
-182.001400 274.627800 -180.617500 261.986200
-181.823500 271.689000 -180.162000 259.209100
-181.638500 268.767800 -179.659900 256.376600
-181.424600 265.787800 -179.191300 253.530500
-181.219800 262.838200 -178.782500 250.618900
-181.009300 259.844900 -178.326000 247.729100
-180.770400 256.828000 -177.861600 244.822400
-180.561000 253.860400 -177.456800 241.916700
-180.372700 250.908200 -177.011900 238.985400
-180.191000 247.979500 -176.552200 236.042000
-180.025600 245.104800 -176.107900 233.112200
-179.890000 242.301100 -175.717200 230.095600
-179.765100 239.629200 -175.364900 227.132100
-179.603400 237.077700 -174.883100 224.206600
-179.486600 234.610600 -174.484000 221.285000
-179.426200 232.293500 -174.112200 218.415700
-179.384800 230.153000 -173.785000 215.593200
-179.372900 228.203000 -173.569400 212.884500
-179.353200 226.445600 -173.253600 210.305700
-179.284500 224.889700 -172.917500 207.829300
-179.159500 223.520400 -172.473000 205.502500
-178.892900 222.222300 -171.784200 203.413300
-178.440800 221.019500 -170.897900 201.604500
-177.799300 219.912400 -169.761800 200.181800
-176.993100 218.868700 -168.661300 198.985900
-175.953700 217.908600 -167.503800 198.169300
-174.646400 217.098800 -166.356100 197.484000
-173.037500 216.423500 -165.115900 197.085400
-171.242400 215.987700 -163.866000 196.913000
-169.251700 215.748100 -162.550400 196.912100
-167.160900 215.651300 -161.171300 196.986900
-164.983800 215.579200 -159.689500 197.115300
