0.000000 -0.000000 0.000000 0.000000
-0.140643 2.574964 -0.028951 2.576723
-0.281220 5.148987 -0.207513 5.150519
-0.421837 7.724036 -0.331634 7.726517
-0.562431 10.298960 -0.491775 10.300420
-0.701879 12.869650 -0.624160 12.872320
-0.854664 15.479570 -0.769777 15.512200
-1.011589 18.173180 -0.861710 18.229990
-1.171840 20.913680 -1.070026 20.983290
-1.334841 23.709530 -1.247160 23.792470
-1.487044 26.544710 -1.431840 26.635580
-1.633363 29.422930 -1.587615 29.535850
-1.768976 32.357140 -1.668529 32.473070
-1.929780 35.330970 -1.914381 35.521550
-2.126953 38.471510 -2.169759 38.635990
-2.329940 41.561110 -2.375816 41.715890
-2.535885 44.597900 -2.649613 44.726600
-2.728914 47.592750 -2.896586 47.702350
-2.937935 50.537730 -3.093144 50.642900
-3.130185 53.464980 -3.345027 53.546650
-3.310922 56.350390 -3.583559 56.427030
-3.511313 59.225400 -3.761861 59.280350
-3.703384 62.006320 -4.003651 62.028210
-3.912602 64.697860 -4.391554 64.651950
-4.114442 67.264550 -4.658529 67.172390
-4.313021 69.714240 -5.030606 69.562830
-4.514875 72.037350 -5.335966 71.811810
-4.709494 74.175390 -5.588420 73.889900
-4.891889 76.138280 -5.586210 75.748120
-5.039038 77.925340 -5.670005 77.482220
-5.159772 79.592300 -5.824815 79.104460
-5.235209 81.135380 -5.981042 80.595730
-5.207469 82.555940 -5.980023 81.983540
-5.029560 83.885300 -5.901128 83.304680
-4.680938 85.118200 -5.563828 84.516870
-4.130089 86.200010 -5.081363 85.611270
-3.393066 87.095580 -4.349011 86.476350
-2.508137 87.820100 -3.543078 87.281470
-1.511055 88.343490 -2.571768 87.859190
-0.450022 88.747950 -1.507121 88.277550
0.676345 89.023150 -0.392120 88.595160
1.832910 89.277150 0.780593 88.872110
3.089762 89.418990 2.073174 89.039080
4.475771 89.556060 3.486228 89.248100
5.974572 89.621010 5.023953 89.379000
7.614093 89.671530 6.713240 89.505770
9.420230 89.707860 8.572046 89.609660
11.388370 89.721450 10.583220 89.708940
13.505010 89.738680 12.749330 89.816490
15.773680 89.805260 15.058750 90.006620
18.156510 89.929480 17.452140 90.232200
20.581930 90.082780 19.338690 91.221280
23.034320 90.227690 21.787900 91.338340
25.478370 90.365000 24.221260 91.443000
27.909920 90.499220 26.653820 91.525740
30.340320 90.588890 29.073720 91.574130
32.740690 90.598330 31.460180 91.518190
35.110390 90.529620 33.815070 91.408140
37.430830 90.386730 36.108060 91.188820
39.683630 90.176290 38.333500 90.929410
41.863240 89.910310 40.496130 90.712250
43.959460 89.634420 42.551490 90.452260
45.922800 89.378560 44.455460 90.167600
47.726310 89.193250 46.197220 89.972830
49.366470 89.121130 47.798310 89.888710
50.939410 89.191540 49.365170 89.915950
52.464070 89.450930 50.887520 90.137400
53.889450 89.945260 52.304150 90.588720
55.133190 90.660970 53.525340 91.270010
56.158450 91.620300 54.568890 92.208540
56.967930 92.764920 55.426870 93.320560
57.539920 94.061200 56.003700 94.630280
57.927200 95.446880 56.479140 96.012110
58.277310 96.884370 56.851650 97.458870
58.589460 98.403450 57.193810 99.000690
58.940360 100.002400 57.650480 100.603100
59.343230 101.692600 58.095370 102.328100
59.798800 103.499800 58.611590 104.158400
60.309140 105.392300 59.144830 106.065400
60.819120 107.363700 59.677160 108.080300
61.355080 109.477800 60.269940 110.209300
61.874140 111.669200 60.836890 112.420900
62.417580 113.964900 61.465110 114.735000
62.973720 116.373200 62.085780 117.157400
63.512460 118.836400 62.700460 119.612900
64.057360 121.342700 63.253170 122.132000
64.655860 123.876700 63.932420 124.657000
65.262090 126.422600 64.623110 127.183800
65.864770 128.941000 65.278270 129.650300
66.510510 131.382800 65.904930 132.132100
67.135460 133.867500 66.538090 134.562200
67.748220 136.262500 67.161000 136.968500
68.311480 138.668800 67.798950 139.354500
68.830800 141.066900 68.399620 141.718900
69.359830 143.451000 68.979770 144.071600
69.844620 145.829800 69.439430 146.471800
70.257380 148.240700 69.908730 148.856000
70.634070 150.615300 70.363330 151.230400
70.952630 153.048800 70.767240 153.647900
71.236680 155.482600 71.100380 156.090200
71.430750 157.958600 71.359010 158.555200
71.592060 160.420500 71.575010 161.007200
71.705560 162.889100 71.810110 163.484900
71.811250 165.386800 72.000410 165.952200
71.901490 167.846500 72.140260 168.428100
71.944200 170.358200 72.182990 170.947500
71.944230 172.867000 72.248860 173.442800
71.880770 175.411200 72.226310 176.011500
71.759300 177.947700 72.140010 178.532300
71.629380 180.489300 72.034770 181.094700
71.495820 183.069400 71.912850 183.661600
71.389860 185.611000 71.879540 186.216400
71.229200 188.181800 71.768250 188.766500
71.075770 190.694700 71.599180 191.281300
70.908190 193.208300 71.450280 193.787000
70.732240 195.676300 71.336050 196.239400
70.587330 197.902600 71.195480 198.356700
70.462020 200.022200 71.098630 200.475900
70.336670 202.141700 70.952090 202.590400
70.211280 204.261000 70.870950 204.710500
70.085900 206.379000 70.832190 206.829700
69.986060 208.445300 70.806540 208.837600
70.007780 210.375700 70.828740 210.756800
70.026080 212.295900 70.920720 212.683400
70.017620 214.252400 70.910060 214.640000
70.013230 216.217200 70.988240 216.627500
69.972110 218.270700 71.028510 218.697500
69.934360 220.317400 71.042000 220.703000
69.972850 222.305500 71.055620 222.725600
69.981630 224.353700 71.065510 224.763500
69.981870 226.399100 71.048650 226.826100
69.949190 228.454500 71.010970 228.861900
69.907170 230.454300 70.998120 230.849000
69.859830 232.418200 71.015730 232.777700
69.810200 234.247600 71.022850 234.554500
69.754960 235.896800 70.984660 236.152900
69.602960 237.437200 70.844410 237.683100
69.315000 238.920100 70.692000 239.164900
68.846420 240.276600 70.254440 240.514100
68.166090 241.479400 69.584030 241.696200
67.318270 242.492800 68.765760 242.707100
66.332240 243.344200 67.790680 243.549500
65.260110 243.991900 66.719460 244.168000
64.140300 244.474300 65.595940 244.672200
62.867510 244.772700 64.286590 245.002000
61.458940 244.926000 62.854730 245.232800
59.947420 244.952000 61.313130 245.281600
58.335370 244.902100 59.661140 245.309000
56.595980 244.824000 57.871280 245.237100
54.694040 244.743800 55.917210 245.085000
52.650420 244.604800 53.826670 245.093800
50.451970 244.390700 51.537850 245.104400
48.058070 244.235000 49.090390 245.140300
45.515050 244.100900 46.512070 245.083300
42.921790 243.969200 43.918400 245.049800
40.316590 243.840300 41.301450 245.038200
37.706940 243.722400 38.682050 244.989900
35.094890 243.629800 36.074940 244.860100
32.472950 243.489000 33.439190 244.739600
29.851950 243.348200 30.833230 244.610300
27.264200 243.258500 28.260720 244.488800
24.724050 243.174900 25.726870 244.374500
22.210390 243.091000 23.225780 244.358900
19.736330 242.979500 20.772340 244.213600
17.311070 242.850400 18.345830 244.151600
14.901790 242.682800 15.947420 244.020900
12.542000 242.455300 13.607950 243.799300
10.258080 242.218100 11.344270 243.656500
8.077281 241.997300 9.206329 243.510900
6.032146 241.805400 7.209013 243.270100
4.114420 241.647100 5.331878 243.240000
2.325909 241.523700 3.582322 243.219100
0.684853 241.422100 1.993218 243.298500
-0.804697 241.361800 0.555108 243.337700
-2.147061 241.322400 -0.735788 243.349700
-3.335045 241.321100 -1.861787 243.432700
-4.362696 241.347700 -2.827882 243.455300
-5.195608 241.375100 -3.586581 243.441400
-5.787975 241.411000 -4.094085 243.495800
-6.148943 241.435700 -4.296504 243.533100
-6.347609 241.453500 -4.288790 243.532700
-6.441034 241.457400 -4.343981 243.540100
-6.441440 241.456100 -4.343981 243.540100
-6.439927 241.462600 -4.343981 243.540100
-6.440440 241.482800 -4.343981 243.540100
-6.480607 241.498100 -4.343981 243.540100
-6.560264 241.507700 -4.388336 243.545400
-6.742488 241.516100 -4.436989 243.540800
-7.099251 241.541700 -4.446731 243.542600
-7.627305 241.597900 -4.455744 243.544600
-8.293171 241.705000 -4.471788 243.547800
-9.050632 241.890800 -4.507760 243.554000
-9.863606 242.207700 -4.569133 243.582800
-10.727660 242.661600 -4.691125 243.633400
-11.566170 243.294100 -4.931861 243.802500
-12.317670 244.121800 -5.236494 244.164700
-12.969870 245.164100 -5.550525 244.707300
-13.469580 246.441200 -5.815405 245.409500
-13.828110 247.877300 -6.005834 246.226600
-14.057520 249.558000 -6.114231 247.153300
-14.176210 251.405900 -6.162501 248.177300
-14.264690 253.405000 -6.118155 249.264000
-14.328890 255.544200 -6.136719 250.444000
-14.399650 257.837600 -6.082623 251.771600
-14.471380 260.263200 -6.013212 253.221400
-14.561590 262.807800 -6.072740 254.847900
-14.652820 265.491700 -5.960230 256.636000
-14.739760 268.254400 -5.867176 258.581700
-14.858340 271.134800 -5.877684 260.669100
-14.973530 274.134700 -5.844138 262.904800
-15.069550 277.175700 -5.853267 265.287800
-15.175210 280.293600 -5.841726 267.788400
-15.297230 283.446400 -5.893229 270.428600
-15.436590 286.619600 -5.934392 273.162800
-15.585790 289.810900 -5.989172 275.996100
-15.736240 292.959600 -6.010741 278.959500
-15.885310 296.071900 -6.108527 281.983700
-16.046970 299.165600 -6.089907 285.067700
-16.219660 302.246300 -6.255176 288.211400
-16.389710 305.314100 -6.436066 291.362000
-16.559690 308.378300 -6.486764 294.554300
-16.709350 311.458900 -6.588820 297.715100
-16.839300 314.563300 -6.575723 300.836900
-16.972270 317.709200 -6.590650 303.941700
-17.118400 320.893100 -6.659879 307.018000
-17.281700 324.127200 -6.651251 310.092600
-17.454380 327.375400 -6.768551 313.152600
-17.614190 330.593900 -6.868275 316.223700
-17.775860 333.802500 -6.857972 319.318600
-17.959610 336.995200 -6.913796 322.446700
-18.128440 340.134300 -7.061729 325.616400
-18.295640 343.191900 -7.177135 328.827700
-18.453080 346.169000 -7.335143 332.072000
-18.632610 349.056200 -7.520468 335.296600
-18.817710 351.841100 -7.684055 338.498800
-18.986450 354.488400 -7.988576 341.691100
-19.124870 356.982400 -8.080173 344.843300
-19.220930 359.289500 -8.145121 347.923400
-19.310450 361.377700 -8.465512 350.907900
-19.390050 363.254000 -8.369107 353.826600
-19.458340 364.945900 -8.408042 356.645800
-19.552440 366.417400 -8.474638 359.331500
-19.716910 367.755600 -8.718302 361.868500
-19.992010 369.044200 -9.266809 364.154700
-20.413100 370.267200 -9.987159 366.184900
-20.994480 371.390500 -10.824140 367.922100
-21.767920 372.412000 -11.767670 369.394700
-22.740410 373.381300 -12.794000 370.541900
-23.931400 374.199500 -13.898500 371.365500
-25.311900 374.775400 -15.107830 371.903100
-26.849130 375.102700 -16.381650 372.216600
-28.541320 375.088500 -17.661130 372.232400
-30.331610 374.930400 -18.928540 372.125600
-32.178580 374.714400 -20.275840 372.052400
-34.124600 374.519300 -21.653810 371.960800
-36.192510 374.312000 -23.135020 371.857300
-38.360350 374.089000 -24.679660 371.766700
-40.674090 373.890900 -26.346770 371.758200
-43.125350 373.717400 -28.103620 371.712400
-45.733890 373.570600 -29.952670 371.651800
-48.422050 373.450300 -31.857720 371.600600
-51.153580 373.336900 -33.904580 371.598900
-53.919190 373.217300 -36.044090 371.514900
-56.668140 373.082400 -38.310760 371.428800
-59.399580 372.949600 -40.726330 371.426400
-62.128270 372.797100 -43.285930 371.336900
-64.827270 372.599800 -45.960810 371.309200
-67.509200 372.402100 -48.675950 371.200400
-70.186170 372.208700 -51.435890 371.058000
-72.845340 372.028400 -54.188760 370.933000
-75.495320 371.886100 -56.925500 370.855700
-78.116050 371.787300 -59.653750 370.776600
-80.717850 371.718500 -62.371670 370.888800
-83.311780 371.694800 -65.049260 370.867200
-85.842710 371.709900 -67.738320 370.980900
-88.215690 371.734100 -70.398840 371.034800
-90.402660 371.755300 -73.049890 371.202500
-92.376860 371.747200 -75.673950 371.301800
-94.181170 371.700000 -78.278640 371.217500
-95.954170 371.610100 -80.874490 371.125700
-97.692900 371.484000 -83.436100 371.019900
-99.428840 371.332400 -85.851630 370.774100
-101.212400 371.150100 -88.083240 370.522600
-103.049100 370.929900 -90.122070 370.362000
-104.963700 370.712900 -91.949440 370.171700
-106.999900 370.469800 -93.726960 370.046900
-109.147400 370.218500 -95.467660 369.903300
-111.413900 369.990500 -97.201380 369.828400
-113.850400 369.787500 -98.970560 369.729300
-116.381500 369.587900 -100.793200 369.669500
-119.079000 369.402000 -102.682400 369.725700
-121.870500 369.312400 -104.679000 369.827400
-124.798000 369.251000 -106.819000 369.858600
-127.749200 369.222000 -109.026600 370.017800
-130.738100 369.191300 -111.448100 370.091200
-133.724900 369.151000 -113.927900 370.023900
-136.693200 369.116700 -116.600300 370.033000
-139.640200 369.026200 -119.341700 370.035300
-142.545400 368.909400 -122.240600 369.991600
-145.452900 368.800400 -125.171800 369.951500
-148.326000 368.653700 -128.148600 369.849000
-151.184500 368.483700 -131.139400 369.727400
-154.029500 368.306700 -134.096300 369.613200
-156.834000 368.110800 -137.051200 369.354000
-159.601600 367.929800 -139.957400 369.269900
-162.352900 367.769700 -142.861500 369.208400
-165.025300 367.622800 -145.752200 369.188400
-167.587100 367.473600 -148.602700 369.150800
-169.989700 367.347100 -151.459300 369.130000
-172.229800 367.237400 -154.281500 369.107600
-174.255000 367.118500 -157.063300 369.028200
-176.113500 366.976300 -159.798800 368.870000
-177.851600 366.825100 -162.502000 368.845000
-179.482200 366.619100 -165.082400 368.520500
-181.041000 366.257200 -167.508600 368.058900
-182.506900 365.700900 -169.632300 367.231700
-183.830900 364.922700 -171.497200 366.232700
-184.967900 363.901900 -172.993200 365.069000
-185.900600 362.645300 -174.167300 363.722400
-186.575700 361.163300 -174.916800 362.234300
-186.999600 359.497900 -175.431700 360.717900
-187.152300 357.675600 -175.653800 359.156600
-187.206000 355.773500 -175.807500 357.618400
-187.197400 353.800900 -175.869200 356.084700
-187.078300 351.712900 -175.850700 354.526400
-186.904300 349.515700 -175.810200 352.916500
-186.700200 347.199500 -175.756500 351.234400
-186.441500 344.761700 -175.697900 349.465300
-186.138100 342.245600 -175.592600 347.593600
-185.836200 339.600700 -175.507400 345.647000
-185.558800 336.870000 -175.390400 343.610700
-185.300200 334.088400 -175.229400 341.461000
-185.053400 331.295700 -175.176600 339.185800
-184.825700 328.513100 -175.147300 336.784100
-184.626700 325.706700 -175.131300 334.284600
-184.418100 322.895600 -175.097900 331.673800
-184.219300 320.049800 -175.077800 328.965300
-184.077900 317.187100 -175.081000 326.193800
-183.933200 314.300800 -175.116500 323.394500
-183.761600 311.460200 -175.136000 320.610700
-183.601800 308.616200 -175.168600 317.811100
-183.458100 305.794900 -175.118500 315.002600
-183.343100 303.000200 -175.176300 312.169600
-183.261300 300.211900 -175.224400 309.312200
-183.178800 297.450000 -175.286800 306.430400
-183.090500 294.684900 -175.380200 303.576800
-182.927300 291.908300 -175.373100 300.731600
-182.766600 289.099200 -175.339800 297.906500
-182.613800 286.267300 -175.356000 295.096700
-182.441900 283.385600 -175.372600 292.320000
-182.300400 280.490600 -175.396800 289.549700
-182.149900 277.557000 -175.384400 286.790200
-182.001400 274.627800 -175.442600 284.037500
-181.823500 271.689000 -175.413200 281.232400
-181.638500 268.767800 -175.454700 278.427000
-181.424600 265.787800 -175.444900 275.553800
-181.219800 262.838200 -175.401700 272.675800
-181.009300 259.844900 -175.343600 269.740700
-180.770400 256.828000 -175.248100 266.823800
-180.561000 253.860400 -175.193800 263.885900
-180.372700 250.908200 -175.138200 260.957900
-180.191000 247.979500 -175.120900 257.998100
-180.025600 245.104800 -175.147300 255.025300
-179.890000 242.301100 -175.159700 252.068300
-179.765100 239.629200 -175.172900 249.030500
-179.603400 237.077700 -175.100300 246.052400
-179.486600 234.610600 -175.080800 243.091600
-179.426200 232.293500 -175.173800 240.148200
-179.384800 230.153000 -175.292800 237.262200
-179.372900 228.203000 -175.484600 234.431300
-179.353200 226.445600 -175.617000 231.723000
-179.284500 224.889700 -175.662400 229.129400
-179.159500 223.520400 -175.624300 226.636100
-178.892900 222.222300 -175.278900 224.298000
-178.440800 221.019500 -174.677100 222.190800
-177.799300 219.912400 -173.727700 220.419600
-176.993100 218.868700 -172.637700 218.972300
-175.953700 217.908600 -171.574600 217.755600
-174.646400 217.098800 -170.533700 216.830500
-173.037500 216.423500 -169.333100 216.243500
-171.242400 215.987700 -168.089400 215.879400
-169.251700 215.748100 -166.843200 215.686700
-167.160900 215.651300 -165.538000 215.556900
-164.983800 215.579200 -164.164500 215.441700
