0.000000 -0.000000 0.000000 0.000000
0.003267 4.566315 -0.049204 4.550396
-0.031716 9.099118 -0.090322 9.069918
-0.081952 13.587370 -0.175429 13.545950
-0.172757 18.042800 -0.257084 17.986920
-0.267875 22.451640 -0.343423 22.379410
-0.358400 26.802010 -0.412656 26.706270
-0.442803 31.082040 -0.479650 30.964980
-0.523018 35.271990 -0.542377 35.111660
-0.611006 39.330190 -0.648590 39.125340
-0.673187 43.239550 -0.699735 42.974380
-0.695957 46.977480 -0.674898 46.669020
-0.690361 50.605530 -0.628542 50.261790
-0.609462 54.132960 -0.524414 53.751940
-0.411112 57.531050 -0.299596 57.112770
-0.030280 60.807340 0.105148 60.346470
0.568852 63.940690 0.686671 63.447590
1.400581 66.903860 1.502309 66.378140
2.445156 69.702430 2.516116 69.150190
3.697183 72.300100 3.753274 71.739660
5.171922 74.740420 5.207520 74.163350
6.852965 76.941870 6.852850 76.381050
8.750799 78.905900 8.724481 78.339690
10.823450 80.634320 10.751580 80.124070
13.066210 82.178440 13.018720 81.677310
15.504950 83.526400 15.476420 83.000440
18.101340 84.588810 18.068200 84.118390
20.853170 85.339470 20.849830 84.812360
23.704110 85.757740 23.708850 85.205880
26.596700 85.903500 26.623740 85.315660
29.539120 85.860020 29.568600 85.232090
32.495530 85.669740 32.536020 85.021760
35.473920 85.419290 35.525240 84.766000
38.479390 85.150930 38.536990 84.447800
41.523140 84.840110 41.589170 84.109710
44.591610 84.512730 44.675960 83.814970
47.698590 84.159740 47.797690 83.499330
50.851300 83.780360 50.958140 83.092410
54.021280 83.370120 54.138520 82.679810
57.236480 82.963200 57.356200 82.252740
60.484150 82.564450 60.632790 81.887830
63.801630 82.126570 63.939410 81.454230
67.115350 81.671290 67.258750 80.986060
70.485000 81.248710 70.640960 80.544340
73.889090 80.831410 74.038110 80.100730
77.339480 80.402860 77.499600 79.669430
80.814430 79.981940 80.984820 79.239830
84.311560 79.560560 84.468920 78.802730
87.843140 79.132970 88.007500 78.355910
91.452740 78.712050 91.634550 77.920480
95.109110 78.302620 95.295510 77.481590
98.802080 77.939830 98.989310 77.080500
102.537600 77.577720 102.724300 76.695010
106.283100 77.182590 106.462600 76.261770
110.001900 76.763780 110.162600 75.836490
113.690700 76.253080 113.828900 75.282240
117.341000 75.581300 117.468900 74.635690
120.903700 74.751300 121.007500 73.804350
124.437500 73.785660 124.535900 72.856270
127.882800 72.651860 127.954300 71.688070
131.253600 71.361680 131.286900 70.359890
134.528800 69.931300 134.554100 68.924950
137.742000 68.328450 137.770700 67.305230
140.926800 66.546730 140.943400 65.506020
144.031200 64.574810 144.026900 63.491580
147.051200 62.406270 147.051900 61.318080
149.969500 60.049300 149.963000 58.950850
152.781800 57.504160 152.762900 56.378430
155.436800 54.746640 155.404200 53.579940
157.947400 51.752940 157.885900 50.563130
160.279800 48.634580 160.069900 47.358600
162.349000 45.353340 162.028300 44.026400
164.179800 41.946720 163.781500 40.580910
165.830900 38.447790 165.378200 37.061640
167.335400 34.861970 166.835300 33.465040
168.691200 31.242820 168.123400 29.820580
169.969500 27.582240 169.394500 26.167800
171.127300 23.900190 170.600900 22.506270
172.263200 20.221330 171.758300 18.864670
173.377000 16.599090 172.909600 15.254700
174.627000 13.004350 174.134200 11.653370
175.942500 9.442182 175.428900 8.102128
177.356800 5.917093 176.842500 4.567242
178.928800 2.434985 178.362700 1.051655
180.675800 -0.971876 180.013600 -2.384681
182.554400 -4.252484 181.806600 -5.681936
184.560700 -7.384682 183.768000 -8.822771
186.750900 -10.368790 185.899400 -11.832760
189.116500 -13.135630 188.181300 -14.624030
191.665700 -15.656880 190.655900 -17.194980
194.385900 -17.931220 193.339300 -19.488910
197.226100 -19.980800 196.161700 -21.536620
200.271800 -21.743030 199.159300 -23.351960
203.448300 -23.203180 202.310100 -24.840970
206.758900 -24.325190 205.640000 -25.965590
210.184300 -25.068170 209.019500 -26.786590
213.630700 -25.424490 212.461000 -27.171580
217.117000 -25.407460 215.928400 -27.257280
220.571900 -25.039820 219.397200 -27.019670
224.021200 -24.363710 222.853800 -26.376030
227.429900 -23.372920 226.282600 -25.480510
230.747500 -22.058700 229.618600 -24.231690
233.928400 -20.443850 232.878400 -22.731110
237.019600 -18.526770 236.021800 -20.916190
239.961000 -16.355940 238.990500 -18.785000
242.779800 -13.984550 241.817400 -16.426530
245.458500 -11.414060 244.481900 -13.837270
247.997000 -8.674394 247.008700 -11.091330
250.390600 -5.759310 249.442800 -8.199821
252.655600 -2.686673 251.704400 -5.112357
254.806500 0.534019 253.887700 -1.908111
256.864000 3.862410 256.035900 1.379422
258.884400 7.263272 258.058400 4.787915
260.877600 10.718320 260.107000 8.208416
262.828700 14.222610 262.136400 11.659750
264.741600 17.745920 264.106500 15.135010
266.637600 21.266150 265.970300 18.665590
268.527700 24.786100 267.869100 22.178620
270.375000 28.334210 269.794000 25.675440
272.219500 31.917810 271.738700 29.216780
274.124700 35.502240 273.717200 32.749980
276.050500 39.060050 275.684400 36.275490
277.989700 42.665330 277.693900 39.851100
279.912600 46.301830 279.694200 43.434530
281.775800 49.949900 281.654100 46.996910
283.563100 53.532720 283.522300 50.516300
285.356500 57.056770 285.339500 54.001750
287.075600 60.536460 287.127500 57.410700
288.712000 63.954910 288.822400 60.766840
290.293900 67.289100 290.392400 64.074930
291.871100 70.559820 292.012000 67.310820
293.538100 73.753600 293.696100 70.492230
295.351100 76.864560 295.519500 73.588140
297.261700 79.892800 297.551400 76.533060
299.367900 82.771990 299.734400 79.332590
301.654700 85.444430 302.089000 81.918580
304.129900 87.873730 304.588700 84.272870
306.795800 90.009740 307.288400 86.313060
309.610300 91.815310 310.117000 88.053770
312.540600 93.287990 313.076600 89.451710
315.589700 94.424870 316.132800 90.544180
318.731100 95.231100 319.264300 91.314420
321.947000 95.719040 322.498600 91.713900
325.202000 95.875140 325.739400 91.811670
328.404100 95.672520 328.883800 91.539210
331.635400 95.086030 332.134500 90.887060
334.756200 94.171900 335.170800 89.934120
337.636900 92.963350 338.016800 88.657840
340.363200 91.461070 340.696300 87.078370
342.964100 89.692180 343.253900 85.190160
345.403300 87.579170 345.635300 82.985470
347.592200 85.092570 347.718600 80.392830
349.463400 82.321490 349.543200 77.614670
351.002500 79.397790 351.006200 74.688520
352.204000 76.402830 352.129900 71.689960
353.107800 73.306490 352.969800 68.553890
353.811200 70.096650 353.620700 65.339840
354.464700 66.889050 354.189900 62.113930
355.047400 63.664610 354.687100 58.887920
355.500500 60.449100 355.115000 55.690310
355.866900 57.296080 355.447600 52.561270
356.198500 54.208160 355.756600 49.500030
356.525800 51.221050 356.079100 46.555510
356.961300 48.369400 356.474900 43.761500
357.538900 45.752540 356.976200 41.205810
358.275300 43.388830 357.622300 38.864500
359.266800 41.238890 358.611900 36.751070
360.571800 39.373830 359.901600 34.908460
362.156300 37.835540 361.447700 33.358410
363.974400 36.638300 363.208800 32.152210
366.080400 35.761110 365.381500 31.232000
368.547300 35.234490 367.905400 30.594770
371.148400 35.045060 370.566700 30.354950
373.899500 35.175270 373.358000 30.392010
376.698100 35.611110 376.177100 30.732000
379.470900 36.322790 378.973900 31.339330
382.212100 37.294470 381.733900 32.270740
384.867700 38.517990 384.444100 33.372210
387.364100 39.991850 387.005200 34.792890
389.701500 41.780710 389.388800 36.525130
391.802700 43.839190 391.563000 38.515010
393.689400 46.099010 393.499600 40.716540
395.383900 48.474340 395.239600 43.049210
396.942200 50.928340 396.907200 45.410010
398.325500 53.450140 398.342900 47.898670
399.544900 56.052550 399.609800 50.483190
400.579700 58.728940 400.771000 53.103470
401.390700 61.486590 401.677800 55.848920
401.978000 64.333130 402.335500 58.686530
402.335300 67.250270 402.771100 61.615400
402.474600 70.259740 402.959100 64.648660
402.447300 73.356030 402.987400 67.767200
402.341800 76.540880 402.929000 70.983400
402.228800 79.805450 402.816200 74.272020
402.075400 83.156280 402.684700 77.659590
401.927800 86.597120 402.557800 81.111060
401.721900 90.113350 402.385400 84.667970
401.455800 93.737450 402.172200 88.320500
401.169200 97.438860 401.923700 92.040750
400.835400 101.196700 401.666400 95.820320
400.479100 104.981000 401.365000 99.606200
400.086700 108.745200 401.020900 103.367600
399.638200 112.493800 400.606100 107.121500
399.138700 116.226700 400.133400 110.848500
398.603300 119.924700 399.667900 114.553300
398.025400 123.612000 399.122200 118.251000
397.409200 127.314800 398.574400 121.962000
396.829000 131.013100 398.061900 125.668200
396.222300 134.687900 397.537800 129.333300
395.601900 138.281700 397.014200 132.931700
395.033400 141.881600 396.506800 136.536100
394.483600 145.487500 396.020100 140.143100
393.961300 149.091800 395.519900 143.757200
393.456700 152.724500 395.044700 147.393100
392.964400 156.362200 394.586600 151.039400
392.473900 160.012200 394.130500 154.696900
391.988000 163.681600 393.667900 158.365000
391.511200 167.360500 393.225700 162.051700
391.037700 171.040400 392.764200 165.736000
390.574400 174.743200 392.316700 169.443500
390.110100 178.440800 391.874100 173.143600
389.662900 182.147700 391.428500 176.857100
389.244100 185.891700 391.071200 180.630100
388.894800 189.677500 390.784100 184.416000
388.606000 193.461200 390.548600 188.197600
388.392800 197.250000 390.367600 191.991000
388.242200 201.058600 390.230900 195.792100
388.167200 204.843700 390.207200 199.589000
388.164900 208.656700 390.202800 203.398000
388.225800 212.467100 390.275800 207.204000
388.337900 216.277100 390.395000 211.015700
388.518500 220.100100 390.588200 214.837500
388.781300 223.924000 390.856500 218.668800
389.110400 227.762200 391.181800 222.506300
389.519500 231.600300 391.563600 226.348300
390.000700 235.455300 392.051900 230.207000
390.533100 239.323100 392.613500 234.077200
391.126500 243.191800 393.213600 237.947600
391.817200 247.082900 393.929800 241.837300
392.446500 250.991000 394.692800 245.742100
393.192700 254.933200 395.606400 249.662200
394.129800 258.841200 396.626900 253.550600
395.212400 262.725700 397.695400 257.436100
396.381300 266.559900 398.833100 261.255100
397.591700 270.309200 400.056100 264.983700
398.915600 273.988100 401.334800 268.662500
400.261600 277.620100 402.660600 272.291500
401.674900 281.230100 404.014400 275.923300
403.099300 284.836200 405.404900 279.526000
404.552600 288.368900 406.826600 283.048800
405.981400 291.858600 408.236700 286.522200
407.396700 295.286300 409.639500 289.931600
408.787500 298.654400 411.002700 293.285300
410.160300 301.970700 412.377200 296.577400
411.532700 305.248600 413.718800 299.867000
412.910200 308.514300 415.068800 303.144100
414.286500 311.815200 416.440200 306.455400
415.632400 315.158100 417.789000 309.813700
416.955300 318.554600 419.205800 313.178300
418.356500 321.950200 420.706000 316.556600
419.919100 325.360500 422.345000 319.952300
421.619500 328.772700 424.086700 323.377100
423.465300 332.205100 425.935400 326.818600
425.389400 335.648500 427.908900 330.249900
427.393700 339.062100 429.930200 333.647500
429.441400 342.427400 431.991000 336.989100
431.502800 345.736000 434.077900 340.270300
433.555500 349.037600 436.138700 343.570300
435.647400 352.345100 438.270500 346.869300
437.737700 355.673900 440.353000 350.198600
439.858900 359.019800 442.483500 353.542400
441.938400 362.354800 444.558400 356.883000
444.011500 365.707600 446.642500 360.225700
446.074200 369.043000 448.694600 363.569000
448.108100 372.393000 450.753900 366.891000
450.106200 375.748500 452.821000 370.194200
452.077600 379.076100 454.867800 373.473900
454.072700 382.382200 456.948900 376.728800
456.149900 385.671800 459.064800 380.018300
458.224600 388.968400 461.193500 383.255000
460.351800 392.205600 463.365900 386.465200
462.503100 395.388100 465.485600 389.616600
464.568500 398.419600 467.561700 392.579400
466.632000 401.347200 469.614800 395.494000
468.654400 404.221700 471.660600 398.325700
470.657600 407.038900 473.662600 401.124800
472.677800 409.783700 475.661500 403.862200
474.657200 412.487100 477.636400 406.543200
476.592600 415.139500 479.542800 409.177600
478.496300 417.710700 481.444300 411.728300
480.372100 420.213300 483.315300 414.190900
482.195400 422.602900 485.115300 416.533100
483.955500 424.843700 486.851200 418.724000
485.628500 426.923600 488.463700 420.760200
487.190800 428.865800 490.084700 422.613900
488.699400 430.731200 491.584200 424.426900
490.108000 432.491800 492.963700 426.144700
491.375400 434.138900 494.248000 427.695200
492.521700 435.661300 495.375200 429.170600
493.585300 437.088500 496.428300 430.582600
494.601900 438.498800 497.427400 431.996700
495.493900 439.942600 498.320100 433.435500
496.198400 441.455900 499.048600 434.931200
496.643000 443.038900 499.514000 436.509400
496.894900 444.688300 499.785100 438.118000
496.838300 446.434300 499.819800 439.906100
496.587000 448.236400 499.596000 441.746300
496.020500 450.035800 499.071600 443.616700
495.316800 451.880800 498.365300 445.486400
494.382600 453.714700 497.439800 447.352900
493.357500 455.591800 496.424700 449.266600
492.259600 457.525200 495.360300 451.245900
491.138900 459.531700 494.275300 453.296300
489.968800 461.583000 493.161400 455.398600
488.778600 463.722100 491.935700 457.574000
487.527700 465.987400 490.691000 459.880700
486.241900 468.332900 489.409200 462.256900
484.929200 470.750300 488.084300 464.681400
483.595100 473.196800 486.759300 467.145900
482.240900 475.680400 485.411800 469.627200
480.881200 478.179700 484.054700 472.152400
479.506700 480.715200 482.702900 474.697400
478.139700 483.249600 481.338500 477.220800
476.741800 485.776600 479.957200 479.792500
475.327000 488.358200 478.580100 482.380000
473.905700 490.923000 477.174600 484.959600
472.463600 493.499100 475.752700 487.546400
471.030900 496.048700 474.395700 490.094600
469.654400 498.493900 473.066800 492.531800
468.311000 500.883700 471.758700 494.918600
467.003300 503.201000 470.512000 497.212300
465.767600 505.385700 469.335800 499.365200
464.618000 507.421200 468.255400 501.371000
463.563200 509.303500 467.241300 503.205500
462.581700 511.077100 466.283800 504.979400
461.620900 512.827500 465.364300 506.727000
460.698800 514.516100 464.465100 508.388700
459.825600 516.111800 463.619100 509.949000
459.035800 517.582500 462.891100 511.384300
458.312900 518.912300 462.177100 512.680500
457.589200 520.176600 461.469400 513.952900
456.756600 521.359000 460.692100 515.173500
455.798000 522.446500 459.770500 516.290300
454.695200 523.354600 458.719400 517.217700
453.456700 523.963300 457.496200 517.941700
452.010000 524.448000 456.006500 518.484100
450.370300 524.664900 454.354900 518.805500
448.645800 524.629300 452.595000 518.797500
446.853700 524.242200 450.729800 518.475700
445.001300 523.578900 448.783800 517.813700
443.053700 522.715000 446.802700 516.923800
441.070200 521.621600 444.779600 515.857300
439.068600 520.385000 442.739600 514.639500
437.067600 519.079900 440.727000 513.358100
435.131900 517.711100 438.758500 512.033800
433.248700 516.276400 436.826200 510.660000
431.409100 514.772600 434.947100 509.207100
429.653800 513.188400 433.175500 507.660700
427.979000 511.552500 431.456300 506.073900
426.376200 509.872800 429.822900 504.450500
424.896200 508.159600 428.300400 502.777300
423.477300 506.386900 426.828600 501.066100
422.151700 504.603800 425.448400 499.320200
420.895300 502.757100 424.121400 497.514500
419.698800 500.847600 422.851000 495.649300
418.553100 498.879100 421.623100 493.716900
417.436100 496.852200 420.438400 491.715500
416.341100 494.769800 419.270900 489.655500
415.299400 492.613200 418.140200 487.525900
414.283100 490.400400 417.049300 485.346100
413.291100 488.174100 415.992600 483.146700
412.307400 485.928500 414.941800 480.918500
411.321100 483.659600 413.893400 478.684200
410.385800 481.369500 412.886300 476.420700
409.484300 479.070200 411.926100 474.142700
408.605900 476.771200 411.014900 471.867300
407.747600 474.482200 410.100400 469.604600
406.916200 472.194500 409.234200 467.336100
406.106200 469.923800 408.360800 465.106200
405.321800 467.714100 407.524800 462.951500
404.581200 465.613200 406.758900 460.909800
403.881000 463.647100 406.049400 459.002500
403.196100 461.842900 405.372700 457.228900
402.563700 460.074300 404.671900 455.487800
401.946900 458.305600 403.986500 453.747200
401.296600 456.548600 403.241300 452.020100
400.651300 454.770400 402.533700 450.264000
399.996700 452.984700 401.799000 448.491800
399.329600 451.125900 401.037200 446.637300
398.618400 449.218000 400.238000 444.744500
397.822000 447.249700 399.396300 442.752000
396.969800 445.208000 398.500600 440.718400
396.116100 443.116600 397.586900 438.625400
395.211200 440.967800 396.601600 436.488600
394.287700 438.749400 395.580300 434.293800
393.341900 436.497700 394.545500 432.070900
392.358600 434.221800 393.501900 429.808800
391.343800 431.907700 392.370200 427.520600
390.285600 429.531900 391.189400 425.175100
389.177900 427.104300 390.007400 422.756400
388.002000 424.633000 388.747400 420.313100
386.786000 422.153600 387.447800 417.863600
385.529200 419.645500 386.105600 415.390600
384.252800 417.122900 384.724000 412.901200
382.927300 414.575600 383.326600 410.400200
381.591500 412.030100 381.900400 407.886700
380.224100 409.463100 380.420800 405.380200
378.830100 406.889400 378.930700 402.844600
377.404400 404.303400 377.421200 400.302800
375.940700 401.722300 375.907800 397.743400
374.431300 399.137000 374.348300 395.173000
372.878200 396.550200 372.720400 392.626000
371.286300 393.960100 371.058600 390.074100
369.662600 391.367800 369.374600 387.518000
368.012000 388.798400 367.661400 385.006000
366.357200 386.258300 365.904600 382.516200
364.686300 383.683500 364.170600 379.974000
362.990500 381.103100 362.413000 377.435100
361.274100 378.545400 360.638000 374.911300
359.479500 376.079600 358.853100 372.493200
357.743100 373.713700 357.120800 370.167300
356.046500 371.424400 355.394200 367.913000
354.349500 369.168400 353.703800 365.659900
352.662900 366.944000 351.994200 363.484900
351.018900 364.780500 350.338200 361.373900
349.445300 362.679200 348.756500 359.325000
347.970100 360.669800 347.275500 357.377200
346.587900 358.760700 345.857400 355.560900
345.269200 357.004900 344.520600 353.889800
343.987600 355.420000 343.242800 352.354500
342.722300 353.942300 341.961800 350.926200
341.428400 352.599100 340.683600 349.631100
340.132200 351.423100 339.381600 348.511200
338.769300 350.441200 337.982000 347.551000
337.341700 349.681300 336.546300 346.828600
335.777200 349.128400 335.006000 346.347000
334.132400 348.908200 333.350000 346.136100
332.452400 349.031300 331.665300 346.257300
330.797800 349.428100 329.964300 346.676500
329.211100 350.167300 328.356800 347.424800
327.641800 351.098300 326.804100 348.418900
326.094800 352.236000 325.265100 349.620600
324.512700 353.489700 323.692700 350.939500
322.875800 354.863500 322.027500 352.351400
321.135500 356.302000 320.238300 353.795600
319.250000 357.710100 318.335500 355.195600
317.242300 359.002400 316.321800 356.517500
315.093800 360.160000 314.183900 357.708800
312.852600 361.167400 311.935100 358.723500
310.509200 362.008200 309.597400 359.615800
308.069100 362.662200 307.150100 360.314300
305.560600 363.146700 304.629300 360.845100
302.953900 363.438100 302.020100 361.164800
300.313300 363.558500 299.380600 361.330100
297.631800 363.522600 296.673300 361.314900
294.885100 363.381000 293.906400 361.212000
292.104200 363.172300 291.115200 361.038200
289.300900 362.939000 288.305500 360.825500
286.491000 362.678500 285.483900 360.602200
283.693500 362.370200 282.698800 360.311700
280.920600 362.098000 279.929900 360.054600
278.169000 361.857400 277.187400 359.827000
275.446800 361.657400 274.469200 359.638400
272.737000 361.519800 271.762100 359.522900
270.035600 361.455000 269.055400 359.486900
267.327700 361.497700 266.345500 359.555100
264.630400 361.676000 263.645200 359.767300
261.940300 361.979900 260.955200 360.107800
259.250900 362.413000 258.258900 360.564900
256.573600 362.959900 255.582700 361.140700
253.917300 363.655300 252.932800 361.854700
251.288400 364.497000 250.283300 362.731800
248.680300 365.504900 247.669400 363.770800
246.094700 366.666900 245.077500 364.943400
243.562600 367.994000 242.534100 366.318000
241.083300 369.508300 240.072300 367.886900
238.697300 371.174900 237.728700 369.605700
236.432200 372.983900 235.483700 371.458900
234.282400 374.915600 233.381100 373.443900
232.221400 376.965100 231.382500 375.569800
230.283900 379.136000 229.521600 377.826900
228.445400 381.408600 227.767900 380.161400
226.762700 383.789500 226.160900 382.605400
225.240300 386.284200 224.694100 385.137200
223.870500 388.875300 223.389800 387.778500
222.651800 391.576800 222.243600 390.541200
221.610300 394.407600 221.259300 393.412800
220.731600 397.346700 220.438300 396.385900
220.036100 400.374900 219.804300 399.459800
219.492700 403.546000 219.345000 402.682500
219.131100 406.829700 219.070100 405.994200
218.954900 410.176200 218.996400 409.352200
218.961000 413.566100 219.089700 412.750600
219.145900 416.967900 219.355800 416.157200
219.451900 420.389700 219.747400 419.575100
219.829800 423.806600 220.233500 423.006500
220.310500 427.237200 220.754200 426.424300
220.868900 430.684800 221.349400 429.874200
221.441400 434.161900 221.963000 433.353400
222.038500 437.663400 222.603900 436.858200
222.674200 441.192400 223.267800 440.397700
223.324700 444.766400 223.958000 443.980500
223.976800 448.390400 224.676300 447.606700
224.645100 452.052600 225.389400 451.269000
225.326300 455.738000 226.117900 454.959300
226.013500 459.438200 226.864300 458.643800
226.742700 463.131400 227.641800 462.334800
227.489100 466.830800 228.420500 466.022100
228.247700 470.527000 229.202300 469.715700
229.012100 474.215100 230.012300 473.390900
229.762000 477.897100 230.803400 477.059000
230.499300 481.567900 231.581800 480.720900
231.252900 485.238400 232.415800 484.366000
232.010300 488.886300 233.200300 488.009200
232.763300 492.531800 234.000400 491.647500
233.545900 496.169700 234.825300 495.268200
234.328200 499.811600 235.655700 498.897800
235.108100 503.420000 236.474500 502.491500
235.907500 507.019800 237.303500 506.080700
236.703700 510.603300 238.105600 509.654400
237.481000 514.162500 238.918100 513.194100
238.249000 517.704200 239.730400 516.726400
239.014400 521.230500 240.548700 520.229200
239.746800 524.741600 241.338300 523.718900
240.436600 528.231300 242.099700 527.186100
241.102000 531.689500 242.826900 530.621700
241.740900 535.133300 243.526300 534.044800
242.359400 538.550300 244.207600 537.441000
242.993900 541.935900 244.915000 540.802500
243.655500 545.295800 245.643100 544.145500
244.307800 548.630700 246.381100 547.445800
244.986700 551.924500 247.109700 550.717800
245.686600 555.189800 247.876100 553.961700
246.402300 558.403000 248.659900 557.156200
247.160300 561.604000 249.502500 560.314900
247.954300 564.747800 250.330500 563.449100
248.799800 567.843200 251.258800 566.497000
249.719700 570.881500 252.202800 569.523600
250.691800 573.875500 253.244600 572.481600
251.722500 576.816900 254.333000 575.391300
252.792400 579.719200 255.498400 578.255800
253.899200 582.619100 256.613400 581.160300
254.999400 585.538800 257.795700 584.056100
256.084000 588.464600 258.874700 586.971800
257.132200 591.413100 259.965700 589.908500
258.142200 594.337700 260.976900 592.824400
259.143500 597.295100 261.974700 595.785600
260.132300 600.227900 262.981000 598.705100
261.124300 603.146400 264.016300 601.599900
262.175000 606.016800 265.077800 604.464700
263.321800 608.844200 266.239900 607.280400
264.592700 611.600700 267.544300 610.020200
266.012800 614.279900 269.026100 612.652200
267.588100 616.881700 270.645400 615.242300
269.323800 619.428300 272.405400 617.786400
271.210100 621.881800 274.343000 620.220800
273.238300 624.254900 276.379000 622.583300
275.373300 626.509900 278.532100 624.822400
277.623300 628.637000 280.814200 626.906800
279.976600 630.608900 283.172500 628.874000
282.453700 632.438800 285.657200 630.686100
285.065600 634.108700 288.299000 632.346500
287.781800 635.684200 291.059700 633.891500
290.614800 637.170400 293.933600 635.350600
293.572000 638.551300 296.936000 636.735200
296.640000 639.897800 300.048400 638.040400
299.815900 641.203200 303.256700 639.364300
303.076400 642.494500 306.529900 640.658700
306.357100 643.765800 309.834800 641.895800
309.674900 645.021300 313.176300 643.107500
312.999700 646.243800 316.520700 644.299200
316.341000 647.457400 319.880100 645.468800
319.656500 648.689200 323.206200 646.663800
322.948500 649.961000 326.506600 647.903200
326.166800 651.311700 329.748400 649.193500
329.336100 652.739100 332.945300 650.550100
332.444200 654.205600 336.051500 651.948000
335.400500 655.659200 339.006600 653.255600
338.177900 657.091100 341.792600 654.615300
340.853600 658.520100 344.494400 655.881200
343.392000 659.901300 347.034400 657.173300
345.797500 661.222900 349.444800 658.361500
348.061700 662.470200 351.723400 659.503900
350.227800 663.663600 353.847700 660.677600
352.269800 664.764500 355.864700 661.706200
354.171500 665.743600 357.704000 662.637800
355.867200 666.596600 359.345100 663.432800
357.385800 667.323400 360.788900 664.136000
358.688300 667.945100 362.006600 664.741400
359.785500 668.454700 363.036000 665.228300
360.684700 668.879300 363.878200 665.606000
361.448900 669.240500 364.643500 665.958900
362.202200 669.609800 365.372700 666.350700
362.884200 670.041700 366.075100 666.770200
363.544500 670.582800 366.728000 667.399000
364.209800 671.330500 367.431600 668.194600
364.845000 672.309500 368.134400 669.001900
365.349200 673.552400 368.621500 670.317300
365.693100 675.079000 368.913700 671.925900
365.765200 676.782400 368.910800 673.707300
365.523700 678.539500 368.593600 675.578300
365.089100 680.489300 368.083200 677.540100
364.466100 682.514600 367.354000 679.572600
363.616300 684.610800 366.451800 681.686100
362.501500 686.760700 365.308900 683.874300
361.240200 688.988000 364.029200 686.142700
359.916600 691.336700 362.670500 688.512600
358.517400 693.800300 361.229600 691.017600
357.035700 696.407500 359.700000 693.635300
355.508800 699.115600 358.118900 696.352700
353.904300 701.929300 356.455600 699.163800
352.257400 704.823800 354.742200 702.049800
350.567500 707.796400 352.973200 705.012000
348.841400 710.853200 351.197800 708.045200
347.061700 713.947900 349.337800 711.131600
345.240600 717.126500 347.445000 714.287100
343.396200 720.384700 345.508600 717.514900
341.517100 723.688800 343.551900 720.788500
339.619000 727.060600 341.581400 724.135500
337.697800 730.488300 339.587300 727.536000
335.746300 733.965100 337.588100 731.003700
333.767200 737.500800 335.519900 734.492300
331.787300 741.093200 333.471600 738.057400
329.802100 744.697600 331.438400 741.613000
327.822700 748.252900 329.381400 745.088300
325.882900 751.750500 327.377200 748.524100
323.953700 755.221900 325.359600 751.927500
322.019400 758.698600 323.318500 755.359000
320.037700 762.177600 321.262100 758.769400
318.097700 765.622300 319.230800 762.137600
316.183200 769.057500 317.223200 765.513100
314.250000 772.494900 315.202900 768.899100
312.275800 775.931500 313.130400 772.276200
310.254000 779.359500 310.999100 775.648500
308.122800 782.782800 308.781600 779.015700
305.862800 786.166800 306.457300 782.367800
303.500700 789.503100 304.025200 785.656500
300.970800 792.776600 301.454800 788.889400
298.346100 795.948700 298.776800 791.998300
295.632400 799.046800 295.988500 795.033600
292.854400 802.131000 293.148900 798.054400
290.021900 805.167500 290.261700 801.022500
287.126600 808.146600 287.302100 803.950100
284.119000 811.063300 284.224500 806.772900
281.041800 813.860300 281.090200 809.489900
277.869300 816.545900 277.872800 812.091800
274.646800 819.105600 274.627100 814.583500
271.386100 821.531200 271.336800 816.922100
268.116800 823.813700 268.039100 819.089000
264.867100 825.970500 264.745500 821.141700
261.611600 828.060300 261.482100 823.164100
258.412200 830.064600 258.281100 825.087200
255.270800 831.964500 255.131800 826.906300
252.165400 833.785500 252.025600 828.644800
249.035500 835.465400 248.863700 830.390000
245.676600 836.941500 245.667400 832.047400
242.526400 838.395100 242.688700 833.595100
239.649200 839.782300 239.888200 835.008600
236.954200 841.095200 237.302300 836.327400
234.477400 842.339200 234.886200 837.557500
232.193600 843.528700 232.675100 838.723600
230.093400 844.639300 230.643700 839.815800
228.164600 845.633300 228.774400 840.782300
226.339700 846.487500 226.972900 841.588700
224.559800 847.148600 225.239400 842.233400
222.862900 847.611100 223.564500 842.661400
221.160000 847.853200 221.824700 842.881100
219.343600 847.650900 220.025600 842.788100
217.613700 847.228800 218.285100 842.355000
215.983200 846.459000 216.657900 841.542000
214.496600 845.376700 215.135600 840.459700
213.166300 844.015600 213.766800 839.098400
211.989600 842.443000 212.514800 837.468100
210.942500 840.673500 211.450600 835.678600
210.015200 838.668700 210.493900 833.671100
209.177100 836.492300 209.677700 831.439000
208.420100 834.203400 208.938200 829.111200
207.685300 831.756600 208.231200 826.584300
206.966400 829.169500 207.525800 823.962300
206.234900 826.499600 206.806700 821.246800
205.491300 823.727800 206.063100 818.444300
204.726900 820.872900 205.320700 815.550600
203.960100 817.947300 204.518400 812.608600
203.188700 814.944500 203.759600 809.571600
202.387700 811.853000 202.960300 806.446100
201.557100 808.685000 202.153400 803.236600
200.707000 805.446700 201.325700 799.971500
199.837600 802.169300 200.468300 796.678800
198.959100 798.853000 199.602700 793.339800
198.078300 795.512000 198.771400 789.977400
197.208100 792.134200 197.909500 786.585000
196.331500 788.727300 197.049000 783.152200
195.393800 785.296400 196.136100 779.697400
194.407000 781.832200 195.202400 776.207300
193.372100 778.361600 194.145400 772.722900
192.268500 774.862700 193.076400 769.200000
191.104500 771.351900 191.916200 765.667100
189.900200 767.803200 190.747000 762.092700
188.697400 764.215300 189.567200 758.474800
187.525500 760.573100 188.447900 754.799400
186.417200 756.874800 187.373600 751.087900
185.391100 753.140200 186.385100 747.337200
184.425300 749.376100 185.381500 743.575100
183.505800 745.586000 184.498100 739.765400
182.630800 741.760500 183.653600 735.921900
181.799600 737.920600 182.871700 732.065900
180.995700 734.046000 182.088700 728.181500
180.235100 730.165100 181.363000 724.290600
179.509000 726.267300 180.640200 720.388200
178.782600 722.358000 179.906700 716.475600
178.060700 718.433400 179.189200 712.544000
177.362100 714.485400 178.515000 708.575400
176.683600 710.485300 177.827300 704.568400
176.012100 706.523900 177.180900 700.610700
175.366700 702.573200 176.571900 696.670300
174.771600 698.664000 175.983600 692.773300
174.208700 694.786000 175.424700 688.910400
173.664500 690.971400 174.874400 685.109300
173.120400 687.194400 174.320400 681.347100
172.609800 683.452500 173.753800 677.633200
172.111300 679.757200 173.206400 673.946200
171.620100 676.075400 172.686100 670.279000
171.116500 672.425100 172.138000 666.639300
170.597300 668.791300 171.590700 663.012200
170.061700 665.158300 171.029600 659.377600
169.508500 661.515700 170.481600 655.722700
168.924400 657.855800 169.905700 652.053800
168.353600 654.164700 169.369500 648.353300
167.787000 650.469600 168.839100 644.649000
167.241700 646.760000 168.341800 640.926500
166.711700 643.033600 167.817600 637.198300
166.161900 639.298500 167.262300 633.452500
165.603300 635.547200 166.692900 629.702000
165.019900 631.781100 166.131300 625.921400
164.407900 627.989800 165.549100 622.112400
163.795100 624.165700 164.963300 618.277300
163.188600 620.333500 164.368700 614.439300
162.585900 616.485800 163.781400 610.577400
162.003800 612.637200 163.165900 606.741900
161.404000 608.796100 162.571700 602.909200
160.758000 604.972100 161.967700 599.080200
160.133600 601.135300 161.377100 595.224400
159.495800 597.273400 160.764900 591.336200
158.840300 593.366000 160.120400 587.423300
158.208600 589.447000 159.532600 583.492000
157.580800 585.515400 158.950700 579.539700
156.942900 581.558400 158.351000 575.573500
156.315100 577.584700 157.750500 571.591600
155.693100 573.602200 157.160500 567.602400
155.097900 569.612100 156.560000 563.614200
154.494600 565.631700 155.993100 559.622600
153.882900 561.635800 155.390000 555.631900
153.275400 557.661700 154.790300 551.658800
152.657100 553.699500 154.158000 547.701400
152.007000 549.736100 153.558600 543.730200
151.335500 545.780700 152.958000 539.769900
150.702300 541.830000 152.346500 535.816500
150.111100 537.863200 151.751300 531.836100
149.565800 533.878000 151.154600 527.863300
149.070700 529.886400 150.576300 523.876900
148.583300 525.892200 150.012900 519.893500
148.098100 521.899600 149.459300 515.913300
147.615200 517.906000 148.902800 511.924000
147.078600 513.924800 148.332800 507.946300
146.557400 509.928000 147.779500 503.961300
145.990800 505.947400 147.210000 499.974600
145.414200 501.983900 146.620700 496.023600
144.839400 498.023200 146.009800 492.066000
144.237000 494.066600 145.394000 488.092900
143.642200 490.086700 144.798000 484.119900
143.093600 486.100600 144.215700 480.131900
142.520000 482.109500 143.600700 476.146300
141.953600 478.120000 143.048900 472.153400
141.409200 474.120700 142.477200 468.151500
140.866200 470.116800 141.894400 464.158800
140.329900 466.129000 141.369200 460.177300
139.802900 462.170200 140.832100 456.235200
139.285200 458.259400 140.313300 452.338200
138.767400 454.380800 139.758700 448.468900
138.265200 450.537100 139.257300 444.639700
137.781900 446.703500 138.800800 440.817200
137.326700 442.890000 138.335600 436.996800
136.905100 439.064700 137.919000 433.167000
136.518100 435.237300 137.490000 429.350400
136.143200 431.414200 137.113100 425.526800
135.825400 427.592200 136.757200 421.704000
135.543200 423.737300 136.439000 417.847400
135.270100 419.908100 136.184500 414.007100
135.035900 416.031200 135.944700 410.130700
134.860400 412.167200 135.781400 406.268000
134.729600 408.319200 135.603000 402.437000
134.657500 404.515600 135.527300 398.646800
134.622800 400.768700 135.498000 394.922600
134.596400 397.079600 135.475700 391.257100
134.623000 393.460300 135.487300 387.659400
134.664700 389.903700 135.535700 384.119600
134.742900 386.395400 135.570500 380.628700
134.849100 382.945500 135.657200 377.198000
134.972000 379.565400 135.775700 373.842800
135.131800 376.244700 135.889800 370.546000
135.333900 373.018200 136.082100 367.346000
135.556500 369.861200 136.307000 364.211100
135.838900 366.777100 136.595400 361.153500
136.225700 363.791900 136.942900 358.186500
136.738700 360.891300 137.426400 355.309900
137.359000 358.081000 138.071100 352.515400
138.112400 355.303200 138.824600 349.732400
138.966200 352.534800 139.645400 346.956500
139.893600 349.805900 140.523800 344.231300
140.896000 347.157200 141.511800 341.594100
141.971400 344.579000 142.556800 339.015600
143.130500 342.084500 143.704300 336.533100
144.392300 339.674500 144.961400 334.124500
145.777400 337.332100 146.313500 331.765800
147.331500 335.073900 147.886200 329.510500
149.057400 332.893100 149.620600 327.310900
150.967000 330.772000 151.576200 325.208200
153.050000 328.762800 153.661800 323.208800
155.286900 326.913400 155.913500 321.346800
157.696000 325.210700 158.336600 319.663500
160.258100 323.696400 160.927100 318.160400
162.973100 322.395300 163.658800 316.883000
165.832800 321.314600 166.552300 315.804400
168.823000 320.455500 169.560700 314.979500
171.915000 319.751800 172.676900 314.289100
175.093600 319.154400 175.884800 313.706500
178.356600 318.621500 179.172200 313.173100
181.670600 318.107800 182.466800 312.675700
184.954100 317.552100 185.829200 312.298600
188.360600 317.014600 189.253500 311.828800
191.810500 316.498600 192.727700 311.328300
195.303300 315.956300 196.237700 310.790100
198.810200 315.370500 199.757100 310.206200
202.319700 314.727700 203.307500 309.608900
205.854900 314.018600 206.864000 308.941200
209.382100 313.210000 210.401800 308.130700
212.873900 312.313500 213.890100 307.259100
216.282400 311.315800 217.297700 306.259900
219.602300 310.211800 220.610100 305.180000
222.828600 308.969500 223.833100 304.003000
225.892800 307.618500 226.910600 302.667100
228.857400 306.132600 229.882200 301.207000
231.705300 304.510000 232.720900 299.600100
234.404500 302.795000 235.404500 297.892200
236.964200 301.022400 237.952000 296.150000
239.357400 299.191600 240.328700 294.341000
241.573300 297.348000 242.486900 292.523800
243.583200 295.531300 244.461200 290.744600
245.364000 293.745300 246.192300 288.990700
246.928300 292.003400 247.710400 287.285100
248.255900 290.313300 248.989400 285.659500
249.318200 288.712300 250.027500 284.091900
250.170400 287.137600 250.857600 282.547000
250.789300 285.600000 251.464700 281.020200
251.165900 284.019700 251.853600 279.434300
251.314100 282.347000 252.028200 277.788100
251.208600 280.685900 251.946700 276.119800
250.772400 279.031200 251.556800 274.416800
249.999900 277.363100 250.794900 272.619900
248.862600 275.742500 249.688700 270.940600
247.391400 274.199800 248.187300 269.367500
245.604100 272.717600 246.385800 267.844300
243.606700 271.249000 244.352500 266.338300
241.483200 269.657000 242.198800 264.709100
239.255900 267.931300 239.946500 262.938700
236.942400 266.062700 237.615300 261.027300
234.573400 264.060900 235.245500 258.976000
232.194200 261.911300 232.885100 256.783200
229.828600 259.643500 230.527100 254.475600
227.459400 257.285700 228.173200 252.093400
225.117700 254.818300 225.823800 249.611400
222.794900 252.268100 223.522000 247.041300
220.539900 249.684100 221.325700 244.452300
218.379000 247.150200 219.252100 241.907200
216.331900 244.688600 217.267600 239.462600
214.447100 242.296600 215.447400 237.101500
212.738900 239.986300 213.776800 234.838900
211.155100 237.800000 212.210400 232.719700
209.645500 235.806000 210.747100 230.780200
208.153800 234.063200 209.280700 229.093200
206.642600 232.599300 207.806200 227.663300
205.050700 231.388700 206.280600 226.466700
203.386000 230.453900 204.651200 225.467600
201.568800 229.804200 202.796900 224.800300
199.652600 229.469400 200.881900 224.437700
197.649300 229.448700 198.911700 224.422900
195.695200 229.808500 196.940700 224.758900
193.757500 230.545900 194.951000 225.464100
191.873400 231.575500 193.029100 226.459600
190.008500 232.786900 191.104100 227.642600
188.027800 234.075600 189.048700 228.911400
185.893500 235.390300 186.867400 230.234600
183.609800 236.705800 184.536200 231.550600
181.165200 238.005100 182.011200 232.821100
178.517300 239.254000 179.288100 233.994400
175.726900 240.407000 176.439800 235.123300
172.707400 241.421200 173.370500 236.109700
169.603600 242.357600 170.256400 237.057800
166.445500 243.209000 167.091100 237.867900
163.269700 243.975200 163.882100 238.550100
160.018600 244.710100 160.609400 239.242900
156.736700 245.397400 157.307200 239.908400
153.408400 246.036100 153.966300 240.499500
150.090200 246.634600 150.657700 241.067300
146.806300 247.228400 147.369200 241.615600
143.505000 247.801600 144.058200 242.128000
140.209300 248.367500 140.759800 242.651000
136.935100 248.926700 137.491500 243.169800
133.701200 249.482000 134.266200 243.680600
130.512300 250.041400 131.084500 244.209100
127.368600 250.623000 127.963400 244.812300
124.279500 251.271600 124.877600 245.436000
121.226800 251.988400 121.840100 246.155300
118.235900 252.796200 118.853400 246.954100
115.296000 253.710500 115.906700 247.813300
112.410900 254.793600 112.997600 248.858800
109.550100 256.073600 110.094200 250.084700
106.765300 257.559400 107.291600 251.527600
104.058300 259.195200 104.554900 253.124200
101.451300 260.983800 101.936000 254.862600
98.958900 262.930000 99.383240 256.765600
96.560750 265.038400 96.930830 258.805900
94.233290 267.302400 94.518130 261.011500
91.992660 269.682500 92.257420 263.369700
89.872160 272.215300 90.120280 265.906700
87.867480 274.902800 88.085310 268.581300
85.990600 277.735000 86.164570 271.403700
84.244040 280.710100 84.371020 274.349000
82.619100 283.777000 82.685590 277.422300
81.079690 286.968600 81.099650 280.569500
79.784310 290.233300 79.732930 283.857300
78.568560 293.653400 78.475490 287.247500
77.471470 297.091000 77.303610 290.668300
76.507590 300.590600 76.262000 294.139300
75.684350 304.118500 75.375970 297.654800
74.993740 307.691900 74.652230 301.216700
74.448540 311.297700 74.089500 304.824600
74.042020 314.935900 73.611360 308.456000
73.771590 318.594800 73.277910 312.116600
73.715910 322.261900 73.041070 315.757700
73.769420 325.907700 72.850160 319.403900
73.817040 329.552100 72.743010 323.039500
74.000290 333.173500 72.675580 326.669800
74.172500 336.809200 72.675380 330.306000
74.344680 340.442200 72.676790 333.947700
74.514430 344.091300 72.703970 337.598600
74.662940 347.746700 72.778020 341.265500
74.736070 351.400000 72.726240 344.900000
74.769320 355.000700 72.683930 348.491600
74.814470 358.586500 72.636450 352.076700
74.746920 362.178000 72.579190 355.661100
74.686830 365.745600 72.500550 359.238700
74.555740 369.317000 72.369060 362.819100
74.360040 372.935200 72.220260 366.438600
74.109450 376.533900 71.965950 370.024700
73.828330 380.133100 71.679420 373.627600
73.476450 383.716600 71.310950 377.204100
73.062260 387.295400 70.866970 380.774000
72.635640 390.839200 70.390980 384.291300
72.123690 394.365700 69.821460 387.826400
71.585570 397.910500 69.220920 391.357600
70.976400 401.435000 68.574910 394.875000
70.311850 404.959700 67.865070 398.384700
69.602670 408.449900 67.122710 401.862300
68.879140 411.948200 66.412640 405.366700
68.139490 415.452800 65.631940 408.869700
67.432580 418.981100 64.874070 412.388300
66.735590 422.501800 64.095980 415.879200
66.031790 425.991100 63.367180 419.352400
65.337700 429.457600 62.636840 422.798300
64.678150 432.971500 61.903550 426.346500
64.092350 436.564700 61.253610 429.914600
63.538820 440.165700 60.595740 433.506300
63.089490 443.780200 60.074140 437.103700
62.687700 447.405600 59.640630 440.719200
62.395430 451.016900 59.316470 444.314100
62.179910 454.600300 59.048550 447.889200
62.016060 458.184800 58.810530 451.470000
61.878910 461.762700 58.632510 455.043900
61.782260 465.339800 58.487280 458.619800
61.711200 468.924000 58.341100 462.201100
61.669710 472.506000 58.244640 465.780900
61.695530 476.094800 58.222960 469.371000
61.729390 479.666900 58.209980 472.942900
61.822870 483.270300 58.183210 476.552500
61.924810 486.878100 58.259550 480.158100
62.056550 490.478600 58.359890 483.769900
62.176020 494.117900 58.423600 487.415200
62.266690 497.773900 58.449720 491.079100
62.330910 501.484400 58.426890 494.818300
62.383600 505.245100 58.458750 498.596900
62.456820 509.016300 58.513470 502.372500
62.639660 512.800600 58.705550 506.173200
62.868350 516.638100 58.918020 510.006400
63.106400 520.456700 59.136680 513.832300
63.367240 524.259400 59.401120 517.625200
63.593570 528.081800 59.644680 521.460400
63.801530 531.888200 59.816810 525.258300
64.024540 535.667900 59.975170 529.035400
64.206830 539.467500 60.150700 532.829100
64.344710 543.234900 60.249540 536.585900
64.496310 546.996900 60.353810 540.360900
64.631930 550.743000 60.419140 544.086700
64.749170 554.462700 60.465830 547.805900
64.914610 558.167300 60.580610 551.517200
65.103700 561.867200 60.716220 555.195500
65.335960 565.517200 60.923090 558.861400
65.569200 569.190200 61.125510 562.533800
65.794250 572.863800 61.312270 566.202600
65.979210 576.521900 61.391840 569.858500
66.180050 580.172300 61.531470 573.520600
66.362280 583.853000 61.622300 577.200700
66.538350 587.515200 61.761010 580.864800
66.682270 591.168900 61.813470 584.510500
66.777600 594.811400 61.822740 588.150000
66.890400 598.420300 61.833580 591.761800
67.026690 602.042900 61.916500 595.379600
67.177460 605.622900 61.982810 598.938500
67.323020 609.198300 62.048510 602.533500
67.450500 612.758000 62.066080 606.070500
67.653570 616.289300 62.214740 609.607300
67.878290 619.813700 62.231390 613.123500
68.154010 623.308500 62.465430 616.621900
68.437020 626.799600 62.670750 620.110400
68.771410 630.257700 62.980490 623.568600
69.202550 633.695200 63.323710 626.999300
69.600670 637.103300 63.661190 630.411400
70.036830 640.488700 64.059580 633.783500
70.506270 643.807100 64.499900 637.103800
70.892770 647.161500 64.824500 640.451600
71.232770 650.443300 65.138960 643.727200
71.580170 653.720500 65.436300 646.991300
71.988160 656.939000 65.698420 650.233300
72.305150 660.204100 65.931500 653.497400
72.604120 663.408400 66.126100 656.706200
72.917010 666.635000 66.287910 659.944400
73.242550 669.852400 66.447690 663.164900
73.637330 673.050100 66.660430 666.400800
74.027710 676.284300 66.846880 669.640100
74.459600 679.526800 67.190120 672.924200
74.950660 682.820100 67.592700 676.201900
75.485380 686.101000 67.985200 679.539200
75.997000 689.438300 68.343900 682.914300
76.620780 692.817900 68.831590 686.340200
77.255750 696.266300 69.357640 689.808800
77.860920 699.720200 69.934220 693.292100
78.456960 703.252300 70.464750 696.856000
79.046650 706.838300 71.002020 700.458400
79.748960 710.431700 71.537350 704.100600
80.377820 714.087800 72.070950 707.785800
80.984990 717.795000 72.614360 711.506700
81.568530 721.524100 73.193350 715.230900
82.226950 725.230100 73.789820 718.957200
82.971570 728.932500 74.447370 722.679000
83.716810 732.637800 75.107810 726.399400
84.461420 736.340000 75.795720 730.110900
85.205890 740.041500 76.582390 733.805300
85.988280 743.734800 77.349540 737.492700
86.881120 747.371500 78.212770 741.137100
87.770200 751.019300 79.069680 744.791400
88.659140 754.657900 79.958930 748.414600
89.568830 758.256300 80.863980 752.037300
90.529500 761.919200 81.773500 755.690400
91.504420 765.495400 82.690070 759.315800
92.518360 769.126400 83.653940 762.940400
93.541990 772.703400 84.638280 766.534600
94.615270 776.302000 85.654010 770.134000
95.687250 779.833200 86.696810 773.668000
96.764590 783.369100 87.770470 777.209000
97.857970 786.887700 88.865840 780.717700
98.977700 790.363900 89.959560 784.195300
100.102700 793.842400 91.100510 787.663600
101.281700 797.278800 92.254580 791.103800
102.480100 800.701200 93.452770 794.521700
103.706800 804.080200 94.639850 797.910300
104.948300 807.449200 95.877050 801.276100
106.192400 810.798000 97.078890 804.634300
107.467000 814.117100 98.345400 807.946900
108.775000 817.411500 99.597310 811.267600
110.077600 820.689800 100.841100 814.535800
111.337000 823.916800 102.088500 817.765000
112.595900 827.082700 103.317200 820.907600
113.862500 830.153000 104.596800 823.955800
115.118400 833.166500 105.850900 826.947800
116.423500 836.128900 107.125600 829.944700
117.895400 839.037200 108.526700 832.882300
119.447600 841.885100 110.036800 835.764300
121.088600 844.701900 111.618400 838.602800
122.872100 847.290700 113.251600 841.280000
124.724400 849.810800 114.992700 843.888900
126.575500 852.329600 116.812200 846.443400
128.426600 854.848600 118.698800 848.945600
130.276800 857.367000 120.613400 851.427400
132.127400 859.883600 122.538700 853.790000
133.992200 862.014800 124.352800 855.919700
135.814600 864.035300 126.125800 857.972900
137.604800 865.988300 127.862300 859.929700
139.298200 867.835900 129.521400 861.758800
140.919200 869.609300 131.087400 863.560000
142.486000 871.338400 132.644400 865.239400
143.940800 872.954000 134.039700 866.842000
145.300100 874.412900 135.381400 868.220600
146.559000 875.661600 136.574100 869.422100
147.650800 876.418400 137.466800 870.229700
148.685500 877.020600 138.390100 870.986700
149.713200 877.623900 139.378700 871.648700
150.732500 878.227900 140.416100 872.202400
151.742600 878.831700 141.499800 872.643500
152.808100 879.342000 142.646400 873.001700
154.068700 879.516900 143.941600 873.154100
155.413300 879.479400 145.343400 873.185700
156.888700 879.272300 146.876100 872.996400
158.478100 878.881900 148.514300 872.632300
160.134900 878.287500 150.205500 872.013900
161.860100 877.489100 151.999100 871.266400
163.672500 876.562600 153.850600 870.324700
165.594100 875.530000 155.814200 869.287800
167.624000 874.437100 157.877300 868.184400
169.770000 873.289900 160.058000 867.011300
172.035600 872.094100 162.322400 865.775200
174.385300 870.862300 164.732900 864.564100
176.854600 869.589200 167.244600 863.310000
179.401000 868.288100 169.801300 862.001800
181.975500 866.969700 172.367200 860.702600
184.536700 865.639500 174.922900 859.373400
187.062400 864.284700 177.432400 858.019200
189.538900 862.924800 179.867100 856.670300
191.918900 861.611300 182.225700 855.378300
194.206900 860.315700 184.480300 854.134700
196.343300 858.956400 186.641300 852.931900
198.368400 857.888200 188.577900 851.887900
200.275000 856.919100 190.492300 850.971900
202.193600 856.085800 192.379400 850.188300
204.073500 855.496400 194.227600 849.632800
205.960400 855.183900 196.124800 849.316300
207.864300 855.202100 197.976300 849.330100
209.713700 855.529100 199.828500 849.675500
211.499200 856.220700 201.626700 850.388600
213.188100 857.107700 203.372800 851.476500
214.784400 858.522000 204.968000 852.910300
216.227100 860.190500 206.412800 854.608800
217.589200 862.100400 207.756500 856.572500
218.870200 864.194100 209.017800 858.692100
220.036500 866.491500 210.187900 861.037400
221.092500 868.955100 211.229700 863.552400
222.159200 871.551200 212.284300 866.187300
223.261300 874.233400 213.351100 868.916900
224.402100 877.003500 214.478400 871.715200
225.538100 879.835200 215.549700 874.577800
226.647400 882.714200 216.614800 877.476200
227.713000 885.605500 217.661900 880.369800
228.729800 888.498800 218.666000 883.252900
229.740400 891.364700 219.633600 886.117200
230.756400 894.190300 220.659700 888.930300
231.798000 896.975600 221.731400 891.683000
232.862200 899.689300 222.763300 894.381300
234.006400 902.314400 223.874500 896.988700
235.284000 904.779800 225.109400 899.472900
236.717300 907.106500 226.525500 901.795900
238.297800 909.282700 228.071500 903.968700
240.026200 911.279800 229.764700 905.985300
241.899800 913.107900 231.627100 907.841300
243.969200 914.753500 233.625200 909.482700
246.167200 916.200700 235.810900 910.984700
248.519300 917.425900 238.105900 912.302400
250.970500 918.372900 240.567700 913.310700
253.540200 919.159700 243.156200 914.111300
256.240400 919.688000 245.869300 914.636900
259.064500 919.965800 248.728100 914.924400
262.004800 920.092700 251.683200 915.057800
265.032800 920.081200 254.765900 915.055400
268.210100 920.078400 257.979300 914.897100
271.495300 919.927300 261.258200 914.642400
274.820000 919.698100 264.593700 914.317000
278.229300 919.336300 268.027900 913.881700
281.674700 918.885400 271.459300 913.398800
285.133600 918.345800 274.919700 912.806700
288.622600 917.728600 278.411800 912.143200
292.132800 917.013700 281.906500 911.394700
295.617300 916.238200 285.383700 910.596800
299.090900 915.358200 288.849300 909.692000
302.533100 914.353500 292.294200 908.721200
305.943200 913.309900 295.686700 907.688400
309.311700 912.191400 299.055800 906.579100
312.679900 911.045400 302.416800 905.405400
316.061700 909.902400 305.785500 904.226900
319.450400 908.753400 309.142100 903.020200
322.840000 907.560400 312.542600 901.825600
326.249400 906.356000 315.927000 900.568100
329.691100 905.139800 319.380400 899.327100
333.195400 903.900600 322.866300 898.006900
336.754600 902.625300 326.436100 896.692700
340.384100 901.328400 330.062600 895.332500
344.064600 899.969000 333.731700 893.896200
347.769700 898.590900 337.403600 892.493300
351.401700 897.220500 341.004300 891.105800
354.975200 895.841100 344.532600 889.681300
358.485000 894.463600 347.979400 888.203400
361.949500 893.084300 351.405600 886.797200
365.336200 891.732700 354.758000 885.441500
368.619200 890.389400 357.953000 884.021600
371.749500 889.112100 361.005500 882.744000
374.681800 887.918900 363.857900 881.572200
377.389200 886.824500 366.460200 880.436300
379.874900 885.837000 368.860500 879.446400
382.177900 884.931600 371.085200 878.504000
384.328100 884.100300 373.175100 877.633100
386.400700 883.311200 375.208700 876.809400
388.376900 882.536800 377.145800 876.013600
390.309000 881.774800 379.079200 875.227700
392.306100 880.993700 381.100700 874.421300
394.377700 880.162100 383.204000 873.575000
396.550200 879.262200 385.399000 872.638000
398.842300 878.314900 387.720800 871.646500
401.259600 877.339000 390.163800 870.622900
403.789800 876.325100 392.724400 869.593600
406.435900 875.291100 395.393400 868.505200
409.217000 874.214500 398.195300 867.366500
412.118100 873.111300 401.115100 866.186600
415.118700 871.959800 404.116100 864.975300
418.218100 870.771000 407.224700 863.729800
421.393100 869.520300 410.401000 862.413800
424.627300 868.193200 413.644600 861.045800
427.914800 866.771900 416.942100 859.566900
431.247800 865.254500 420.284100 858.056600
434.552400 863.690400 423.551600 856.436500
437.807500 862.081600 426.764500 854.813100
440.966600 860.444200 429.880000 853.139700
444.049200 858.816700 432.924200 851.494900
447.069000 857.193700 435.903800 849.840800
450.037100 855.607100 438.824000 848.233700
452.944600 854.081100 441.695200 846.702500
455.777600 852.654400 444.464900 845.281800
458.467600 851.383400 447.069700 843.999500
460.990700 850.198200 449.537700 842.808900
463.426800 849.070300 451.927100 841.658100
465.787600 847.990900 454.246100 840.552500
468.094900 846.950600 456.528600 839.510000
470.366800 845.937300 458.801600 838.490800
472.708100 844.897600 461.147300 837.396300
475.121700 843.800400 463.544100 836.228600
477.587500 842.683800 466.026400 835.079100
480.152400 841.532300 468.591600 833.876000
482.766300 840.339500 471.208100 832.672700
485.445100 839.143200 473.898100 831.463900
488.188300 837.891400 476.633600 830.175600
490.987500 836.623000 479.431500 828.895200
493.803100 835.351100 482.210500 827.611300
496.624700 834.094400 485.015200 826.298100
499.474300 832.809600 487.845000 824.962500
502.358500 831.502600 490.705100 823.609500
505.286800 830.236700 493.611900 822.285400
508.248000 828.948300 496.569300 820.974700
511.244100 827.658100 499.488900 819.549300
514.267100 826.347100 502.509700 818.241300
517.327800 825.031500 505.508800 816.829200
520.388500 823.719100 508.567100 815.557100
523.389100 822.420300 511.492400 814.218700
526.283400 821.190400 514.325500 812.997500
529.057000 820.023600 517.025500 811.832300
531.704800 818.934000 519.608500 810.735400
534.226500 817.916400 522.077900 809.727600
536.656700 816.946600 524.457900 808.725000
539.023500 815.952900 526.791700 807.708800
541.317300 814.866300 529.070300 806.623700
543.532000 813.688600 531.253400 805.431200
545.686900 812.396800 533.377000 804.097700
547.734700 810.971800 535.401400 802.651700
549.629400 809.339400 537.260700 800.974500
551.297600 807.502100 538.913500 799.108200
552.779900 805.465100 540.394100 797.018800
554.025400 803.122900 541.661000 794.668700
555.053800 800.603800 542.686700 792.107200
555.833800 797.890700 543.424300 789.336900
556.486200 795.031700 544.085500 786.436100
557.103100 792.043700 544.672600 783.409900
557.706900 788.950900 545.207000 780.269900
558.314100 785.757400 545.781700 777.036100
558.963000 782.480200 546.388100 773.724900
559.664300 779.132300 547.054800 770.349100
560.383500 775.702500 547.740200 766.885400
561.143700 772.190100 548.479200 763.346700
561.955700 768.606200 549.216200 759.711400
562.794300 764.921400 549.984100 755.998900
563.665600 761.194600 550.765000 752.246900
564.512000 757.439400 551.533600 748.478700
565.360500 753.691900 552.327000 744.736000
566.202300 749.955700 553.111700 740.983600
567.038700 746.210000 553.880400 737.224100
567.914000 742.455400 554.694600 733.460900
568.809800 738.700200 555.539000 729.698000
569.651600 734.948800 556.344100 725.941600
570.504400 731.165000 557.157000 722.145300
571.381700 727.390900 558.010600 718.384400
572.231200 723.645800 558.815700 714.641500
573.054100 719.904800 559.589400 710.889900
573.889700 716.163100 560.377900 707.135700
574.718600 712.404800 561.143400 703.373300
575.527100 708.639600 561.918500 699.601800
576.261300 704.869800 562.628900 695.833200
576.930700 701.064300 563.249200 692.010500
577.575900 697.234700 563.838300 688.168100
578.192400 693.375300 564.388000 684.300000
578.778500 689.496000 564.914700 680.406600
579.345900 685.591800 565.400900 676.486100
579.857300 681.665400 565.840100 672.554300
580.310600 677.720500 566.260400 668.596800
580.758800 673.746400 566.673500 664.635700
581.155000 669.796200 566.998300 660.685200
581.510700 665.865700 567.324700 656.767800
581.822900 661.969700 567.579600 652.883900
582.077900 658.112900 567.787700 649.039700
582.273900 654.274900 567.987400 645.197700
582.437900 650.427100 568.106600 641.356700
582.599800 646.577200 568.246800 637.495100
582.753900 642.693800 568.324700 633.611000
582.851400 638.813400 568.349600 629.721000
582.898800 634.890000 568.346700 625.792500
582.982400 630.949500 568.357300 621.847500
583.073100 627.003400 568.389400 617.899700
583.192100 623.061600 568.430900 613.971100
583.328900 619.143000 568.488300 610.048600
583.475300 615.223700 568.565600 606.125000
583.625900 611.282200 568.672300 602.179500
583.720700 607.341100 568.794800 598.241500
583.834500 603.396300 568.927600 594.296900
583.934300 599.462000 569.015600 590.375500
584.036500 595.562800 569.105000 586.486200
584.162200 591.689200 569.215500 582.622500
584.227300 587.867900 569.342200 578.796400
584.317600 584.024500 569.453400 574.954000
584.499000 580.192700 569.644500 571.133900
584.808000 576.397200 569.940300 567.346900
585.238500 572.636300 570.351800 563.593600
585.796800 568.901300 570.923000 559.862700
586.480500 565.193700 571.523600 556.143100
587.248500 561.507600 572.213400 552.447300
588.029900 557.836500 572.925800 548.764500
588.838600 554.171600 573.690300 545.087700
589.673700 550.509400 574.421400 541.414300
590.516100 546.866500 575.187200 537.766300
591.343500 543.261900 575.925200 534.163700
592.132200 539.698600 576.653900 530.608800
592.828000 536.162600 577.255100 527.064200
593.460000 532.659000 577.819400 523.586300
594.031700 529.277200 578.323800 520.255500
594.554500 526.081000 578.797800 517.120100
595.075800 523.072600 579.263200 514.159500
595.617300 520.255100 579.757900 511.408600
596.166400 517.626800 580.261800 508.818900
596.704800 515.143200 580.744200 506.381700
597.194900 512.833500 581.180900 504.121600
597.576200 510.694300 581.519700 502.029500
597.786600 508.667900 581.692600 500.014300
597.747500 506.649500 581.645600 498.035700
597.514600 504.697700 581.402000 496.084600
597.070500 502.800000 580.894000 494.232300
596.402400 500.998300 580.152400 492.350700
595.438900 499.228700 579.109800 490.571900
594.162500 497.526700 577.727200 488.911600
592.513700 495.900800 576.086800 487.376300
590.635600 494.532500 574.172500 485.976200
588.500500 493.343000 571.971100 484.807500
586.178900 492.278900 569.620000 483.759000
583.738500 491.279000 567.140600 482.734200
581.166800 490.215600 564.535800 481.664200
578.490800 489.083700 561.833400 480.501800
575.723500 487.861500 559.041000 479.271700
572.904600 486.554700 556.202600 477.959700
570.042200 485.190900 553.335900 476.587900
567.169200 483.760200 550.480200 475.111600
564.280500 482.280300 547.597200 473.601100
561.350400 480.769600 544.664200 472.093300
558.405800 479.261600 541.708200 470.561400
555.376800 477.743300 538.691600 469.013200
552.348800 476.229900 535.691800 467.452600
549.309400 474.657200 532.659300 465.863800
546.268100 473.067100 529.642700 464.232500
543.205700 471.460400 526.581500 462.620800
540.123400 469.844900 523.506600 461.002100
537.055800 468.227900 520.465800 459.392200
534.039300 466.620500 517.481100 457.767500
531.070100 465.041900 514.548800 456.192100
528.189800 463.496400 511.710200 454.649600
525.392500 461.985300 508.938700 453.153100
522.696400 460.482700 506.283200 451.679700
520.138600 459.018200 503.757200 450.272100
517.756100 457.609300 501.440600 448.889200
515.544600 456.272300 499.269700 447.598300
513.468500 454.993400 497.226300 446.354900
511.515000 453.792000 495.333500 445.186400
509.647000 452.752700 493.523400 444.124300
507.816400 451.952700 491.787400 443.293800
506.024700 451.375100 489.934800 442.741900
504.164400 451.057300 488.074200 442.391500
502.213400 450.955500 486.190800 442.339600
500.360000 451.174600 484.331800 442.532800
498.532400 451.717400 482.464000 443.041700
496.762400 452.594900 480.649500 443.901100
495.085200 453.803100 478.907500 445.146100
493.512800 455.370800 477.313000 446.725200
492.140200 457.192000 475.903600 448.588100
490.899800 459.329000 474.615100 450.782700
489.697100 461.689000 473.356600 453.193200
488.436200 464.216900 472.030400 455.744700
487.065300 466.910000 470.600400 458.481500
485.589500 469.753000 469.084600 461.364000
484.009700 472.740300 467.465000 464.394200
482.314200 475.837000 465.769000 467.517400
480.567300 479.018100 464.018600 470.734600
478.766800 482.282500 462.245600 474.003700
476.977200 485.484200 460.451200 477.218100
475.149800 488.770200 458.603300 480.477700
473.326600 492.020400 456.758200 483.731500
471.475600 495.302800 454.900100 487.023400
469.568200 498.617300 453.007600 490.353200
467.651300 501.958900 451.091800 493.700800
465.708000 505.334400 449.148100 497.079800
463.769100 508.731500 447.214600 500.482800
461.845200 512.161900 445.273600 503.904700
459.919600 515.621400 443.354800 507.383700
457.939000 519.112900 441.421200 510.908000
455.953400 522.620500 439.436400 514.412500
453.935100 526.117100 437.493700 517.942700
451.928900 529.614300 435.535800 521.471600
449.964500 533.134600 433.572700 524.990400
448.010500 536.687300 431.607400 528.530600
446.054100 540.236000 429.653700 532.080800
444.056100 543.807900 427.675200 535.683500
442.049300 547.417800 425.706700 539.299300
440.037800 551.028500 423.722000 542.925400
438.025200 554.634600 421.720100 546.526700
435.977800 558.237500 419.695700 550.144100
433.919500 561.855000 417.647000 553.771700
431.843000 565.470100 415.586900 557.393700
429.767800 569.108300 413.553400 561.037800
427.667800 572.747600 411.455600 564.716000
425.537800 576.435200 409.378500 568.410600
423.436400 580.100900 407.290200 572.078000
421.318500 583.767700 405.170900 575.738500
419.219900 587.449100 403.072400 579.417800
417.120400 591.134600 400.965300 583.093900
415.005200 594.832500 398.864500 586.816100
412.888500 598.541400 396.802000 590.545100
410.755500 602.261600 394.681700 594.277000
408.648800 605.999000 392.581000 598.002900
406.499300 609.720300 390.401000 601.717100
404.349900 613.457900 388.269700 605.439400
402.219500 617.158900 386.172200 609.135700
400.144400 620.804100 384.113500 612.755900
398.088300 624.376000 382.077300 616.290800
396.094000 627.872100 380.100300 619.788200
394.096100 631.363900 378.110400 623.276500
392.096200 634.841100 376.140200 626.739500
390.122200 638.266000 374.190200 630.182600
388.138200 641.719200 372.243200 633.633600
386.190000 645.182000 370.300300 637.095700
384.289400 648.626900 368.393100 640.503500
382.388400 652.005600 366.481500 643.861900
380.473700 655.356700 364.558200 647.198100
378.503900 658.701400 362.574900 650.560200
376.494800 662.062000 360.653900 653.932300
374.499000 665.373200 358.715000 657.292600
372.495100 668.759000 356.739300 660.703700
370.503500 672.182700 354.755800 664.145000
368.470500 675.625200 352.757900 667.611000
366.423200 679.124800 350.750700 671.147700
364.370700 682.649600 348.754600 674.694100
362.295100 686.175900 346.716000 678.243700
360.227100 689.735900 344.700400 681.831800
358.182300 693.297500 342.704700 685.394100
356.109700 696.850900 340.681400 688.957300
354.085800 700.357400 338.710800 692.475300
352.038300 703.859700 336.700900 695.990400
350.008800 707.353700 334.730500 699.498500
347.982700 710.855500 332.745400 703.012800
345.942000 714.320900 330.743400 706.483200
343.906200 717.779200 328.752200 709.948800
341.889600 721.226700 326.768200 713.404400
339.882000 724.654800 324.803200 716.841200
337.868700 728.103400 322.819800 720.309700
335.866200 731.571800 320.861900 723.799000
333.967500 735.105200 318.908100 727.296700
332.130600 738.707000 316.918900 730.845100
330.109000 742.325700 314.927800 734.488000
328.052600 745.993300 312.904800 738.189200
325.960300 749.694700 310.850600 741.902000
323.882400 753.400900 308.811800 745.601900
321.810400 757.046400 306.781300 749.229000
319.688500 760.664000 304.709700 752.890200
317.595700 764.288500 302.616500 756.465900
315.554700 767.892700 300.505800 760.043000
313.514600 771.526200 298.420300 763.628500
311.450700 775.119600 296.297000 767.160900
309.357300 778.629400 294.192300 770.625400
307.194900 782.050500 292.020200 774.037400
304.937400 785.448200 289.745600 777.422900
302.592400 788.799400 287.393300 780.756100
300.153800 792.111000 284.954000 784.063100
297.624000 795.374800 282.427600 787.336900
294.927000 798.539300 279.788700 790.523300
292.185800 801.678500 277.078400 793.711900
289.192200 804.695700 274.232600 796.847000
286.151300 807.624000 271.313400 799.866800
283.065000 810.476300 268.353600 802.778000
280.007100 813.213700 265.351200 805.542900
276.942200 815.904300 262.281600 808.200500
273.811500 818.493600 259.145200 810.768000
270.605600 820.960500 255.949100 813.222000
267.321200 823.303700 252.666500 815.552900
264.005200 825.567800 249.365800 817.800800
260.657900 827.735000 246.000900 819.941100
257.273000 829.813900 242.613800 821.978400
253.861800 831.809200 239.215200 823.973900
250.446800 833.761300 235.800500 825.910200
247.052800 835.652800 232.442400 827.790900
243.677200 837.476800 229.088100 829.626600
240.295500 839.294300 225.722200 831.440100
236.906500 841.089700 222.350500 833.260100
233.510200 842.896300 218.966200 835.073200
230.131200 844.723000 215.630600 836.935700
226.769300 846.514500 212.311700 838.744400
223.408300 848.268000 208.944600 840.481000
220.026300 849.991200 205.592400 842.219600
216.652600 851.728000 202.234700 843.949100
213.269900 853.442300 198.860200 845.659500
209.880600 855.139200 195.470200 847.356400
206.468800 856.885000 192.048100 849.100600
203.010300 858.620500 188.597300 850.817100
199.502700 860.363300 185.098000 852.537200
196.002500 862.107300 181.610500 854.287700
192.526600 863.893400 178.164500 856.054800
189.070200 865.686900 174.713000 857.831000
185.622800 867.526100 171.288500 859.662700
182.188500 869.362900 167.835800 861.472000
178.750800 871.210600 164.408900 863.290800
175.314500 873.051400 160.983700 865.148100
171.878500 874.938000 157.572000 867.056200
168.464000 876.882000 154.174100 869.008300
165.093500 878.898700 150.814400 871.046700
161.793700 881.039600 147.515100 873.186400
158.553600 883.315600 144.306400 875.489100
155.369300 885.727000 141.127500 877.909400
152.279000 888.277000 138.053400 880.492800
149.259200 890.897300 135.064700 883.133200
146.298100 893.633000 132.106500 885.873700
143.341500 896.377900 129.193900 888.648500
140.419600 899.149000 126.298500 891.438600
137.428800 901.883400 123.356200 894.215100
134.430600 904.585400 120.416900 896.952600
131.430500 907.268900 117.464000 899.683500
128.400000 909.942700 114.456800 902.377100
125.387100 912.605700 111.514000 905.070400
122.446000 915.311700 108.605200 907.832300
