0 0.000242 0.021231 100.000000 7.246377
0 0.000097 0.018658 200.000000 7.117438
0 0.000075 0.017411 300.000000 7.211538
0 0.000138 0.025267 400.000000 6.525285
0 0.000146 0.029127 500.000000 7.012623
0 0.000142 0.022447 600.000000 6.993007
0 0.000138 0.024602 700.000000 7.106599
0 0.000112 0.016425 800.000000 7.339449
10 0.000336 0.015655 100.000000 7.142857
10 0.000040 0.008672 200.000000 7.117438
10 0.000064 0.004003 300.000000 7.042253
10 0.000102 0.034043 400.000000 6.525285
10 0.000125 0.015325 500.000000 6.954103
10 0.000114 0.019017 600.000000 6.993007
10 0.000112 0.017454 700.000000 7.113821
10 0.000089 0.018030 800.000000 7.339449
20 0.000273 0.011673 100.000000 7.092198
20 0.000099 0.003684 200.000000 7.092198
20 0.000063 0.007171 300.000000 6.960557
20 0.000110 0.037909 400.000000 6.535948
20 0.000104 0.015494 500.000000 6.868132
20 0.000126 0.021926 600.000000 6.993007
20 0.000108 0.017346 700.000000 7.113821
20 0.000093 0.021706 800.000000 7.319304
30 0.000243 0.011241 100.000000 7.042253
30 0.000111 0.003904 200.000000 7.067138
30 0.000044 0.007068 300.000000 6.928406
30 0.000118 0.040386 400.000000 6.546645
30 0.000103 0.015682 500.000000 6.811989
30 0.000144 0.023170 600.000000 7.001167
30 0.000103 0.016515 700.000000 7.113821
30 0.000089 0.025786 800.000000 7.252946
40 0.000329 0.010189 100.000000 6.896552
40 0.000123 0.005621 200.000000 7.017544
40 0.000067 0.008293 300.000000 6.912442
40 0.000129 0.041120 400.000000 6.557377
40 0.000098 0.017739 500.000000 6.784261
40 0.000138 0.024785 600.000000 7.001167
40 0.000102 0.016619 700.000000 7.113821
40 0.000085 0.022757 800.000000 7.213706
50 0.000196 0.009855 100.000000 6.493506
50 0.000101 0.005210 200.000000 6.968641
50 0.000057 0.008265 300.000000 6.880734
50 0.000130 0.040011 400.000000 6.557377
50 0.000106 0.020475 500.000000 6.775068
50 0.000142 0.025969 600.000000 6.993007
50 0.000104 0.017501 700.000000 7.106599
60 0.000139 0.010719 100.000000 6.097561
60 0.000030 0.007343 200.000000 6.920415
60 0.000048 0.008936 300.000000 6.849315
60 0.000120 0.039967 400.000000 6.568144
60 0.000108 0.022196 500.000000 6.765900
60 0.000129 0.027210 600.000000 6.993007
60 0.000103 0.017790 700.000000 7.106599
70 0.000042 0.005971 100.000000 5.917160
70 0.000090 0.005134 200.000000 6.849315
70 0.000058 0.007975 300.000000 6.802721
70 0.000133 0.039927 400.000000 6.578948
70 0.000112 0.021688 500.000000 6.765900
70 0.000142 0.027631 600.000000 6.976744
70 0.000104 0.017853 700.000000 7.106599
80 0.000063 0.004516 100.000000 5.917160
80 0.000130 0.004267 200.000000 6.802721
80 0.000078 0.007836 300.000000 6.726458
80 0.000137 0.040067 400.000000 6.611570
80 0.000123 0.021881 500.000000 6.775068
80 0.000155 0.029342 600.000000 6.944445
80 0.000105 0.018351 700.000000 7.121058
90 0.000092 0.006186 100.000000 5.988024
90 0.000114 0.002301 200.000000 6.825939
90 0.000118 0.013599 300.000000 6.185567
90 0.000133 0.039246 400.000000 6.655574
90 0.000133 0.021280 500.000000 6.793478
90 0.000153 0.029827 600.000000 6.928406
90 0.000101 0.018034 700.000000 7.150153
100 0.000163 0.011831 100.000000 6.172840
100 0.000123 0.008736 200.000000 6.896552
100 0.000137 0.017363 300.000000 6.134969
100 0.000166 0.038053 400.000000 6.711410
100 0.000153 0.020956 500.000000 6.830601
100 0.000166 0.032493 600.000000 6.944445
100 0.000116 0.018868 700.000000 7.186858
110 0.000307 0.023670 100.000000 6.369427
110 0.000170 0.022494 200.000000 6.993007
110 0.000188 0.018356 300.000000 6.160164
110 0.000208 0.040323 400.000000 6.779661
110 0.000194 0.027479 500.000000 6.858711
110 0.000184 0.037638 600.000000 6.976744
110 0.000141 0.021387 700.000000 7.231405
120 0.000399 0.029613 100.000000 6.622517
120 0.000211 0.030287 200.000000 7.092198
120 0.000217 0.024627 300.000000 6.211180
120 0.000233 0.043310 400.000000 6.849315
120 0.000203 0.034847 500.000000 6.887053
120 0.000196 0.040927 600.000000 7.017544
120 0.000153 0.023781 700.000000 7.276507
130 0.000369 0.032911 100.000000 6.802721
130 0.000217 0.031705 200.000000 7.142857
130 0.000224 0.029966 300.000000 6.263048
130 0.000234 0.042713 400.000000 6.908463
130 0.000206 0.035902 500.000000 6.915629
130 0.000198 0.039574 600.000000 7.050529
130 0.000155 0.024128 700.000000 7.322176
140 0.000329 0.030089 100.000000 6.944445
140 0.000297 0.028921 200.000000 7.092198
140 0.000231 0.036442 300.000000 6.302521
140 0.000225 0.038741 400.000000 6.932409
140 0.000202 0.034247 500.000000 6.934813
140 0.000183 0.036124 600.000000 7.075472
140 0.000148 0.024185 700.000000 7.352941
150 0.000359 0.026696 100.000000 6.993007
150 0.000260 0.028260 200.000000 6.920415
150 0.000252 0.043427 300.000000 6.329114
150 0.000241 0.033519 400.000000 6.872852
150 0.000210 0.033327 500.000000 6.944445
150 0.000181 0.033226 600.000000 7.092198
150 0.000147 0.025653 700.000000 7.360673
160 0.000343 0.023601 100.000000 6.993007
160 0.000200 0.025236 200.000000 6.849315
160 0.000235 0.048092 300.000000 6.355932
160 0.000195 0.031474 400.000000 6.779661
160 0.000205 0.031434 500.000000 6.963789
160 0.000171 0.029571 600.000000 7.100592
160 0.000145 0.029045 700.000000 7.337526
170 0.000322 0.021186 100.000000 7.042253
170 0.000172 0.023694 200.000000 6.849315
170 0.000234 0.051748 300.000000 6.382979
170 0.000192 0.027530 400.000000 6.745363
170 0.000222 0.031921 500.000000 6.973501
170 0.000163 0.027644 600.000000 7.117438
170 0.000130 0.032557 700.000000 7.276507
180 0.000449 0.028976 100.000000 7.042253
180 0.000228 0.029870 200.000000 6.872852
180 0.000269 0.056236 300.000000 6.423983
180 0.000210 0.031020 400.000000 6.734007
180 0.000239 0.037253 500.000000 7.002801
180 0.000175 0.031103 600.000000 7.134364
180 0.000145 0.032759 700.000000 7.253886
190 0.000414 0.026793 100.000000 7.194244
190 0.000235 0.027966 200.000000 6.944445
190 0.000263 0.056069 300.000000 6.465517
190 0.000208 0.029476 400.000000 6.768189
190 0.000230 0.038492 500.000000 7.032349
190 0.000172 0.030091 600.000000 7.159904
200 0.000313 0.018412 100.000000 7.407407
200 0.000191 0.021422 200.000000 7.042253
200 0.000228 0.053389 300.000000 6.535948
200 0.000186 0.026858 400.000000 6.814310
200 0.000214 0.036066 500.000000 7.082153
200 0.000155 0.026791 600.000000 7.202881
210 0.000244 0.008533 100.000000 7.633588
210 0.000132 0.013945 200.000000 7.142857
210 0.000200 0.050782 300.000000 6.622517
210 0.000159 0.025328 400.000000 6.872852
210 0.000190 0.033304 500.000000 7.132668
210 0.000141 0.023389 600.000000 7.237636
220 0.000206 0.007765 100.000000 7.874016
220 0.000122 0.012042 200.000000 7.246377
220 0.000185 0.050180 300.000000 6.696429
220 0.000162 0.024455 400.000000 6.932409
220 0.000178 0.032902 500.000000 7.173601
220 0.000140 0.022079 600.000000 7.281553
230 0.000366 0.007939 100.000000 8.000000
230 0.000110 0.010738 200.000000 7.326007
230 0.000178 0.050584 300.000000 6.772009
230 0.000150 0.024744 400.000000 6.968641
230 0.000167 0.032661 500.000000 7.215007
230 0.000127 0.020996 600.000000 7.317073
240 0.000190 0.005936 100.000000 8.064516
240 0.000090 0.009367 200.000000 7.326007
240 0.000165 0.051462 300.000000 6.818182
240 0.000141 0.025161 400.000000 7.005254
240 0.000175 0.031675 500.000000 7.215007
240 0.000122 0.019851 600.000000 7.343941
250 0.000161 0.006940 100.000000 7.936508
250 0.000089 0.009247 200.000000 7.117438
250 0.000180 0.052510 300.000000 6.864988
250 0.000145 0.025146 400.000000 7.017544
250 0.000185 0.033821 500.000000 7.173601
250 0.000117 0.019774 600.000000 7.361963
260 0.000140 0.004990 100.000000 7.751938
260 0.000111 0.029926 200.000000 6.116208
260 0.000172 0.050688 300.000000 6.896552
260 0.000148 0.023969 400.000000 6.993007
260 0.000169 0.032828 500.000000 7.112376
260 0.000110 0.018875 600.000000 7.380074
270 0.000138 0.006767 100.000000 7.575758
270 0.000137 0.043071 200.000000 6.006006
270 0.000179 0.047363 300.000000 6.912442
270 0.000159 0.024602 400.000000 6.944445
270 0.000160 0.030267 500.000000 7.082153
270 0.000116 0.020074 600.000000 7.389163
280 0.000174 0.008912 100.000000 7.246377
280 0.000197 0.056092 200.000000 5.988024
280 0.000195 0.040402 300.000000 6.896552
280 0.000181 0.027438 400.000000 6.908463
280 0.000159 0.028914 500.000000 7.082153
280 0.000122 0.022371 600.000000 7.398274
290 0.000198 0.007165 100.000000 6.802721
290 0.000206 0.064496 200.000000 6.006006
290 0.000215 0.023402 300.000000 6.818182
290 0.000178 0.027253 400.000000 6.908463
290 0.000161 0.023980 500.000000 7.092198
290 0.000122 0.023679 600.000000 7.407407
300 0.000177 0.008760 100.000000 6.622517
300 0.000216 0.071121 200.000000 6.042296
300 0.000169 0.021997 300.000000 6.696429
300 0.000190 0.029131 400.000000 6.932409
300 0.000155 0.022102 500.000000 7.112376
300 0.000126 0.027590 600.000000 7.389163
310 0.000159 0.007584 100.000000 6.622517
310 0.000233 0.075912 200.000000 6.079027
310 0.000180 0.021656 300.000000 6.637168
310 0.000221 0.031698 400.000000 6.944445
310 0.000157 0.022195 500.000000 7.122507
310 0.000126 0.034030 600.000000 7.308161
320 0.000032 0.004988 100.000000 6.622517
320 0.000215 0.077183 200.000000 6.116208
320 0.000151 0.023622 300.000000 6.607930
320 0.000202 0.032239 400.000000 6.968641
320 0.000137 0.018944 500.000000 7.132668
320 0.000118 0.029082 600.000000 7.272727
330 0.000141 0.008395 100.000000 6.666667
330 0.000243 0.076465 200.000000 6.134969
330 0.000167 0.027535 300.000000 6.622517
330 0.000207 0.034418 400.000000 6.980803
330 0.000150 0.021516 500.000000 7.142857
340 0.000188 0.010241 100.000000 6.622517
340 0.000269 0.075515 200.000000 6.172840
340 0.000174 0.030880 300.000000 6.622517
340 0.000210 0.035834 400.000000 6.993007
340 0.000151 0.022327 500.000000 7.153076
350 0.000053 0.006199 100.000000 6.666667
350 0.000178 0.070988 200.000000 6.230530
350 0.000129 0.033701 300.000000 6.651885
350 0.000151 0.033368 400.000000 7.005254
350 0.000110 0.017874 500.000000 7.173601
360 0.000072 0.007472 100.000000 6.666667
360 0.000224 0.074356 200.000000 6.289308
360 0.000152 0.032405 300.000000 6.681514
360 0.000190 0.034873 400.000000 7.017544
360 0.000127 0.020195 500.000000 7.194244
370 0.000223 0.009445 100.000000 6.578948
370 0.000238 0.076655 200.000000 6.369427
370 0.000162 0.031941 300.000000 6.711410
370 0.000211 0.036057 400.000000 7.005254
370 0.000133 0.021133 500.000000 7.235890
380 0.000347 0.030275 100.000000 5.208333
380 0.000263 0.077840 200.000000 6.451613
380 0.000194 0.032387 300.000000 6.756757
380 0.000228 0.041031 400.000000 6.968641
380 0.000140 0.022507 500.000000 7.267442
390 0.000271 0.067482 100.000000 4.975124
390 0.000266 0.075467 200.000000 6.514658
390 0.000198 0.031390 300.000000 6.756757
390 0.000208 0.039850 400.000000 6.944445
390 0.000137 0.022928 500.000000 7.299270
400 0.000327 0.088030 100.000000 4.926108
400 0.000287 0.071328 200.000000 6.578948
400 0.000218 0.032664 300.000000 6.741573
400 0.000208 0.038599 400.000000 6.956522
400 0.000150 0.025041 500.000000 7.331378
410 0.000370 0.100558 100.000000 5.000000
410 0.000267 0.063698 200.000000 6.666667
410 0.000215 0.032209 300.000000 6.756757
410 0.000207 0.034422 400.000000 6.993007
410 0.000147 0.025209 500.000000 7.385524
420 0.000236 0.102581 100.000000 5.102041
420 0.000195 0.048139 200.000000 6.734007
420 0.000178 0.025985 300.000000 6.802721
420 0.000163 0.023028 400.000000 7.042253
420 0.000116 0.021231 500.000000 7.440476
430 0.000204 0.110231 100.000000 5.235602
430 0.000209 0.033712 200.000000 6.779661
430 0.000171 0.027155 300.000000 6.880734
430 0.000158 0.019379 400.000000 7.117438
430 0.000108 0.020581 500.000000 7.496252
440 0.000255 0.120661 100.000000 5.376344
440 0.000133 0.022818 200.000000 6.756757
440 0.000193 0.030593 300.000000 6.960557
440 0.000158 0.019495 400.000000 7.181329
440 0.000110 0.022383 500.000000 7.541478
450 0.000284 0.131967 100.000000 5.494505
450 0.000209 0.024122 200.000000 6.688963
450 0.000214 0.035968 300.000000 7.009346
450 0.000163 0.020781 400.000000 7.220217
450 0.000123 0.027577 500.000000 7.530120
460 0.000389 0.147256 100.000000 5.555555
460 0.000242 0.029716 200.000000 6.600660
460 0.000271 0.040739 300.000000 7.042253
460 0.000171 0.023069 400.000000 7.233273
460 0.000125 0.036880 500.000000 7.440476
470 0.000411 0.149855 100.000000 5.617978
470 0.000215 0.034030 200.000000 6.578948
470 0.000258 0.041925 300.000000 7.058824
470 0.000165 0.021836 400.000000 7.246377
470 0.000135 0.032860 500.000000 7.396450
480 0.000364 0.144924 100.000000 5.681818
480 0.000195 0.042496 200.000000 6.578948
480 0.000234 0.042220 300.000000 7.075472
480 0.000153 0.020837 400.000000 7.259528
490 0.000402 0.140897 100.000000 5.714286
490 0.000192 0.047254 200.000000 6.600660
490 0.000224 0.042831 300.000000 7.092198
490 0.000150 0.021373 400.000000 7.272727
500 0.000354 0.140611 100.000000 5.813953
500 0.000186 0.047765 200.000000 6.622517
500 0.000208 0.043153 300.000000 7.109005
500 0.000142 0.021613 400.000000 7.299270
510 0.000386 0.142427 100.000000 5.917160
510 0.000190 0.046531 200.000000 6.666667
510 0.000231 0.041407 300.000000 7.125891
510 0.000140 0.021682 400.000000 7.326007
520 0.000366 0.144636 100.000000 6.097561
520 0.000185 0.046602 200.000000 6.756757
520 0.000228 0.038947 300.000000 7.142857
520 0.000123 0.021077 400.000000 7.393715
530 0.000422 0.142789 100.000000 6.369427
530 0.000207 0.043891 200.000000 6.896552
530 0.000252 0.041890 300.000000 7.194244
530 0.000133 0.021560 400.000000 7.476635
540 0.000376 0.142322 100.000000 6.756757
540 0.000189 0.043355 200.000000 7.092198
540 0.000231 0.039137 300.000000 7.317073
540 0.000114 0.019280 400.000000 7.604563
550 0.000350 0.142759 100.000000 7.246377
550 0.000191 0.044138 200.000000 7.352941
550 0.000230 0.038574 300.000000 7.500000
550 0.000114 0.019325 400.000000 7.751938
560 0.000299 0.142428 100.000000 7.751938
560 0.000179 0.044449 200.000000 7.633588
560 0.000215 0.036730 300.000000 7.672634
560 0.000107 0.018480 400.000000 7.889546
570 0.000300 0.137622 100.000000 8.333333
570 0.000166 0.037614 200.000000 7.874016
570 0.000202 0.033773 300.000000 7.812500
570 0.000092 0.013807 400.000000 8.032128
580 0.000333 0.126475 100.000000 8.849558
580 0.000179 0.025725 200.000000 8.064516
580 0.000209 0.032936 300.000000 7.915567
580 0.000098 0.009064 400.000000 8.146640
590 0.000345 0.112527 100.000000 9.345795
590 0.000193 0.017691 200.000000 8.196721
590 0.000196 0.029526 300.000000 7.978724
590 0.000107 0.006163 400.000000 8.247422
600 0.000302 0.084787 100.000000 9.708738
600 0.000198 0.012655 200.000000 8.196721
600 0.000172 0.016946 300.000000 8.021390
600 0.000106 0.007292 400.000000 8.316009
610 0.000177 0.043509 100.000000 9.900990
610 0.000152 0.011556 200.000000 8.163265
610 0.000147 0.009772 300.000000 8.042895
610 0.000083 0.016211 400.000000 8.368201
620 0.000252 0.042931 100.000000 9.433962
620 0.000159 0.024286 200.000000 8.097166
620 0.000146 0.022770 300.000000 8.042895
620 0.000091 0.020061 400.000000 8.368201
630 0.000181 0.078055 100.000000 8.474576
630 0.000177 0.043095 200.000000 8.097166
630 0.000120 0.036589 300.000000 8.042895
630 0.000083 0.019930 400.000000 8.298756
640 0.000297 0.088851 100.000000 7.936508
640 0.000229 0.056052 200.000000 8.064516
640 0.000119 0.045542 300.000000 8.000000
640 0.000090 0.018765 400.000000 8.080808
650 0.000309 0.100035 100.000000 7.751938
650 0.000229 0.059259 200.000000 8.032128
650 0.000119 0.049166 300.000000 7.978724
660 0.000355 0.108186 100.000000 7.692307
660 0.000239 0.060149 200.000000 8.000000
660 0.000125 0.049909 300.000000 7.957560
670 0.000375 0.108512 100.000000 7.633588
670 0.000237 0.054500 200.000000 7.968128
670 0.000138 0.048324 300.000000 7.936508
680 0.000313 0.111218 100.000000 7.462687
680 0.000244 0.048459 200.000000 7.812500
680 0.000119 0.050953 300.000000 7.915567
690 0.000309 0.111777 100.000000 7.352941
690 0.000222 0.043317 200.000000 7.518797
690 0.000103 0.052772 300.000000 7.894737
700 0.000274 0.096258 100.000000 7.042253
700 0.000174 0.045329 200.000000 7.352941
700 0.000083 0.050531 300.000000 7.915567
710 0.000254 0.074295 100.000000 6.896552
710 0.000161 0.044000 200.000000 7.326007
710 0.000071 0.042993 300.000000 7.936508
720 0.000231 0.061108 100.000000 6.944445
720 0.000151 0.045451 200.000000 7.380074
720 0.000072 0.036219 300.000000 8.000000
730 0.000189 0.052920 100.000000 7.194244
730 0.000129 0.033188 200.000000 7.547170
730 0.000059 0.022955 300.000000 8.086253
740 0.000358 0.067009 100.000000 7.462687
740 0.000194 0.017096 200.000000 7.692307
740 0.000139 0.025010 300.000000 8.174387
750 0.000244 0.070851 100.000000 7.751938
750 0.000138 0.020814 200.000000 7.843137
750 0.000127 0.019005 300.000000 8.196721
760 0.000363 0.065616 100.000000 8.000000
760 0.000160 0.015532 200.000000 7.936508
760 0.000153 0.025419 300.000000 8.108109
770 0.000359 0.051705 100.000000 8.196721
770 0.000150 0.016630 200.000000 8.032128
770 0.000148 0.015953 300.000000 8.042895
780 0.000336 0.029182 100.000000 8.264462
780 0.000145 0.021782 200.000000 8.064516
790 0.000354 0.015806 100.000000 8.264462
790 0.000151 0.024034 200.000000 8.064516
800 0.000281 0.018436 100.000000 8.264462
800 0.000136 0.023631 200.000000 8.064516
810 0.000369 0.027641 100.000000 8.130081
810 0.000139 0.023353 200.000000 8.097166
820 0.000393 0.055519 100.000000 7.751938
820 0.000106 0.026473 200.000000 8.130081
830 0.000305 0.042826 100.000000 7.518797
830 0.000109 0.028033 200.000000 8.230453
840 0.000207 0.014364 100.000000 7.575758
840 0.000111 0.028910 200.000000 8.368201
850 0.000226 0.007585 100.000000 7.692307
850 0.000125 0.028248 200.000000 8.510638
860 0.000163 0.028803 100.000000 7.812500
860 0.000116 0.025266 200.000000 8.583691
870 0.000103 0.055611 100.000000 7.874016
870 0.000115 0.021242 200.000000 8.583691
880 0.000138 0.078751 100.000000 7.812500
880 0.000153 0.027333 200.000000 8.298756
890 0.000176 0.092190 100.000000 7.812500
890 0.000191 0.039416 200.000000 7.968128
900 0.000174 0.091579 100.000000 7.812500
910 0.000125 0.087402 100.000000 7.751938
920 0.000082 0.079526 100.000000 7.812500
930 0.000140 0.074710 100.000000 7.936508
940 0.000204 0.067012 100.000000 8.196721
950 0.000238 0.072254 100.000000 8.547009
960 0.000209 0.073519 100.000000 8.849558
970 0.000157 0.062183 100.000000 9.174312
980 0.000147 0.043282 100.000000 9.345795
990 0.000180 0.015780 100.000000 9.433962
1000 0.000190 0.027800 100.000000 9.174312
1010 0.000200 0.078981 100.000000 8.403361
1020 0.000255 0.072718 100.000000 7.936508
