0.000000 -0.000000 0.000000 0.000000
0.287920 2.986691 0.263258 2.981633
0.971569 5.887651 0.907625 5.886924
2.050498 8.646240 1.982429 8.641600
3.483068 11.215600 3.375096 11.220330
5.252124 13.530580 5.105356 13.554380
7.315983 15.554830 7.144802 15.581560
9.617499 17.248350 9.531565 17.108330
12.138440 18.605410 12.171210 18.238510
14.845670 19.655580 14.895210 19.312710
17.710960 20.442900 17.765810 20.131940
20.708720 20.958900 20.791050 20.707860
23.853650 21.214680 23.971480 21.004650
27.127230 21.215640 27.282000 21.100250
30.502910 21.029600 30.687490 20.992680
33.942320 20.718590 34.171010 20.768940
37.526800 20.278900 37.836110 20.402570
41.305500 19.746480 41.691860 19.968770
45.281370 19.137530 45.749300 19.461060
49.442010 18.473180 49.985050 18.870890
53.784140 17.768220 54.404380 18.259510
58.319700 17.046980 59.011670 17.624940
63.045640 16.314830 63.814250 16.963020
67.933580 15.564290 68.761760 16.336490
72.949570 14.807080 73.847030 15.736590
78.112070 14.037650 79.081720 15.185600
83.403150 13.249300 84.421950 14.467530
88.827470 12.428430 89.916350 13.801230
94.384170 11.569350 95.539590 13.116470
100.052700 10.639880 101.268200 12.417230
105.791000 9.611618 107.058800 11.490640
111.620600 8.486629 112.949800 10.523470
117.518200 7.246929 118.888500 9.364374
123.481700 5.883248 124.879400 8.005742
129.500400 4.402279 130.969700 6.680876
135.583700 2.806947 137.087700 5.121353
141.730400 1.132152 143.301800 3.593176
147.930500 -0.644931 149.567300 1.967451
154.181200 -2.533182 155.893600 0.242149
160.473700 -4.525316 162.272400 -1.557872
166.825700 -6.614701 168.620500 -3.727980
173.224500 -8.806086 175.061200 -5.871426
179.671400 -11.085600 181.608500 -7.919697
186.169900 -13.447970 188.198600 -10.090220
192.708700 -15.908790 194.822000 -12.394940
199.295800 -18.474840 201.414900 -14.949870
205.877000 -21.127230 208.109800 -17.379720
212.474400 -23.878960 214.760000 -20.013470
219.085400 -26.695130 221.469000 -22.593370
225.674300 -29.566300 228.138600 -25.311670
232.258400 -32.511370 234.616000 -28.416600
238.826600 -35.515520 241.350500 -31.023950
245.357100 -38.591140 247.810700 -34.193940
251.842400 -41.746310 254.263700 -37.384180
258.295100 -44.977770 260.765300 -40.545990
264.734000 -48.300070 267.304500 -43.717780
271.174400 -51.720410 273.871100 -46.913040
277.658000 -55.253110 280.325400 -50.548970
284.188500 -58.892510 287.020600 -53.939880
290.770400 -62.649290 293.767000 -57.476580
297.421200 -66.505210 300.595100 -61.052160
304.114100 -70.451700 307.477100 -64.741530
310.871400 -74.512450 314.324300 -68.717980
317.638300 -78.729880 321.191500 -72.820400
324.412000 -83.100090 328.145900 -76.923470
331.147700 -87.570510 334.976800 -81.253980
337.838900 -92.151540 341.809200 -85.626270
344.489200 -96.836160 348.565500 -90.177750
351.109400 -101.590900 355.405700 -94.634780
357.680900 -106.441100 362.277200 -99.053110
364.205100 -111.363100 369.056700 -103.597200
370.654300 -116.349400 375.809000 -108.162500
377.044400 -121.373300 382.493900 -112.765500
383.353100 -126.497900 386.499000 -118.632900
389.648900 -131.627300 393.096300 -123.331800
395.838500 -136.824400 399.309400 -128.371700
401.977500 -142.068800 404.388700 -129.289200
408.063900 -147.386100 411.191100 -133.656300
414.119900 -152.725600 413.678800 -137.931100
420.140100 -158.070100 415.428500 -142.187200
426.135700 -163.442300 417.785500 -146.414600
432.096100 -168.831000 424.288500 -151.163100
438.042000 -174.202900 430.633900 -156.096700
444.039200 -179.520000 436.869400 -161.136100
450.064000 -184.791600 443.366200 -165.826100
456.158000 -189.992400 449.856500 -170.519900
462.246200 -195.183000 456.383000 -175.155300
468.350900 -200.337600 462.880000 -179.828700
474.468300 -205.478700 469.530400 -184.253100
480.606000 -210.588600 476.183900 -188.676500
486.757700 -215.677000 482.753500 -193.222300
492.916600 -220.757600 489.412900 -197.624200
499.072200 -225.827000 496.055900 -202.055500
505.239000 -230.914300 502.566500 -206.665300
511.393900 -235.996900 509.127600 -211.233300
517.549300 -241.076200 515.805400 -215.606000
523.710600 -246.155700 522.484100 -219.973300
529.865100 -251.222800 529.021700 -224.565000
536.037700 -256.292500 535.338900 -229.430200
542.213600 -261.366100 541.968600 -233.892100
548.376000 -266.436600 548.510600 -238.486700
554.549300 -271.525400 554.923000 -243.242800
560.720400 -276.614600 561.308100 -248.070400
566.895900 -281.702100 567.920100 -252.560700
573.077300 -286.787100 574.441000 -257.190800
579.254000 -291.852900 580.787900 -262.069400
585.438300 -296.913900 587.391300 -266.561000
591.610800 -301.938300 593.877700 -271.237500
597.802700 -306.948800 600.352400 -275.875800
604.002400 -311.952300 606.766700 -280.606100
610.204100 -316.963500 613.028900 -285.539500
616.401400 -321.978100 619.487600 -290.225900
622.606700 -326.989100 626.052100 -294.754200
628.813800 -331.994200 632.653300 -299.233100
635.032400 -336.999800 639.160400 -303.851800
641.237400 -341.988600 645.732000 -308.388000
647.445400 -346.968600 652.202500 -313.030800
653.662300 -351.935500 658.709500 -317.623000
659.877900 -356.880600 665.364400 -321.989100
666.112000 -361.828900 671.886000 -326.533100
672.350500 -366.769500 678.467800 -331.017400
678.587600 -371.720300 684.980800 -335.599400
684.819800 -376.684200 691.588400 -340.053600
691.040800 -381.648800 698.101300 -344.650600
697.271000 -386.614300 704.641500 -349.195400
703.506500 -391.568600 710.997700 -354.004600
709.744100 -396.517700 717.468200 -358.647300
715.983900 -401.433800 723.994400 -363.211600
722.229600 -406.329600 730.508000 -367.761600
728.498300 -411.207700 737.244500 -371.962000
734.766400 -416.073400 743.719100 -376.573400
741.047900 -420.934000 750.234200 -381.111000
747.328900 -425.791700 756.739600 -385.675900
753.611600 -430.654100 763.135400 -390.379300
759.909100 -435.497600 769.616500 -394.963200
766.234600 -440.329500 776.137100 -399.507800
772.573000 -445.140400 782.669100 -404.061700
778.917600 -449.932200 789.257800 -408.528200
785.270600 -454.711000 795.327100 -413.626600
791.604400 -459.487600 801.880800 -418.131900
797.914000 -464.271400 808.268400 -422.838000
804.202800 -469.044800 814.922700 -427.135300
810.490200 -473.819600 821.304900 -431.787800
816.791500 -478.590500 827.947200 -436.045100
823.116400 -483.340400 834.436500 -440.562700
829.464500 -488.061400 840.965600 -445.033400
835.854100 -492.776100 847.785900 -449.022700
842.262300 -497.485400 854.488600 -453.271600
848.682700 -502.196400 861.127900 -457.656500
855.114700 -506.913500 867.785100 -462.033000
861.557000 -511.637000 874.864400 -463.826100
868.011600 -516.355400 881.532100 -468.230100
874.441900 -521.049300 888.053800 -472.822700
880.882200 -525.706500 894.490300 -477.489600
887.323800 -530.307900 900.992600 -482.068100
893.755000 -534.861900 898.836700 -480.636700
900.174200 -539.374300 896.802500 -478.975000
906.591000 -543.848100 890.247200 -474.653500
912.989900 -548.291900 888.128600 -473.168300
919.400600 -552.731200 885.785600 -471.989400
925.806600 -557.125700 887.984200 -473.391400
932.226300 -561.535200 890.307500 -474.538000
938.632500 -565.932700 892.367200 -476.127800
945.057500 -570.322000 890.220500 -474.690900
951.507700 -574.710200 892.346800 -476.177300
957.980400 -579.074900 898.966300 -480.319500
964.464000 -583.424600 905.693100 -484.024800
970.963300 -587.758200 912.308200 -488.187200
977.455300 -592.093300 919.051800 -492.138000
983.961700 -596.421100 925.640400 -496.340900
990.461700 -600.766400 932.118000 -500.727600
996.966300 -605.096100 938.600300 -505.106700
1003.471000 -609.407800 945.269100 -509.177600
1009.973000 -613.695400 951.889300 -513.323200
1016.458000 -617.959200 958.222900 -517.855900
1022.925000 -622.217200 964.698100 -522.149700
1029.367000 -626.452700 971.260800 -526.273600
1035.804000 -630.641600 977.685800 -530.548700
1042.231000 -634.798800 983.835100 -535.146300
1048.656000 -638.946200 990.135000 -539.476500
1055.084000 -643.051500 996.626200 -543.518600
1061.525000 -647.144100 1003.043000 -547.601200
1067.966000 -651.185500 1009.635000 -551.459900
1074.401000 -655.235300 1016.209000 -555.296900
1080.840000 -659.293400 1022.785000 -559.128300
1087.270000 -663.328400 1029.207000 -563.226400
1093.718000 -667.347400 1035.741000 -567.100300
1100.195000 -671.340900 1042.382000 -570.797500
1106.668000 -675.317100 1048.946000 -574.659600
1113.157000 -679.272000 1055.432000 -578.621800
1119.659000 -683.201000 1062.380000 -581.560100
1126.198000 -687.131900 1068.871000 -585.519200
1132.753000 -691.046400 1075.576000 -589.171300
1139.341000 -694.955400 1082.288000 -592.819000
1145.954000 -698.852200 1088.986000 -596.547000
1152.585000 -702.740800 1095.729000 -600.229000
1159.229000 -706.637800 1102.563000 -603.765500
1165.886000 -710.538400 1109.329000 -607.460700
1172.562000 -714.459000 1116.047000 -611.270300
1179.271000 -718.394000 1122.791000 -615.088400
1186.021000 -722.344800 1129.672000 -618.723300
1192.784000 -726.294800 1136.571000 -622.424600
1199.585000 -730.258400 1143.504000 -626.084200
1206.417000 -734.212600 1150.341000 -629.999100
1213.283000 -738.159200 1157.299000 -633.742700
1220.173000 -742.105200 1164.221000 -637.605000
1227.101000 -746.027900 1171.213000 -641.379300
1234.074000 -749.929400 1178.326000 -644.967800
1241.082000 -753.823500 1185.339000 -648.810000
1248.123000 -757.717500 1192.434000 -652.556000
1255.209000 -761.611600 1199.608000 -656.209800
1262.318000 -765.501500 1206.805000 -659.906700
1269.473000 -769.393200 1213.987000 -663.673900
1276.670000 -773.287000 1221.268000 -667.326600
1283.885000 -777.170800 1228.583000 -670.988900
1291.103000 -781.040700 1235.943000 -674.596600
1298.329000 -784.899000 1243.286000 -678.230500
1305.561000 -788.742100 1250.618000 -681.889300
1312.794000 -792.571300 1258.002000 -685.435400
1320.032000 -796.384600 1265.266000 -689.209100
1327.287000 -800.172300 1272.590000 -692.859100
1334.542000 -803.950000 1279.922000 -696.503600
1341.797000 -807.723100 1287.359000 -699.896000
1349.058000 -811.481900 1294.682000 -703.534800
1356.319000 -815.232700 1302.030000 -707.119100
1363.568000 -818.960500 1309.327000 -710.793700
1370.797000 -822.663500 1316.739000 -714.174500
1378.014000 -826.342400 1324.061000 -717.688800
1385.241000 -830.002800 1331.367000 -721.184500
1392.473000 -833.639800 1338.734000 -724.546100
1399.712000 -837.258600 1346.095000 -725.304700
1406.940000 -840.856000 1353.307000 -728.970400
1414.145000 -844.419900 1360.536000 -732.561600
1421.338000 -847.958700 1367.700000 -736.197600
1428.540000 -851.473700 1374.845000 -739.825900
1435.735000 -854.974700 1381.989000 -743.447900
1442.936000 -858.462100 1389.138000 -747.031400
1450.116000 -861.922600 1396.287000 -750.611600
1457.288000 -865.353900 1403.349000 -754.295500
1464.432000 -868.758100 1410.414000 -757.932600
1471.550000 -872.135000 1417.521000 -761.397100
1478.642000 -875.485100 1424.672000 -764.684000
1485.696000 -878.796500 1431.659000 -768.236400
1492.712000 -882.085000 1438.727000 -771.499100
1499.686000 -885.346400 1445.691000 -774.884300
1506.608000 -888.579300 1452.565000 -778.340500
1513.510000 -891.787400 1459.387000 -781.770600
1520.388000 -894.966500 1466.098000 -785.353400
1527.242000 -898.117000 1472.849000 -788.770000
1534.067000 -901.240100 1479.554000 -792.220700
1540.873000 -904.334900 1486.360000 -795.369300
1547.641000 -907.393900 1493.002000 -798.799000
1554.374000 -910.425200 1499.729000 -801.927600
1561.071000 -913.426300 1506.403000 -805.062800
1567.716000 -916.424100 1512.950000 -808.371100
1574.331000 -919.426300 1519.439000 -811.684300
1580.910000 -922.431500 1525.977000 -814.839200
1587.477000 -925.449400 1532.329000 -818.238800
1593.998000 -928.484000 1538.799000 -821.454700
1600.456000 -931.552300 1545.227000 -824.656200
1606.851000 -934.653500 1551.545000 -827.996600
1613.177000 -937.795300 1557.835000 -831.303400
1619.446000 -940.960600 1564.121000 -834.487100
1625.639000 -944.138700 1570.365000 -837.687200
1631.780000 -947.302000 1576.414000 -841.126700
1637.876000 -950.461600 1582.458000 -844.462500
1643.920000 -953.598100 1575.977000 -842.198200
1649.931000 -956.702500 1569.610000 -839.817900
1655.907000 -959.742900 1563.419000 -837.095000
1661.857000 -962.732200 1557.054000 -834.993800
1667.828000 -965.652000 1550.963000 -832.322700
1673.786000 -968.517000 1548.979000 -831.331900
1679.740000 -971.331200 1547.003000 -830.355000
1685.682000 -974.128800 1545.026000 -829.368900
1691.585000 -976.910500 1539.168000 -826.409500
1697.460000 -979.678900 1533.390000 -823.378100
1703.321000 -982.431100 1531.423000 -822.489100
1709.144000 -985.145100 1529.473000 -821.508400
1714.950000 -987.831400 1531.228000 -822.805200
1720.748000 -990.466700 1536.871000 -825.816400
1726.528000 -993.063100 1542.438000 -828.904900
1732.261000 -995.615600 1548.011000 -831.924400
1737.915000 -998.126400 1553.499000 -834.970600
1743.475000 -1000.590000 1558.893000 -837.999700
1748.971000 -1002.990000 1564.312000 -840.730800
1754.388000 -1005.375000 1569.568000 -843.622800
1759.751000 -1007.751000 1574.764000 -846.457500
1764.998000 -1010.123000 1579.896000 -849.302000
1770.113000 -1012.467000 1584.935000 -852.092500
1775.097000 -1014.785000 1589.865000 -854.804000
1779.954000 -1017.080000 1594.586000 -857.617500
1784.649000 -1019.347000 1599.260000 -860.267100
1789.178000 -1021.604000 1603.811000 -862.811000
1793.508000 -1023.881000 1608.109000 -865.485400
1797.645000 -1026.269000 1612.168000 -868.214500
1801.573000 -1028.814000 1615.941000 -871.145700
1805.302000 -1031.525000 1619.477000 -874.216900
1808.823000 -1034.439000 1622.777000 -877.439500
1812.120000 -1037.563000 1625.816000 -880.860200
1815.169000 -1040.921000 1628.664000 -884.407300
1817.931000 -1044.484000 1631.150000 -888.209700
1820.326000 -1048.207000 1633.331000 -892.165700
1822.465000 -1052.152000 1635.103000 -896.233400
1824.255000 -1056.260000 1636.512000 -900.503500
1825.688000 -1060.491000 1637.630000 -904.856700
1826.758000 -1064.825000 1638.302000 -909.281200
1827.464000 -1069.230000 1638.690000 -913.741400
1827.812000 -1073.687000 1638.751000 -918.214600
1827.812000 -1078.165000 1638.419000 -922.685200
1827.468000 -1082.643000 1640.447000 -923.432000
1826.704000 -1087.072000 1639.346000 -927.799100
1825.633000 -1091.489000 1637.929000 -932.077200
1824.183000 -1095.811000 1636.062000 -936.234200
1822.357000 -1099.995000 1633.901000 -940.261500
1820.139000 -1103.994000 1632.527000 -940.953900
1817.589000 -1107.799000 1628.087000 -942.072500
1814.723000 -1111.351000 1623.622000 -943.066800
1811.551000 -1114.626000 1622.652000 -944.215000
1808.088000 -1117.606000 1619.549000 -947.560100
1804.284000 -1120.246000 1616.170000 -950.638400
1800.315000 -1122.623000 1611.671000 -951.721900
1796.124000 -1124.692000 1607.925000 -954.441500
1791.742000 -1126.471000 1603.933000 -956.876000
1787.194000 -1127.955000 1599.648000 -958.857100
1782.506000 -1129.180000 1595.235000 -960.688300
1777.702000 -1130.193000 1590.683000 -962.321600
1772.797000 -1131.038000 1586.059000 -963.938100
1767.796000 -1131.740000 1581.306000 -965.402300
1762.736000 -1132.348000 1576.437000 -966.715200
1757.655000 -1132.885000 1571.479000 -967.869100
1752.565000 -1133.366000 1566.549000 -969.183600
1747.458000 -1133.818000 1561.608000 -970.486200
1742.342000 -1134.251000 1556.641000 -971.737900
1737.220000 -1134.667000 1551.659000 -972.956000
1732.115000 -1135.064000 1546.664000 -974.150500
1727.075000 -1135.441000 1541.712000 -975.433200
1722.082000 -1135.788000 1536.807000 -976.620800
1717.161000 -1136.086000 1531.960000 -977.852200
1712.341000 -1136.271000 1527.147000 -978.888900
1707.613000 -1136.285000 1522.394000 -979.694900
1703.031000 -1136.085000 1517.712000 -980.313300
1698.586000 -1135.613000 1513.134000 -980.532200
1694.241000 -1134.791000 1508.670000 -980.433500
1689.991000 -1133.671000 1504.273000 -979.991400
1685.870000 -1132.171000 1499.969000 -979.123100
1681.961000 -1130.284000 1495.782000 -977.831400
1678.306000 -1127.996000 1491.775000 -976.172900
1674.826000 -1125.267000 1488.032000 -974.037800
1671.787000 -1122.274000 1484.376000 -971.551900
1669.099000 -1118.972000 1481.148000 -968.762600
1666.783000 -1115.408000 1478.210000 -965.681900
1664.817000 -1111.609000 1475.109000 -963.083300
1663.209000 -1107.637000 1476.424000 -959.100900
1661.958000 -1103.507000 1477.078000 -954.966100
1661.115000 -1099.284000 1476.196000 -952.503400
1660.724000 -1094.939000 1474.876000 -950.381900
1660.665000 -1090.516000 1470.742000 -951.324200
1661.140000 -1086.159000 1473.422000 -949.418400
1662.049000 -1081.841000 1472.345000 -949.824600
1663.374000 -1077.556000 1469.878000 -946.980000
1665.055000 -1073.325000 1470.109000 -944.122300
1667.040000 -1069.131000 1470.691000 -940.311900
1669.233000 -1064.989000 1470.731000 -936.872000
1671.640000 -1060.840000 1469.668000 -932.874400
1674.135000 -1056.683000 1471.630000 -928.486000
1676.716000 -1052.451000 1473.751000 -924.117300
1679.381000 -1048.145000 1475.856000 -919.622800
