20.000000 0.001794
40.000000 0.001381
60.000000 0.001182
80.000000 0.001043
100.000000 0.000973
120.000000 0.000927
140.000000 0.000896
160.000000 0.000876
180.000000 0.000848
200.000000 0.000825
220.000000 0.000785
240.000000 0.000756
260.000000 0.000715
280.000000 0.000644
300.000000 0.000603
320.000000 0.000557
340.000000 0.000515
360.000000 0.000456
380.000000 0.000431
400.000000 0.000401
420.000000 0.000372
440.000000 0.000346
460.000000 0.000317
480.000000 0.000315
500.000000 0.000293
520.000000 0.000278
540.000000 0.000271
560.000000 0.000261
580.000000 0.000257
600.000000 0.000247
620.000000 0.000250
640.000000 0.000249
660.000000 0.000239
680.000000 0.000231
700.000000 0.000225
720.000000 0.000236
740.000000 0.000226
760.000000 0.000221
780.000000 0.000213
800.000000 0.000222
820.000000 0.000216
840.000000 0.000209
860.000000 0.000202
880.000000 0.000208
900.000000 0.000205
920.000000 0.000199
940.000000 0.000204
960.000000 0.000199
980.000000 0.000195
1000.000000 0.000192
1020.000000 0.000197
1040.000000 0.000196
1060.000000 0.000190
1080.000000 0.000187
1100.000000 0.000181
1120.000000 0.000187
1140.000000 0.000186
1160.000000 0.000180
1180.000000 0.000174
1200.000000 0.000168
1220.000000 0.000179
1240.000000 0.000171
1260.000000 0.000168
1280.000000 0.000163
1300.000000 0.000168
1320.000000 0.000165
1340.000000 0.000163
1360.000000 0.000157
1380.000000 0.000164
1400.000000 0.000162
1420.000000 0.000159
1440.000000 0.000154
1460.000000 0.000162
1480.000000 0.000162
1500.000000 0.000160
1520.000000 0.000156
1540.000000 0.000163
1560.000000 0.000163
1580.000000 0.000161
1600.000000 0.000157
1620.000000 0.000162
1640.000000 0.000163
1660.000000 0.000159
1680.000000 0.000159
1700.000000 0.000159
1720.000000 0.000171
1740.000000 0.000167
1760.000000 0.000165
1780.000000 0.000161
1800.000000 0.000171
1820.000000 0.000165
1840.000000 0.000164
1860.000000 0.000161
1880.000000 0.000173
1900.000000 0.000169
1920.000000 0.000165
1940.000000 0.000157
1960.000000 0.000167
1980.000000 0.000162
2000.000000 0.000159
2020.000000 0.000166
2040.000000 0.000167
2060.000000 0.000167
2080.000000 0.000165
2100.000000 0.000172
2120.000000 0.000182
2140.000000 0.000182
2160.000000 0.000181
2180.000000 0.000194
2200.000000 0.000227
2220.000000 0.000249
2240.000000 0.000272
2260.000000 0.000284
2280.000000 0.000295
2300.000000 0.000305
2320.000000 0.000325
2340.000000 0.000357
2360.000000 0.000388
2380.000000 0.000410
2400.000000 0.000388
2420.000000 0.000374
