20.000000 0.166744
40.000000 0.148089
60.000000 0.141924
80.000000 0.138177
100.000000 0.137487
120.000000 0.135057
140.000000 0.136147
160.000000 0.135467
180.000000 0.137080
200.000000 0.136941
220.000000 0.135762
240.000000 0.134246
260.000000 0.133858
280.000000 0.129550
300.000000 0.127076
320.000000 0.123885
340.000000 0.121666
360.000000 0.117861
380.000000 0.115676
400.000000 0.113689
420.000000 0.113213
440.000000 0.112413
460.000000 0.111807
480.000000 0.111028
500.000000 0.110767
520.000000 0.109599
540.000000 0.108263
560.000000 0.106444
580.000000 0.105578
600.000000 0.104545
620.000000 0.104741
640.000000 0.103121
660.000000 0.101921
680.000000 0.100744
700.000000 0.099530
720.000000 0.099050
740.000000 0.097564
760.000000 0.096487
780.000000 0.095849
800.000000 0.095646
820.000000 0.094850
840.000000 0.094338
860.000000 0.094351
880.000000 0.094722
900.000000 0.094403
920.000000 0.094586
940.000000 0.095451
960.000000 0.095797
980.000000 0.095972
1000.000000 0.096437
1020.000000 0.097616
1040.000000 0.098586
1060.000000 0.099302
1080.000000 0.100539
1100.000000 0.101670
1120.000000 0.101886
1140.000000 0.101824
1160.000000 0.101777
1180.000000 0.102260
1200.000000 0.102680
1220.000000 0.102454
1240.000000 0.102448
1260.000000 0.102950
1280.000000 0.103344
1300.000000 0.103268
1320.000000 0.103419
1340.000000 0.103947
1360.000000 0.103998
1380.000000 0.104031
1400.000000 0.103755
1420.000000 0.103695
1440.000000 0.103544
1460.000000 0.103548
1480.000000 0.103315
1500.000000 0.103354
1520.000000 0.103282
1540.000000 0.103061
1560.000000 0.102741
1580.000000 0.102544
1600.000000 0.102558
1620.000000 0.102512
1640.000000 0.102727
1660.000000 0.103192
1680.000000 0.103684
1700.000000 0.104264
1720.000000 0.104679
1740.000000 0.105448
1760.000000 0.106540
1780.000000 0.107878
1800.000000 0.108716
1820.000000 0.110073
1840.000000 0.111585
1860.000000 0.113704
1880.000000 0.115362
1900.000000 0.118191
1920.000000 0.121777
1940.000000 0.125934
1960.000000 0.127812
1980.000000 0.129870
2000.000000 0.129567
2020.000000 0.129173
2040.000000 0.127337
2060.000000 0.124665
2080.000000 0.122502
2100.000000 0.121929
2120.000000 0.120193
2140.000000 0.118444
2160.000000 0.116659
2180.000000 0.114769
2200.000000 0.113917
2220.000000 0.112688
2240.000000 0.112366
2260.000000 0.112600
2280.000000 0.112205
2300.000000 0.112897
2320.000000 0.114470
2340.000000 0.116217
2360.000000 0.119290
2380.000000 0.123151
2400.000000 0.127624
2420.000000 0.144331
