0.000000 -0.000000 0.000000 0.000000
0.003267 4.566315 -0.110264 4.549163
-0.031716 9.099118 -0.113191 9.068820
-0.081952 13.587370 -0.171324 13.544870
-0.172757 18.042800 -0.224240 17.986460
-0.267875 22.451640 -0.325078 22.378280
-0.358400 26.802010 -0.419871 26.704310
-0.442803 31.082040 -0.533449 30.962210
-0.523018 35.271990 -0.616277 35.108770
-0.611006 39.330190 -0.692143 39.122780
-0.673187 43.239550 -0.725681 42.971440
-0.695957 46.977480 -0.767576 46.665930
-0.690361 50.605530 -0.754115 50.258760
-0.609462 54.132960 -0.613770 53.747360
-0.411112 57.531050 -0.371961 57.106160
-0.030280 60.807340 0.044411 60.337530
0.568852 63.940690 0.683909 63.427320
1.400581 66.903860 1.495675 66.358440
2.445156 69.702430 2.520922 69.125990
3.697183 72.300100 3.808220 71.690040
5.171922 74.740420 5.259609 74.115620
6.852965 76.941870 6.935010 76.310090
8.750799 78.905900 8.819160 78.257280
10.823450 80.634320 10.889910 79.984460
13.066210 82.178440 13.137070 81.569090
15.504950 83.526400 15.618810 82.845200
18.101340 84.588810 18.225920 83.926650
20.853170 85.339470 20.989390 84.698580
23.704110 85.757740 23.842640 85.141860
26.596700 85.903500 26.756380 85.271190
29.539120 85.860020 29.700650 85.197220
32.495530 85.669740 32.669110 84.998830
35.473920 85.419290 35.657950 84.738750
38.479390 85.150930 38.676360 84.493500
41.523140 84.840110 41.735850 84.203820
44.591610 84.512730 44.825590 83.931480
47.698590 84.159740 47.950330 83.614810
50.851300 83.780360 51.123420 83.285530
54.021280 83.370120 54.314240 82.935800
57.236480 82.963200 57.533010 82.511130
60.484150 82.564450 60.813130 82.160080
63.801630 82.126570 64.123330 81.738850
67.115350 81.671290 67.449480 81.321360
70.485000 81.248710 70.836900 80.882550
73.889090 80.831410 74.244040 80.485760
77.339480 80.402860 77.708550 80.035820
80.814430 79.981940 81.200240 79.636930
84.311560 79.560560 84.698310 79.279710
87.843140 79.132970 88.239040 78.824400
91.452740 78.712050 91.871060 78.391330
95.109110 78.302620 95.542260 77.978800
98.802080 77.939830 99.245750 77.634200
102.537600 77.577720 102.983400 77.255530
106.283100 77.182590 106.725500 76.840610
110.001900 76.763780 110.429700 76.413900
113.690700 76.253080 114.089200 75.819010
117.341000 75.581300 117.732700 75.162630
120.903700 74.751300 121.279200 74.342970
124.437500 73.785660 124.810100 73.393640
127.882800 72.651860 128.260800 72.310300
131.253600 71.361680 131.620500 71.043280
134.528800 69.931300 134.902600 69.634480
137.742000 68.328450 138.144900 68.056020
140.926800 66.546730 141.337400 66.277000
144.031200 64.574810 144.450000 64.305530
147.051200 62.406270 147.504300 62.168620
149.969500 60.049300 150.432400 59.822500
152.781800 57.504160 153.291200 57.312310
155.436800 54.746640 155.989100 54.565410
157.947400 51.752940 158.437600 51.524160
160.279800 48.634580 160.723700 48.390980
162.349000 45.353340 162.778300 45.114860
164.179800 41.946720 164.643900 41.729460
165.830900 38.447790 166.276600 38.222880
167.335400 34.861970 167.723500 34.619530
168.691200 31.242820 169.079500 30.998190
169.969500 27.582240 170.387900 27.356430
171.127300 23.900190 171.669900 23.720890
172.263200 20.221330 172.897300 20.098940
173.377000 16.599090 174.150700 16.523700
174.627000 13.004350 175.435200 12.939960
175.942500 9.442182 176.755400 9.391067
177.356800 5.917093 178.225200 5.881563
178.928800 2.434985 179.830500 2.404216
180.675800 -0.971876 181.561300 -0.993608
182.554400 -4.252484 183.460700 -4.230240
184.560700 -7.384682 185.420000 -7.377552
186.750900 -10.368790 187.632900 -10.329440
189.116500 -13.135630 190.020000 -13.032930
191.665700 -15.656880 192.589800 -15.513520
194.385900 -17.931220 195.310600 -17.763770
197.226100 -19.980800 198.192900 -19.730030
200.271800 -21.743030 201.254200 -21.444550
203.448300 -23.203180 204.377000 -22.972500
206.758900 -24.325190 207.739000 -23.996110
210.184300 -25.068170 211.156600 -24.682910
213.630700 -25.424490 214.606700 -25.020880
217.117000 -25.407460 218.081000 -24.981960
220.571900 -25.039820 221.544200 -24.651160
224.021200 -24.363710 224.990000 -23.911320
227.429900 -23.372920 228.397700 -22.917610
230.747500 -22.058700 231.696400 -21.555840
233.928400 -20.443850 234.883600 -19.889980
237.019600 -18.526770 237.958800 -17.951130
239.961000 -16.355940 240.799600 -15.642520
242.779800 -13.984550 243.586600 -13.222320
245.458500 -11.414060 246.249500 -10.623260
247.997000 -8.674394 248.716400 -7.811917
250.390600 -5.759310 251.024200 -4.809353
252.655600 -2.686673 253.223000 -1.674347
254.806500 0.534019 255.353700 1.572889
256.864000 3.862410 257.276100 5.004811
258.884400 7.263272 259.244800 8.451297
260.877600 10.718320 261.189600 11.941380
262.828700 14.222610 263.034600 15.501680
264.741600 17.745920 264.812200 19.087180
266.637600 21.266150 266.622800 22.655640
268.527700 24.786100 268.494400 26.184390
270.375000 28.334210 270.327400 29.745950
272.219500 31.917810 272.208000 33.330350
274.124700 35.502240 274.035800 36.954670
276.050500 39.060050 275.853900 40.566380
277.989700 42.665330 277.681500 44.244710
279.912600 46.301830 279.473700 47.940570
281.775800 49.949900 281.282900 51.586700
283.563100 53.532720 283.031200 55.169840
285.356500 57.056770 284.730300 58.716270
287.075600 60.536460 286.373500 62.200990
288.712000 63.954910 287.972100 65.607870
290.293900 67.289100 289.539300 68.922070
291.871100 70.559820 291.124200 72.180660
293.538100 73.753600 292.721500 75.409110
295.351100 76.864560 294.450900 78.563220
297.261700 79.892800 296.266900 81.644710
299.367900 82.771990 298.259900 84.579960
301.654700 85.444430 300.477100 87.287510
304.129900 87.873730 302.892600 89.732670
306.795800 90.009740 305.467800 91.929960
309.610300 91.815310 308.227300 93.789830
312.540600 93.287990 311.103800 95.365740
315.589700 94.424870 314.127300 96.568780
318.731100 95.231100 317.244600 97.431260
321.947000 95.719040 320.469700 97.915790
325.202000 95.875140 323.711500 98.104890
328.404100 95.672520 326.878700 98.009870
331.635400 95.086030 330.150600 97.438020
334.756200 94.171900 333.260200 96.727520
337.636900 92.963350 336.165400 95.575120
340.363200 91.461070 338.918600 94.118730
342.964100 89.692180 341.531500 92.303600
345.403300 87.579170 343.908500 90.088720
347.592200 85.092570 346.147100 87.620930
349.463400 82.321490 348.075500 84.906290
351.002500 79.397790 349.706900 82.066170
352.204000 76.402830 350.945400 79.109940
353.107800 73.306490 351.920400 76.012760
353.811200 70.096650 352.715400 72.829830
354.464700 66.889050 353.397100 69.623900
355.047400 63.664610 354.001500 66.414180
355.500500 60.449100 354.480300 63.221740
355.866900 57.296080 354.898000 60.100670
356.198500 54.208160 355.358800 57.058630
356.525800 51.221050 355.762200 54.122090
356.961300 48.369400 356.285400 51.347970
357.538900 45.752540 356.907400 48.817180
358.275300 43.388830 357.692500 46.517230
359.266800 41.238890 358.690700 44.403780
360.571800 39.373830 359.990100 42.561190
362.156300 37.835540 361.579600 41.049750
363.974400 36.638300 363.391500 39.916570
366.080400 35.761110 365.588200 39.043150
368.547300 35.234490 368.132700 38.492980
371.148400 35.045060 370.798500 38.317180
373.899500 35.175270 373.588100 38.467610
376.698100 35.611110 376.392600 38.917330
379.470900 36.322790 379.154100 39.677970
382.212100 37.294470 381.891900 40.682000
384.867700 38.517990 384.553500 41.908360
387.364100 39.991850 387.073900 43.406970
389.701500 41.780710 389.399800 45.220460
391.802700 43.839190 391.489800 47.301130
393.689400 46.099010 393.355900 49.566850
395.383900 48.474340 395.012400 51.962140
396.942200 50.928340 396.569400 54.402000
398.325500 53.450140 397.938500 56.924450
399.544900 56.052550 399.201000 59.508170
400.579700 58.728940 400.222100 62.186620
401.390700 61.486590 401.116400 64.938430
401.978000 64.333130 401.746800 67.778930
402.335300 67.250270 402.116200 70.717630
402.474600 70.259740 402.295600 73.750660
402.447300 73.356030 402.317200 76.868650
402.341800 76.540880 402.177200 80.081920
402.228800 79.805450 402.074500 83.368940
402.075400 83.156280 401.882300 86.752540
401.927800 86.597120 401.624000 90.193170
401.721900 90.113350 401.350100 93.742410
401.455800 93.737450 401.088200 97.390860
401.169200 97.438860 400.805100 101.107800
400.835400 101.196700 400.430600 104.875300
400.479100 104.981000 400.071100 108.654800
400.086700 108.745200 399.638900 112.404200
399.638200 112.493800 399.220400 116.153800
399.138700 116.226700 398.703000 119.872700
398.603300 119.924700 398.165000 123.561700
398.025400 123.612000 397.602300 127.253600
397.409200 127.314800 397.042100 130.960800
396.829000 131.013100 396.468400 134.655400
396.222300 134.687900 395.893900 138.307400
395.601900 138.281700 395.335600 141.897200
395.033400 141.881600 394.831400 145.499200
394.483600 145.487500 394.297500 149.096800
393.961300 149.091800 393.769200 152.705000
393.456700 152.724500 393.283600 156.339700
392.964400 156.362200 392.810500 159.982100
392.473900 160.012200 392.345900 163.636200
391.988000 163.681600 391.863000 167.302200
391.511200 167.360500 391.357100 170.978900
391.037700 171.040400 390.946300 174.669700
390.574400 174.743200 390.506700 178.371100
390.110100 178.440800 390.048100 182.064700
389.662900 182.147700 389.628500 185.780600
389.244100 185.891700 389.210900 189.542800
388.894800 189.677500 388.867900 193.323100
388.606000 193.461200 388.601400 197.100900
388.392800 197.250000 388.404400 200.890800
388.242200 201.058600 388.222700 204.685600
388.167200 204.843700 388.184700 208.479000
388.164900 208.656700 388.169200 212.286300
388.225800 212.467100 388.245200 216.091000
388.337900 216.277100 388.337400 219.902200
388.518500 220.100100 388.479800 223.723800
388.781300 223.924000 388.756300 227.554100
389.110400 227.762200 389.043400 231.393600
389.519500 231.600300 389.455600 235.230700
390.000700 235.455300 389.920100 239.092100
390.533100 239.323100 390.437100 242.970000
391.126500 243.191800 391.054300 246.834800
391.817200 247.082900 391.752900 250.727700
392.446500 250.991000 392.487900 254.636600
393.192700 254.933200 393.384700 258.561900
394.129800 258.841200 394.410400 262.449300
395.212400 262.725700 395.484100 266.333000
396.381300 266.559900 396.630700 270.148000
397.591700 270.309200 397.806100 273.892500
398.915600 273.988100 399.041000 277.588500
400.261600 277.620100 400.396700 281.208900
401.674900 281.230100 401.804100 284.822800
403.099300 284.836200 403.199400 288.425400
404.552600 288.368900 404.596900 291.959900
405.981400 291.858600 406.036400 295.421500
407.396700 295.286300 407.423200 298.838900
408.787500 298.654400 408.764500 302.201400
410.160300 301.970700 410.095700 305.512900
411.532700 305.248600 411.416700 308.811600
412.910200 308.514300 412.825900 312.065000
414.286500 311.815200 414.217600 315.369300
415.632400 315.158100 415.547700 318.736500
416.955300 318.554600 416.955100 322.106200
418.356500 321.950200 418.459700 325.483100
419.919100 325.360500 420.158900 328.848400
421.619500 328.772700 421.877800 332.284600
423.465300 332.205100 423.755600 335.711900
425.389400 335.648500 425.690700 339.166700
427.393700 339.062100 427.746800 342.543700
429.441400 342.427400 429.805300 345.888100
431.502800 345.736000 431.876600 349.179800
433.555500 349.037600 433.903800 352.500700
435.647400 352.345100 435.954000 355.850700
437.737700 355.673900 438.025100 359.185900
439.858900 359.019800 440.201200 362.499900
441.938400 362.354800 442.296300 365.827400
444.011500 365.707600 444.407000 369.153200
446.074200 369.043000 446.484700 372.479600
448.108100 372.393000 448.591800 375.769300
450.106200 375.748500 450.681900 379.057200
452.077600 379.076100 452.704900 382.350500
454.072700 382.382200 454.738800 385.634500
456.149900 385.671800 456.789900 388.964800
458.224600 388.968400 458.873900 392.229100
460.351800 392.205600 461.018200 395.456900
462.503100 395.388100 463.124300 398.616900
464.568500 398.419600 465.189600 401.586300
466.632000 401.347200 467.240600 404.502200
468.654400 404.221700 469.222200 407.378100
470.657600 407.038900 471.240000 410.164600
472.677800 409.783700 473.217600 412.916700
474.657200 412.487100 475.155800 415.623800
476.592600 415.139500 477.089000 418.238800
478.496300 417.710700 478.958200 420.812600
480.372100 420.213300 480.808300 423.289600
482.195400 422.602900 482.582400 425.650700
483.955500 424.843700 484.297100 427.858200
485.628500 426.923600 485.926300 429.882100
487.190800 428.865800 487.502600 431.773800
488.699400 430.731200 488.993800 433.593800
490.108000 432.491800 490.347200 435.331700
491.375400 434.138900 491.534600 436.960200
492.521700 435.661300 492.658600 438.437800
493.585300 437.088500 493.712900 439.847100
494.601900 438.498800 494.758000 441.226600
495.493900 439.942600 495.605200 442.693900
496.198400 441.455900 496.341400 444.186200
496.643000 443.038900 496.780100 445.771800
496.894900 444.688300 497.003800 447.387500
496.838300 446.434300 496.464400 449.078500
496.587000 448.236400 496.045600 450.866800
496.020500 450.035800 495.753500 452.787500
495.316800 451.880800 495.236000 454.717800
494.382600 453.714700 494.510900 456.671900
493.357500 455.591800 493.709500 458.685200
492.259600 457.525200 492.846200 460.761200
491.138900 459.531700 491.938800 462.897000
489.968800 461.583000 491.037900 465.101400
488.778600 463.722100 490.107100 467.420300
487.527700 465.987400 489.108200 469.844800
486.241900 468.332900 488.061300 472.335500
484.929200 470.750300 487.042800 474.907200
483.595100 473.196800 485.969000 477.494000
482.240900 475.680400 484.902700 480.112300
480.881200 478.179700 483.873400 482.791400
479.506700 480.715200 482.792900 485.465700
478.139700 483.249600 481.725400 488.131200
476.741800 485.776600 480.640700 490.843800
475.327000 488.358200 479.560600 493.570800
473.905700 490.923000 478.471600 496.301900
472.463600 493.499100 477.394100 499.052300
471.030900 496.048700 476.272300 501.715000
469.654400 498.493900 475.211500 504.283000
468.311000 500.883700 474.195900 506.810800
467.003300 503.201000 473.193200 509.223200
465.767600 505.385700 472.263300 511.495300
464.618000 507.421200 471.398300 513.604600
463.563200 509.303500 470.627100 515.555900
462.581700 511.077100 469.918100 517.441500
461.620900 512.827500 469.198200 519.281700
460.698800 514.516100 468.515900 521.045800
459.825600 516.111800 467.862700 522.696400
459.035800 517.582500 467.295500 524.204100
458.312900 518.912300 466.721600 525.568800
457.589200 520.176600 466.179100 526.919700
456.756600 521.359000 465.499500 528.201200
455.798000 522.446500 464.674100 529.390000
454.695200 523.354600 463.690200 530.392000
453.456700 523.963300 462.474800 531.124700
452.010000 524.448000 461.043500 531.495500
450.370300 524.664900 459.457700 532.054200
448.645800 524.629300 457.724000 532.331400
446.853700 524.242200 455.832500 532.297900
445.001300 523.578900 453.812300 531.932100
443.053700 522.715000 451.713300 531.380500
441.070200 521.621600 449.567300 530.591400
439.068600 520.385000 447.369600 529.691800
437.067600 519.079900 445.175000 528.757000
435.131900 517.711100 443.038300 527.725600
433.248700 516.276400 440.923700 526.655700
431.409100 514.772600 438.872000 525.460300
429.653800 513.188400 436.875400 524.219400
427.979000 511.552500 434.942700 522.902700
426.376200 509.872800 433.092400 521.532300
424.896200 508.159600 431.321000 520.125600
423.477300 506.386900 429.632800 518.627200
422.151700 504.603800 428.006000 517.108300
420.895300 502.757100 426.392600 515.553700
419.698800 500.847600 424.853500 513.903100
418.553100 498.879100 423.335500 512.189300
417.436100 496.852200 421.850100 510.399700
416.341100 494.769800 420.387600 508.537600
415.299400 492.613200 418.915500 506.627900
414.283100 490.400400 417.452100 504.678800
413.291100 488.174100 416.057000 502.677400
412.307400 485.928500 414.688000 500.629700
411.321100 483.659600 413.286500 498.599100
410.385800 481.369500 411.939200 496.520200
409.484300 479.070200 410.570200 494.463100
408.605900 476.771200 409.295000 492.371200
407.747600 474.482200 408.026200 490.287000
406.916200 472.194500 406.772700 488.208000
406.106200 469.923800 405.556800 486.146000
405.321800 467.714100 404.400300 484.145100
404.581200 465.613200 403.307300 482.259800
403.881000 463.647100 402.316100 480.484100
403.196100 461.842900 401.379600 478.833700
402.563700 460.074300 400.433300 477.214000
401.946900 458.305600 399.477600 475.607000
401.296600 456.548600 398.469800 474.020300
400.651300 454.770400 397.422700 472.446400
399.996700 452.984700 396.391500 470.831200
399.329600 451.125900 395.315700 469.145100
398.618400 449.218000 394.226800 467.404100
397.822000 447.249700 393.022500 465.610700
396.969800 445.208000 391.817100 463.744600
396.116100 443.116600 390.567200 461.833700
395.211200 440.967800 389.261700 459.875900
394.287700 438.749400 387.917600 457.862600
393.341900 436.497700 386.563900 455.818600
392.358600 434.221800 385.153600 453.765300
391.343800 431.907700 383.721400 451.651900
390.285600 429.531900 382.227800 449.494000
389.177900 427.104300 380.649400 447.314000
388.002000 424.633000 379.053900 445.075900
386.786000 422.153600 377.401100 442.852000
385.529200 419.645500 375.661700 440.638700
384.252800 417.122900 373.923900 438.383000
382.927300 414.575600 372.160900 436.124400
381.591500 412.030100 370.346400 433.872700
380.224100 409.463100 368.489800 431.629200
378.830100 406.889400 366.624600 429.356600
377.404400 404.303400 364.699300 427.112500
375.940700 401.722300 362.777200 424.843600
374.431300 399.137000 360.843300 422.541000
372.878200 396.550200 358.854800 420.260900
371.286300 393.960100 356.797700 418.012500
369.662600 391.367800 354.740200 415.742300
368.012000 388.798400 352.687600 413.496700
366.357200 386.258300 350.540600 411.333600
364.686300 383.683500 348.451300 409.073800
362.990500 381.103100 346.330800 406.824500
361.274100 378.545400 344.169200 404.618500
359.479500 376.079600 342.050900 402.482200
357.743100 373.713700 339.987800 400.441900
356.046500 371.424400 337.895200 398.520000
354.349500 369.168400 335.854900 396.575300
352.662900 366.944000 333.839500 394.677200
351.018900 364.780500 331.882700 392.837200
349.445300 362.679200 330.003700 391.053800
347.970100 360.669800 328.239100 389.357000
346.587900 358.760700 326.583100 387.751600
345.269200 357.004900 325.030000 386.276600
343.987600 355.420000 323.428700 385.089000
342.722300 353.942300 321.932400 383.885600
341.428400 352.599100 320.497500 382.762900
340.132200 351.423100 319.081400 381.807100
338.769300 350.441200 317.543900 381.078800
337.341700 349.681300 316.019400 380.560200
335.777200 349.128400 314.422400 380.300300
334.132400 348.908200 312.753500 380.279800
332.452400 349.031300 311.102800 380.656200
330.797800 349.428100 309.487800 381.345500
329.211100 350.167300 308.015100 382.335400
327.641800 351.098300 306.607300 383.524400
326.094800 352.236000 305.225900 384.901000
324.512700 353.489700 303.862300 386.429700
322.875800 354.863500 302.449000 388.086400
321.135500 356.302000 300.895200 389.773900
319.250000 357.710100 299.245800 391.458700
317.242300 359.002400 297.466100 393.076300
315.093800 360.160000 295.498400 394.519400
312.852600 361.167400 293.445100 395.872300
310.509200 362.008200 291.253300 397.066200
308.069100 362.662200 288.926700 398.087900
305.560600 363.146700 286.503000 398.945800
302.953900 363.438100 283.978500 399.668100
300.313300 363.558500 281.388100 400.184300
297.631800 363.522600 278.711000 400.568800
294.885100 363.381000 275.972300 400.947900
292.104200 363.172300 273.192400 401.211600
289.300900 362.939000 270.390200 401.460900
286.491000 362.678500 267.572500 401.627400
283.693500 362.370200 264.780300 401.761600
280.920600 362.098000 262.011100 401.908800
278.169000 361.857400 259.271400 402.076400
275.446800 361.657400 256.563600 402.291100
272.737000 361.519800 253.877100 402.565800
270.035600 361.455000 251.210900 402.963900
267.327700 361.497700 248.558600 403.471700
264.630400 361.676000 245.928400 404.072800
261.940300 361.979900 243.324700 404.779400
259.250900 362.413000 240.734100 405.611100
256.573600 362.959900 238.176400 406.548100
253.917300 363.655300 235.672600 407.641300
251.288400 364.497000 233.196100 408.891500
248.680300 365.504900 230.786500 410.314700
246.094700 366.666900 228.411700 411.851900
243.562600 367.994000 226.107400 413.569400
241.083300 369.508300 223.881800 415.435700
238.697300 371.174900 221.792600 417.433600
236.432200 372.983900 219.902200 419.626200
234.282400 374.915600 218.122400 421.884600
232.221400 376.965100 216.446500 424.257500
230.283900 379.136000 214.864300 426.700800
228.445400 381.408600 213.426500 429.227300
226.762700 383.789500 212.165600 431.853300
225.240300 386.284200 211.087500 434.562000
223.870500 388.875300 210.157300 437.346500
222.651800 391.576800 209.351800 440.214900
221.610300 394.407600 208.738600 443.181100
220.731600 397.346700 208.371300 446.236800
220.036100 400.374900 208.204400 449.365200
219.492700 403.546000 208.250800 452.613000
219.131100 406.829700 208.491300 455.922200
218.954900 410.176200 208.944600 459.245100
218.961000 413.566100 209.562800 462.584000
219.145900 416.967900 210.361100 465.903600
219.451900 420.389700 211.261600 469.222100
219.829800 423.806600 212.221300 472.548700
220.310500 427.237200 213.265700 475.842400
220.868900 430.684800 214.384900 479.157900
221.441400 434.161900 215.492200 482.511300
222.038500 437.663400 216.662500 485.875500
222.674200 441.192400 217.833300 489.279400
223.324700 444.766400 219.022300 492.726700
223.976800 448.390400 220.262000 496.207200
224.645100 452.052600 221.484600 499.730200
225.326300 455.738000 222.778500 503.260800
226.013500 459.438200 224.039500 506.799700
226.742700 463.131400 225.333900 510.341800
227.489100 466.830800 226.585100 513.895700
228.247700 470.527000 227.900400 517.432700
229.012100 474.215100 229.216000 520.956200
229.762000 477.897100 230.505700 524.478100
230.499300 481.567900 231.764100 528.003000
231.252900 485.238400 233.058200 531.508900
232.010300 488.886300 234.350500 535.001400
232.763300 492.531800 235.658300 538.488200
233.545900 496.169700 236.986000 541.954400
234.328200 499.811600 238.338200 545.421400
235.108100 503.420000 239.685500 548.849500
235.907500 507.019800 241.022800 552.279700
236.703700 510.603300 242.331600 555.699100
237.481000 514.162500 243.676800 559.070800
238.249000 517.704200 244.966000 562.457200
239.014400 521.230500 246.264000 565.810200
239.746800 524.741600 247.505600 569.163600
240.436600 528.231300 248.727500 572.495400
241.102000 531.689500 249.968500 575.778800
241.740900 535.133300 251.205000 579.044400
242.359400 538.550300 252.334400 582.316300
242.993900 541.935900 253.525300 585.536800
243.655500 545.295800 254.701300 588.747500
244.307800 548.630700 255.947900 591.889600
244.986700 551.924500 257.163100 595.012700
245.686600 555.189800 258.381400 598.114200
246.402300 558.403000 259.613400 601.163000
247.160300 561.604000 260.867500 604.180200
247.954300 564.747800 262.161700 607.151200
248.799800 567.843200 263.535100 610.025900
249.719700 570.881500 264.944200 612.864000
250.691800 573.875500 266.406100 615.637200
251.722500 576.816900 267.897700 618.361200
252.792400 579.719200 269.424800 621.049700
253.899200 582.619100 270.964600 623.751900
254.999400 585.538800 272.501600 626.475800
256.084000 588.464600 274.000900 629.199200
257.132200 591.413100 275.513800 631.940700
258.142200 594.337700 276.962000 634.665700
259.143500 597.295100 278.424000 637.427300
260.132300 600.227900 279.878600 640.150600
261.124300 603.146400 281.356500 642.845700
262.175000 606.016800 282.840200 645.515600
263.321800 608.844200 284.437800 648.109300
264.592700 611.600700 286.186600 650.589700
266.012800 614.279900 288.019300 652.991300
267.588100 616.881700 290.023400 655.295100
269.323800 619.428300 292.128000 657.560800
271.210100 621.881800 294.425800 659.655600
273.238300 624.254900 296.797300 661.682100
275.373300 626.509900 299.257600 663.578400
277.623300 628.637000 301.797700 665.336700
279.976600 630.608900 304.415500 666.937200
282.453700 632.438800 307.145400 668.345900
285.065600 634.108700 310.005200 669.586400
287.781800 635.684200 312.956000 670.707500
290.614800 637.170400 316.024300 671.664700
293.572000 638.551300 319.198200 672.572400
296.640000 639.897800 322.459800 673.419100
299.815900 641.203200 325.828500 674.230700
303.076400 642.494500 329.247300 675.019200
306.357100 643.765800 332.672900 675.791500
309.674900 645.021300 336.137000 676.561800
312.999700 646.243800 339.603600 677.291800
316.341000 647.457400 343.091100 677.942000
319.656500 648.689200 346.530100 678.712800
322.948500 649.961000 349.954300 679.506200
326.166800 651.311700 353.335200 680.347900
329.336100 652.739100 356.676100 681.277000
332.444200 654.205600 359.929600 682.280700
335.400500 655.659200 363.020100 683.205600
338.177900 657.091100 365.969200 684.133500
340.853600 658.520100 368.777000 685.135200
343.392000 659.901300 371.463400 686.076700
345.797500 661.222900 374.016400 686.910200
348.061700 662.470200 376.423200 687.740600
350.227800 663.663600 378.717700 688.529200
352.269800 664.764500 380.855700 689.267400
354.171500 665.743600 382.827900 689.861700
355.867200 666.596600 384.569100 690.409300
357.385800 667.323400 386.112700 690.857500
358.688300 667.945100 387.414700 691.251600
359.785500 668.454700 388.525100 691.496300
360.684700 668.879300 389.411000 691.749600
361.448900 669.240500 390.220600 691.988100
362.202200 669.609800 390.968500 692.334800
362.884200 670.041700 391.730300 692.631600
363.544500 670.582800 392.474600 693.145500
364.209800 671.330500 393.266600 693.858100
364.845000 672.309500 393.988500 694.672900
365.349200 673.552400 394.640400 695.911700
365.693100 675.079000 395.204200 697.448300
365.765200 676.782400 395.514400 699.204500
365.523700 678.539500 395.567000 701.112300
365.089100 680.489300 395.432300 703.143900
364.466100 682.514600 395.115200 705.291000
363.616300 684.610800 394.595700 707.540900
362.501500 686.760700 393.903800 709.918700
361.240200 688.988000 393.033600 712.384600
359.916600 691.336700 392.120300 714.970000
358.517400 693.800300 391.125000 717.693600
357.035700 696.407500 390.084900 720.554300
355.508800 699.115600 388.950500 723.500100
353.904300 701.929300 387.781200 726.564200
352.257400 704.823800 386.600000 729.722000
350.567500 707.796400 385.398400 732.972400
348.841400 710.853200 384.171500 736.280200
347.061700 713.947900 382.901800 739.667100
345.240600 717.126500 381.601400 743.124200
343.396200 720.384700 380.292300 746.667700
341.517100 723.688800 378.979500 750.265100
339.619000 727.060600 377.646600 753.931400
337.697800 730.488300 376.288700 757.653500
335.746300 733.965100 374.935900 761.444500
333.767200 737.500800 373.536300 765.273700
331.787300 741.093200 372.144200 769.169200
329.802100 744.697600 370.777700 773.055600
327.822700 748.252900 369.400800 776.876800
325.882900 751.750500 368.056900 780.643700
323.953700 755.221900 366.724600 784.391200
322.019400 758.698600 365.352200 788.160500
320.037700 762.177600 363.954500 791.913000
318.097700 765.622300 362.586300 795.624300
316.183200 769.057500 361.266000 799.345100
314.250000 772.494900 359.897100 803.066300
312.275800 775.931500 358.463000 806.784900
310.254000 779.359500 357.007900 810.524800
308.122800 782.782800 355.455600 814.272100
305.862800 786.166800 353.788900 818.021800
303.500700 789.503100 352.054700 821.753200
300.970800 792.776600 350.106000 825.422800
298.346100 795.948700 348.038500 828.995600
295.632400 799.046800 345.841700 832.512700
292.854400 802.131000 343.583600 836.018400
290.021900 805.167500 341.269500 839.480200
287.126600 808.146600 338.879700 842.916000
284.119000 811.063300 336.389400 846.296300
281.041800 813.860300 333.800100 849.565700
277.869300 816.545900 331.103700 852.734700
274.646800 819.105600 328.350200 855.788300
271.386100 821.531200 325.519700 858.694200
268.116800 823.813700 322.685200 861.470700
264.867100 825.970500 319.822800 864.124000
261.611600 828.060300 316.951300 866.703000
258.412200 830.064600 314.133000 869.187700
255.270800 831.964500 311.355000 871.571500
252.165400 833.785500 308.597300 873.851200
249.035500 835.465400 305.773500 876.135300
245.676600 836.941500 302.924400 878.372000
242.526400 838.395100 300.232200 880.408700
239.649200 839.782300 297.728600 882.329800
236.954200 841.095200 295.414700 884.110400
234.477400 842.339200 293.249800 885.769400
232.193600 843.528700 291.257100 887.302700
230.093400 844.639300 289.454900 888.763300
228.164600 845.633300 287.769400 890.039800
226.339700 846.487500 286.132500 891.160700
224.559800 847.148600 284.532300 892.105100
222.862900 847.611100 282.960100 892.843300
221.160000 847.853200 281.275600 893.367600
219.343600 847.650900 279.493400 893.668400
217.613700 847.228800 277.759200 893.359600
215.983200 846.459000 275.997500 892.911800
214.496600 845.376700 274.295600 892.138200
213.166300 844.015600 272.696100 891.056600
211.989600 842.443000 271.170400 889.679100
210.942500 840.673500 269.788600 888.122200
210.015200 838.668700 268.477500 886.327200
209.177100 836.492300 267.246000 884.294400
208.420100 834.203400 266.064600 882.155700
207.685300 831.756600 264.849800 879.825300
206.966400 829.169500 263.666700 877.378400
206.234900 826.499600 262.446100 874.843000
205.491300 823.727800 261.220500 872.210000
204.726900 820.872900 259.935600 869.508000
203.960100 817.947300 258.569100 866.774900
203.188700 814.944500 257.212600 863.949100
202.387700 811.853000 255.821600 861.033900
201.557100 808.685000 254.399100 858.040900
200.707000 805.446700 252.964700 854.990700
199.837600 802.169300 251.472800 851.928400
198.959100 798.853000 250.069500 848.775500
198.078300 795.512000 248.589400 845.642400
197.208100 792.134200 247.051300 842.495300
196.331500 788.727300 245.474900 839.325100
195.393800 785.296400 243.924300 836.103800
194.407000 781.832200 242.278800 832.886500
193.372100 778.361600 240.593800 829.658400
192.268500 774.862700 238.783800 826.452000
191.104500 771.351900 236.944500 823.221200
189.900200 767.803200 235.085400 819.953000
188.697400 764.215300 233.176300 816.662500
187.525500 760.573100 231.373500 813.271000
186.417200 756.874800 229.576900 809.853100
185.391100 753.140200 227.840500 806.388900
184.425300 749.376100 226.129400 802.895200
183.505800 745.586000 224.511400 799.338900
182.630800 741.760500 222.974000 795.720700
181.799600 737.920600 221.444200 792.099700
180.995700 734.046000 219.921500 788.444400
180.235100 730.165100 218.433500 784.782000
179.509000 726.267300 217.026200 781.073400
178.782600 722.358000 215.527600 777.387800
178.060700 718.433400 214.065900 773.671700
177.362100 714.485400 212.660800 769.902700
176.683600 710.485300 211.189100 766.116700
176.012100 706.523900 209.800100 762.358700
175.366700 702.573200 208.383200 758.634500
174.771600 698.664000 207.065000 754.922800
174.208700 694.786000 205.735300 751.258100
173.664500 690.971400 204.495300 747.627900
173.120400 687.194400 203.210500 744.052400
172.609800 683.452500 202.008100 740.496100
172.111300 679.757200 200.803700 736.973600
171.620100 676.075400 199.538800 733.497200
171.116500 672.425100 198.286500 730.042400
170.597300 668.791300 197.047700 726.596900
170.061700 665.158300 195.813400 723.138200
169.508500 661.515700 194.605300 719.652900
168.924400 657.855800 193.314000 716.177000
168.353600 654.164700 192.050100 712.664300
167.787000 650.469600 190.795000 709.144600
167.241700 646.760000 189.559600 705.604000
166.711700 643.033600 188.356500 702.043500
166.161900 639.298500 187.106800 698.476000
165.603300 635.547200 185.862300 694.900800
165.019900 631.781100 184.553000 691.316900
164.407900 627.989800 183.228700 687.705900
163.795100 624.165700 181.908900 684.066100
163.188600 620.333500 180.600200 680.419700
162.585900 616.485800 179.282900 676.751600
162.003800 612.637200 177.990400 673.097600
161.404000 608.796100 176.709700 669.444000
160.758000 604.972100 175.406200 665.801500
160.133600 601.135300 174.084400 662.141600
159.495800 597.273400 172.737800 658.449900
158.840300 593.366000 171.412300 654.722300
158.208600 589.447000 170.084900 650.985500
157.580800 585.515400 168.787500 647.214200
156.942900 581.558400 167.461600 643.436000
156.315100 577.584700 166.120300 639.646800
155.693100 573.602200 164.800600 635.844000
155.097900 569.612100 163.451700 632.050800
154.494600 565.631700 162.130600 628.248200
153.882900 561.635800 160.756900 624.461200
153.275400 557.661700 159.411100 620.682700
152.657100 553.699500 158.075400 616.910800
152.007000 549.736100 156.721900 613.136500
151.335500 545.780700 155.364700 609.377800
150.702300 541.830000 154.062300 605.603500
150.111100 537.863200 152.762000 601.803500
149.565800 533.878000 151.444800 598.014300
149.070700 529.886400 150.108800 594.220500
148.583300 525.892200 148.828200 590.413400
148.098100 521.899600 147.576500 586.603300
147.615200 517.906000 146.300700 582.789200
147.078600 513.924800 144.975500 579.002400
146.557400 509.928000 143.683300 575.199900
145.990800 505.947400 142.386400 571.394700
145.414200 501.983900 141.100800 567.619100
144.839400 498.023200 139.767100 563.849100
144.237000 494.066600 138.385900 560.078000
143.642200 490.086700 136.976500 556.322200
143.093600 486.100600 135.624300 552.530600
142.520000 482.109500 134.212400 548.756500
141.953600 478.120000 132.932700 544.936800
141.409200 474.120700 131.625800 541.113200
140.866200 470.116800 130.283600 537.309500
140.329900 466.129000 129.000100 533.504900
139.802900 462.170200 127.696000 529.746100
139.285200 458.259400 126.427600 526.024800
138.767400 454.380800 125.162800 522.325200
138.265200 450.537100 123.913600 518.670300
137.781900 446.703500 122.663900 515.026700
137.326700 442.890000 121.484300 511.361500
136.905100 439.064700 120.329400 507.685500
136.518100 435.237300 119.148500 504.031800
136.143200 431.414200 118.016100 500.360000
135.825400 427.592200 116.990900 496.659500
135.543200 423.737300 115.968600 492.925300
135.270100 419.908100 114.946900 489.213800
135.035900 416.031200 114.023100 485.439600
134.860400 412.167200 113.109200 481.682900
134.729600 408.319200 112.225200 477.948700
134.657500 404.515600 111.443200 474.239000
134.622800 400.768700 110.695700 470.587600
134.596400 397.079600 110.009300 466.981600
134.623000 393.460300 109.373800 463.437500
134.664700 389.903700 108.724700 459.955600
134.742900 386.395400 108.185800 456.502600
134.849100 382.945500 107.657400 453.107100
134.972000 379.565400 107.158400 449.783900
135.131800 376.244700 106.679300 446.516000
135.333900 373.018200 106.252900 443.335400
135.556500 369.861200 105.902100 440.206800
135.838900 366.777100 105.617300 437.146100
136.225700 363.791900 105.449000 434.161300
136.738700 360.891300 105.389400 431.241900
137.359000 358.081000 105.488900 428.374000
138.112400 355.303200 105.719900 425.497600
138.966200 352.534800 105.999600 422.612500
139.893600 349.805900 106.369000 419.771300
140.896000 347.157200 106.852600 417.001300
141.971400 344.579000 107.424000 414.277600
143.130500 342.084500 108.125700 411.636900
144.392300 339.674500 108.935200 409.046100
145.777400 337.332100 109.871600 406.496400
147.331500 335.073900 110.964900 403.975800
149.057400 332.893100 112.241900 401.486600
150.967000 330.772000 113.757400 399.054100
153.050000 328.762800 115.450900 396.721200
155.286900 326.913400 117.296000 394.466000
157.696000 325.210700 119.298500 392.311400
160.258100 323.696400 121.572400 390.372000
162.973100 322.395300 124.025000 388.633900
165.832800 321.314600 126.655500 387.041500
168.823000 320.455500 129.429800 385.642100
171.915000 319.751800 132.347500 384.374800
175.093600 319.154400 135.383900 383.218400
178.356600 318.621500 138.508600 382.106400
181.670600 318.107800 141.644500 381.013500
184.954100 317.552100 144.846100 379.972900
188.360600 317.014600 148.109600 378.889800
191.810500 316.498600 151.425000 377.796600
195.303300 315.956300 154.769800 376.674700
198.810200 315.370500 158.111100 375.500200
202.319700 314.727700 161.457900 374.259100
205.854900 314.018600 164.788100 372.932000
209.382100 313.210000 168.090400 371.524700
212.873900 312.313500 171.310000 370.022400
216.282400 311.315800 174.464500 368.479300
219.602300 310.211800 177.492000 366.847100
222.828600 308.969500 180.425200 365.151600
225.892800 307.618500 183.192400 363.329200
228.857400 306.132600 185.825700 361.383300
231.705300 304.510000 188.325400 359.347600
234.404500 302.795000 190.661400 357.241100
236.964200 301.022400 192.818700 355.084200
239.357400 299.191600 194.829400 352.920600
241.573300 297.348000 196.624200 350.781000
243.583200 295.531300 198.216600 348.686300
245.364000 293.745300 199.594600 346.670700
246.928300 292.003400 200.758300 344.730400
248.255900 290.313300 201.700000 342.911400
249.318200 288.712300 202.422200 341.194800
250.170400 287.137600 202.945100 339.535400
250.789300 285.600000 203.259000 337.934000
251.165900 284.019700 203.343200 336.312200
251.314100 282.347000 203.205000 334.670600
251.208600 280.685900 202.815000 333.056000
250.772400 279.031200 202.045700 331.493200
249.999900 277.363100 200.880200 329.945600
248.862600 275.742500 199.427500 328.564600
247.391400 274.199800 197.663900 327.295200
245.604100 272.717600 195.610500 326.120300
243.606700 271.249000 193.343100 324.989300
241.483200 269.657000 190.924300 323.779900
239.255900 267.931300 188.374100 322.466800
236.942400 266.062700 185.738000 321.000900
234.573400 264.060900 183.015300 319.447800
232.194200 261.911300 180.283200 317.742900
229.828600 259.643500 177.558300 315.883900
227.459400 257.285700 174.805200 313.980500
225.117700 254.818300 172.062800 311.946600
222.794900 252.268100 169.332900 309.841600
220.539900 249.684100 166.682500 307.730200
218.379000 247.150200 164.164100 305.630500
216.331900 244.688600 161.774000 303.587700
214.447100 242.296600 159.541900 301.619600
212.738900 239.986300 157.492800 299.700700
211.155100 237.800000 155.572100 297.906400
209.645500 235.806000 153.781800 296.272600
208.153800 234.063200 152.027800 294.889700
206.642600 232.599300 150.318400 293.750900
205.050700 231.388700 148.600700 292.853300
203.386000 230.453900 146.777000 292.265400
201.568800 229.804200 144.824600 291.958800
199.652600 229.469400 142.868600 291.931200
197.649300 229.448700 140.923900 292.290400
195.695200 229.808500 139.039900 292.968000
193.757500 230.545900 137.198400 294.004800
191.873400 231.575500 135.468300 295.303100
190.008500 232.786900 133.846700 296.863900
188.027800 234.075600 132.030600 298.443800
185.893500 235.390300 130.089100 300.080500
183.609800 236.705800 128.014600 301.755200
181.165200 238.005100 125.729200 303.399000
178.517300 239.254000 123.274500 305.045500
175.726900 240.407000 120.642100 306.596400
172.707400 241.421200 117.808600 308.110700
169.603600 242.357600 114.894200 309.540800
166.445500 243.209000 111.952000 310.940200
163.269700 243.975200 108.916000 312.163400
160.018600 244.710100 105.817100 313.406700
156.736700 245.397400 102.682400 314.615700
153.408400 246.036100 99.488360 315.739200
150.090200 246.634600 96.326080 316.847300
146.806300 247.228400 93.189210 317.963500
143.505000 247.801600 90.031880 319.062400
140.209300 248.367500 86.880670 320.149800
136.935100 248.926700 83.752060 321.207900
133.701200 249.482000 80.667720 322.262000
130.512300 250.041400 77.633090 323.345800
127.368600 250.623000 74.646000 324.426100
124.279500 251.271600 71.732870 325.608100
121.226800 251.988400 68.856590 326.805200
118.235900 252.796200 66.041570 328.075100
115.296000 253.710500 63.288480 329.423600
112.410900 254.793600 60.589090 330.922400
109.550100 256.073600 57.927140 332.600000
106.765300 257.559400 55.327910 334.376700
104.058300 259.195200 52.863390 336.363000
101.451300 260.983800 50.520600 338.459500
98.958900 262.930000 48.289440 340.719800
96.560750 265.038400 46.221170 343.148400
94.233290 267.302400 44.234770 345.742700
91.992660 269.682500 42.402160 348.445500
89.872160 272.215300 40.749280 351.319400
87.867480 274.902800 39.241910 354.319900
85.990600 277.735000 37.831260 357.424700
84.244040 280.710100 36.653730 360.662100
82.619100 283.777000 35.586680 363.995300
81.079690 286.968600 34.614260 367.380400
79.784310 290.233300 33.913190 370.862600
78.568560 293.653400 33.240720 374.405800
77.471470 297.091000 32.718950 377.979700
76.507590 300.590600 32.301820 381.575900
75.684350 304.118500 32.106800 385.193700
74.993740 307.691900 32.018520 388.826100
74.448540 311.297700 32.080540 392.475300
74.042020 314.935900 32.279930 396.132100
73.771590 318.594800 32.631460 399.788300
73.715910 322.261900 33.042940 403.410800
73.769420 325.907700 33.545520 407.021400
73.817040 329.552100 34.080600 410.617200
74.000290 333.173500 34.650290 414.200100
74.172500 336.809200 35.281030 417.778000
74.344680 340.442200 35.947900 421.354500
74.514430 344.091300 36.653040 424.931600
74.662940 347.746700 37.345430 428.528400
74.736070 351.400000 37.989860 432.100800
74.769320 355.000700 38.627080 435.630000
74.814470 358.586500 39.228080 439.157100
74.746920 362.178000 39.775230 442.693200
74.686830 365.745600 40.342400 446.218900
74.555740 369.317000 40.840130 449.760000
74.360040 372.935200 41.298870 453.347400
74.109450 376.533900 41.689810 456.916300
73.828330 380.133100 42.037050 460.508800
73.476450 383.716600 42.328170 464.086900
73.062260 387.295400 42.569050 467.669300
72.635640 390.839200 42.786030 471.207400
72.123690 394.365700 42.863950 474.778900
71.585570 397.910500 42.899410 478.355200
70.976400 401.435000 42.860310 481.925500
70.311850 404.959700 42.756710 485.500500
69.602670 408.449900 42.656810 489.049900
68.879140 411.948200 42.562080 492.616200
68.139490 415.452800 42.403480 496.195100
67.432580 418.981100 42.277950 499.786100
66.735590 422.501800 42.155010 503.354900
66.031790 425.991100 42.036020 506.893100
65.337700 429.457600 41.938690 510.408200
64.678150 432.971500 41.785840 514.020500
64.092350 436.564700 41.773780 517.640400
63.538820 440.165700 41.756250 521.281700
63.089490 443.780200 41.886640 524.908900
62.687700 447.405600 42.112320 528.535900
62.395430 451.016900 42.426880 532.126000
62.179910 454.600300 42.797970 535.684900
62.016060 458.184800 43.225100 539.240700
61.878910 461.762700 43.682130 542.782900
61.782260 465.339800 44.159020 546.320300
61.711200 468.924000 44.722600 549.849900
61.669710 472.506000 45.270580 553.375700
61.695530 476.094800 45.911670 556.898100
61.729390 479.666900 46.569260 560.400300
61.822870 483.270300 47.197040 563.943600
61.924810 486.878100 47.909640 567.469300
62.056550 490.478600 48.608760 570.999100
62.176020 494.117900 49.331510 574.557100
62.266690 497.773900 50.033690 578.139600
62.330910 501.484400 50.717290 581.803700
62.383600 505.245100 51.425420 585.500000
62.456820 509.016300 52.133730 589.194800
62.639660 512.800600 53.027620 592.879900
62.868350 516.638100 53.909780 596.604200
63.106400 520.456700 54.821600 600.315500
63.367240 524.259400 55.734850 603.992600
63.593570 528.081800 56.670320 607.704400
63.801530 531.888200 57.502750 611.402700
64.024540 535.667900 58.349040 615.075800
64.206830 539.467500 59.169530 618.772100
64.344710 543.234900 59.947310 622.438800
64.496310 546.996900 60.698970 626.126800
64.631930 550.743000 61.420850 629.771100
64.749170 554.462700 62.146340 633.403600
64.914610 558.167300 62.889270 637.026900
65.103700 561.867200 63.675920 640.609400
65.335960 565.517200 64.550880 644.162500
65.569200 569.190200 65.323640 647.746400
65.794250 572.863800 66.119210 651.322100
65.979210 576.521900 66.874530 654.888200
66.180050 580.172300 67.680190 658.449400
66.362280 583.853000 68.465090 662.032800
66.538350 587.515200 69.258410 665.602400
66.682270 591.168900 69.979640 669.164000
66.777600 594.811400 70.712430 672.716700
66.890400 598.420300 71.403850 676.249400
67.026690 602.042900 72.122280 679.781400
67.177460 605.622900 72.948130 683.230500
67.323020 609.198300 73.668510 686.737600
67.450500 612.758000 74.411360 690.187800
67.653570 616.289300 75.234570 693.618200
67.878290 619.813700 76.068990 697.020600
68.154010 623.308500 76.848140 700.424900
68.437020 626.799600 77.688340 703.806300
68.771410 630.257700 78.638310 707.133000
69.202550 633.695200 79.588780 710.435600
69.600670 637.103300 80.544580 713.715900
70.036830 640.488700 81.508980 716.960800
70.506270 643.807100 82.518340 720.143500
70.892770 647.161500 83.430560 723.370000
71.232770 650.443300 84.294510 726.536200
71.580170 653.720500 85.092920 729.703400
71.988160 656.939000 85.934940 732.833700
72.305150 660.204100 86.719440 735.999700
72.604120 663.408400 87.457900 739.117800
72.917010 666.635000 88.164990 742.269700
73.242550 669.852400 88.874120 745.405300
73.637330 673.050100 89.721070 748.522100
74.027710 676.284300 90.574520 751.642600
74.459600 679.526800 91.460970 754.806800
74.950660 682.820100 92.410120 757.957200
75.485380 686.101000 93.406250 761.156800
75.997000 689.438300 94.408230 764.389900
76.620780 692.817900 95.531320 767.652900
77.255750 696.266300 96.534170 771.006700
77.860920 699.720200 97.692120 774.331200
78.456960 703.252300 98.777420 777.756100
79.046650 706.838300 99.876990 781.219100
79.748960 710.431700 101.020700 784.707700
80.377820 714.087800 102.144300 788.245400
80.984990 717.795000 103.332400 791.802000
81.568530 721.524100 104.489100 795.376100
82.226950 725.230100 105.701900 798.938400
82.971570 728.932500 106.914000 802.506900
83.716810 732.637800 108.194300 806.051500
84.461420 736.340000 109.516600 809.574400
85.205890 740.041500 110.898200 813.080300
85.988280 743.734800 112.312700 816.563500
86.881120 747.371500 113.784100 819.999500
87.770200 751.019300 115.220100 823.459700
88.659140 754.657900 116.690600 826.883200
89.568830 758.256300 118.187700 830.297400
90.529500 761.919200 119.689300 833.742100
91.504420 765.495400 121.258900 837.128400
92.518360 769.126400 122.813400 840.533000
93.541990 772.703400 124.410000 843.890500
94.615270 776.302000 126.053100 847.240300
95.687250 779.833200 127.672000 850.543500
96.764590 783.369100 129.318200 853.847000
97.857970 786.887700 131.003200 857.104200
98.977700 790.363900 132.667300 860.339400
100.102700 793.842400 134.375800 863.554800
101.281700 797.278800 136.118900 866.726300
102.480100 800.701200 137.848300 869.898300
103.706800 804.080200 139.599600 873.022100
104.948300 807.449200 141.338100 876.149000
106.192400 810.798000 143.030700 879.279600
107.467000 814.117100 144.792800 882.348400
108.775000 817.411500 146.593200 885.397700
110.077600 820.689800 148.372900 888.401300
111.337000 823.916800 150.072700 891.408300
112.595900 827.082700 151.870600 894.255200
113.862500 830.153000 153.591200 897.075200
115.118400 833.166500 155.269900 899.852000
116.423500 836.128900 157.028000 902.595200
117.895400 839.037200 158.866900 905.282700
119.447600 841.885100 160.788100 907.914400
121.088600 844.701900 162.792700 910.479600
122.872100 847.290700 164.849000 912.857900
124.724400 849.810800 166.960700 915.185100
126.575500 852.329600 169.168700 917.417600
128.426600 854.848600 171.392700 919.636300
130.276800 857.367000 173.677700 921.791200
132.127400 859.883600 175.914900 923.871100
133.992200 862.014800 178.028000 925.713200
135.814600 864.035300 180.093000 927.478500
137.604800 865.988300 182.108100 929.155800
139.298200 867.835900 183.965100 930.791400
140.919200 869.609300 185.824400 932.294300
142.486000 871.338400 187.595400 933.750100
143.940800 872.954000 189.272700 935.055500
145.300100 874.412900 190.795400 936.235600
146.559000 875.661600 192.217300 937.150700
147.650800 876.418400 193.259100 937.753500
148.685500 877.020600 194.319400 938.302600
149.713200 877.623900 195.399800 938.796600
150.732500 878.227900 196.505400 939.195600
151.742600 878.831700 197.647100 939.466500
152.808100 879.342000 198.839100 939.601300
154.068700 879.516900 200.144400 939.598400
155.413300 879.479400 201.538700 939.437400
156.888700 879.272300 203.028500 939.020100
158.478100 878.881900 204.592600 938.403400
160.134900 878.287500 205.913500 938.202600
161.860100 877.489100 207.322200 937.838800
163.672500 876.562600 208.727500 936.308400
165.594100 875.530000 210.133000 934.594300
167.624000 874.437100 211.738700 932.890000
169.770000 873.289900 213.425800 931.076600
172.035600 872.094100 215.177900 929.179200
174.385300 870.862300 217.050000 927.231900
176.854600 869.589200 218.967000 925.173300
179.401000 868.288100 220.955300 923.088300
181.975500 866.969700 222.932200 920.989600
184.536700 865.639500 224.925100 918.898800
187.062400 864.284700 226.855300 916.791700
189.538900 862.924800 228.764800 914.754600
191.918900 861.611300 230.556200 912.735900
194.206900 860.315700 232.271900 910.797000
196.343300 858.956400 233.936500 908.950600
198.368400 857.888200 235.450400 907.333200
200.275000 856.919100 236.971200 905.837100
202.193600 856.085800 238.458000 904.413200
204.073500 855.496400 240.047200 903.294600
205.960400 855.183900 241.752100 902.369700
207.864300 855.202100 243.519500 901.778500
209.713700 855.529100 245.384800 901.457600
211.499200 856.220700 247.326500 901.424700
213.188100 857.107700 249.338300 901.857600
214.784400 858.522000 251.336800 902.623500
216.227100 860.190500 253.267700 903.717400
217.589200 862.100400 255.202500 905.079400
218.870200 864.194100 257.123500 906.596800
220.036500 866.491500 258.998900 908.396300
221.092500 868.955100 260.848700 910.356400
222.159200 871.551200 262.750100 912.415500
223.261300 874.233400 264.743000 914.518700
224.402100 877.003500 266.768500 916.708600
225.538100 879.835200 268.775000 918.968100
226.647400 882.714200 270.752300 921.291800
227.713000 885.605500 272.718400 923.611200
228.729800 888.498800 274.623700 925.952700
229.740400 891.364700 276.552300 928.237900
230.756400 894.190300 278.465200 930.491400
231.798000 896.975600 280.401400 932.682100
232.862200 899.689300 282.289500 934.833000
234.006400 902.314400 284.238500 936.853800
235.284000 904.779800 286.263800 938.713800
236.717300 907.106500 288.421300 940.337100
238.297800 909.282700 290.556100 941.896100
240.026200 911.279800 292.830900 943.198800
241.899800 913.107900 295.213500 944.277000
243.969200 914.753500 297.648200 945.119100
246.167200 916.200700 300.217700 945.746000
248.519300 917.425900 302.840700 946.110600
250.970500 918.372900 305.501200 946.199500
253.540200 919.159700 308.209800 946.098500
256.240400 919.688000 310.951300 945.732600
259.064500 919.965800 313.749600 945.051800
262.004800 920.092700 316.567000 944.132900
265.032800 920.081200 319.453000 943.042900
268.210100 920.078400 322.426300 941.801000
271.495300 919.927300 325.417700 940.422800
274.820000 919.698100 328.449300 938.984500
278.229300 919.336300 331.538900 937.413800
281.674700 918.885400 334.608200 935.794600
285.133600 918.345800 337.642000 934.024000
288.622600 917.728600 340.714900 932.227300
292.132800 917.013700 343.761300 930.353900
295.617300 916.238200 346.742700 928.387100
299.090900 915.358200 349.710000 926.378400
302.533100 914.353500 352.613100 924.286100
305.943200 913.309900 355.465100 922.178400
309.311700 912.191400 358.245500 919.976000
312.679900 911.045400 361.012000 917.729700
316.061700 909.902400 363.813100 915.514500
319.450400 908.753400 366.569900 913.250200
322.840000 907.560400 369.348600 910.950900
326.249400 906.356000 372.136700 908.650800
329.691100 905.139800 374.944000 906.283700
333.195400 903.900600 377.798500 903.877400
336.754600 902.625300 380.687100 901.392400
340.384100 901.328400 383.642900 898.880100
344.064600 899.969000 386.661400 896.341800
347.769700 898.590900 389.657400 893.791400
351.401700 897.220500 392.548600 891.234200
354.975200 895.841100 395.407200 888.725500
358.485000 894.463600 398.207700 886.230300
361.949500 893.084300 400.952000 883.750400
365.336200 891.732700 403.582700 881.278700
368.619200 890.389400 406.158100 878.920100
371.749500 889.112100 408.541900 876.631100
374.681800 887.918900 410.719300 874.459700
377.389200 886.824500 412.785400 872.517100
379.874900 885.837000 414.701900 870.769900
382.177900 884.931600 416.507000 869.168300
384.328100 884.100300 418.165400 867.628400
386.400700 883.311200 419.786700 866.157000
388.376900 882.536800 421.353700 864.771200
390.309000 881.774800 422.892900 863.368600
392.306100 880.993700 424.515000 861.923800
394.377700 880.162100 426.246600 860.465300
396.550200 879.262200 427.993100 858.840900
398.842300 878.314900 429.845700 857.132700
401.259600 877.339000 431.788500 855.339300
403.789800 876.325100 433.832700 853.488800
406.435900 875.291100 435.985200 851.576900
409.217000 874.214500 438.245000 849.573400
412.118100 873.111300 440.579700 847.469400
415.118700 871.959800 443.023500 845.356300
418.218100 870.771000 445.509200 843.118200
421.393100 869.520300 448.038900 840.795000
424.627300 868.193200 450.578700 838.367500
427.914800 866.771900 453.192300 835.877200
431.247800 865.254500 455.752500 833.260700
434.552400 863.690400 458.296100 830.658900
437.807500 862.081600 460.734900 828.019400
440.966600 860.444200 463.090100 825.395300
444.049200 858.816700 465.325200 822.760400
447.069000 857.193700 467.548700 820.190800
450.037100 855.607100 469.748400 817.690800
452.944600 854.081100 471.970300 815.321000
455.777600 852.654400 474.094800 813.054300
458.467600 851.383400 476.093600 810.952900
460.990700 850.198200 477.976900 808.964900
463.426800 849.070300 479.816300 807.053400
465.787600 847.990900 481.617100 805.220400
468.094900 846.950600 483.390900 803.440800
470.366800 845.937300 485.157500 801.676300
472.708100 844.897600 486.976500 799.827400
475.121700 843.800400 488.845800 797.914300
477.587500 842.683800 490.833200 796.018700
480.152400 841.532300 492.871900 794.029800
482.766300 840.339500 494.912500 791.980300
485.445100 839.143200 497.007700 789.876500
488.188300 837.891400 499.093700 787.651800
490.987500 836.623000 501.286800 785.449900
493.803100 835.351100 503.459600 783.245100
496.624700 834.094400 505.643300 781.004100
499.474300 832.809600 507.847400 778.740100
502.358500 831.502600 510.090900 776.461900
505.286800 830.236700 512.354500 774.160900
508.248000 828.948300 514.600400 771.786100
511.244100 827.658100 516.899100 769.432500
514.267100 826.347100 519.132300 766.975300
517.327800 825.031500 521.435200 764.539800
520.388500 823.719100 523.877800 762.257600
523.389100 822.420300 526.221900 760.002800
526.283400 821.190400 528.463900 757.842500
529.057000 820.023600 530.552700 755.724300
531.704800 818.934000 532.638600 753.808300
534.226500 817.916400 534.562200 751.926500
536.656700 816.946600 536.445300 750.129300
539.023500 815.952900 538.298900 748.357100
541.317300 814.866300 540.004600 746.477100
543.532000 813.688600 541.656300 744.591200
545.686900 812.396800 543.207500 742.609000
547.734700 810.971800 544.613400 740.553400
549.629400 809.339400 545.791400 738.340600
551.297600 807.502100 546.699500 736.018800
552.779900 805.465100 547.362200 733.548100
554.025400 803.122900 547.724300 730.907800
555.053800 800.603800 547.805100 728.159400
555.833800 797.890700 547.609500 725.310500
556.486200 795.031700 547.229000 722.372800
557.103100 792.043700 546.749000 719.335700
557.706900 788.950900 546.220900 716.203700
558.314100 785.757400 545.632300 712.980800
558.963000 782.480200 545.059500 709.677900
559.664300 779.132300 544.538100 706.289600
560.383500 775.702500 543.987400 702.812000
561.143700 772.190100 543.452500 699.241600
561.955700 768.606200 542.943500 695.578000
562.794300 764.921400 542.350800 691.838600
563.665600 761.194600 541.772200 688.059100
564.512000 757.439400 541.198800 684.265500
565.360500 753.691900 540.625900 680.494200
566.202300 749.955700 540.083400 676.708400
567.038700 746.210000 539.579400 672.915600
567.914000 742.455400 539.020000 669.117200
568.809800 738.700200 538.511500 665.308700
569.651600 734.948800 537.939700 661.519800
570.504400 731.165000 537.429700 657.681700
571.381700 727.390900 536.928400 653.873200
572.231200 723.645800 536.409700 650.095100
573.054100 719.904800 535.861900 646.316900
573.889700 716.163100 535.302000 642.535600
574.718600 712.404800 534.766800 638.748700
575.527100 708.639600 534.148200 634.964100
576.261300 704.869800 533.525200 631.200900
576.930700 701.064300 532.866600 627.399600
577.575900 697.234700 532.069300 623.604300
578.192400 693.375300 531.243000 619.795300
578.778500 689.496000 530.374900 615.974700
579.345900 685.591800 529.526000 612.133900
579.857300 681.665400 528.575000 608.309000
580.310600 677.720500 527.642800 604.453900
580.758800 673.746400 526.658200 600.608900
581.155000 669.796200 525.663600 596.792000
581.510700 665.865700 524.625300 593.019800
581.822900 661.969700 523.543900 589.310800
582.077900 658.112900 522.462700 585.642300
582.273900 654.274900 521.316500 581.997000
582.437900 650.427100 520.118900 578.373400
582.599800 646.577200 518.914500 574.736200
582.753900 642.693800 517.693300 571.082300
582.851400 638.813400 516.356600 567.465800
582.898800 634.890000 515.024200 563.796700
582.982400 630.949500 513.723200 560.110600
583.073100 627.003400 512.478200 556.402900
583.192100 623.061600 511.214200 552.722600
583.328900 619.143000 509.953100 549.049300
583.475300 615.223700 508.721300 545.365800
583.625900 611.282200 507.477200 541.665200
583.720700 607.341100 506.264500 537.961200
583.834500 603.396300 504.977900 534.271400
583.934300 599.462000 503.743300 530.591300
584.036500 595.562800 502.524800 526.941600
584.162200 591.689200 501.308400 523.323700
584.227300 587.867900 500.058000 519.751200
584.317600 584.024500 498.875800 516.138900
584.499000 580.192700 497.745900 512.530200
584.808000 576.397200 496.752800 508.905300
585.238500 572.636300 495.881400 505.273200
585.796800 568.901300 495.139400 501.613300
586.480500 565.193700 494.463200 497.952400
587.248500 561.507600 493.869500 494.289100
588.029900 557.836500 493.353400 490.624000
588.838600 554.171600 492.836000 486.949900
589.673700 550.509400 492.325200 483.280900
590.516100 546.866500 491.818000 479.629400
591.343500 543.261900 491.271700 476.036200
592.132200 539.698600 490.768800 472.479600
592.828000 536.162600 490.182300 468.966800
593.460000 532.659000 489.517400 465.548500
594.031700 529.277200 488.867300 462.284500
594.554500 526.081000 488.232600 459.216000
595.075800 523.072600 487.683000 456.312400
595.617300 520.255100 487.207900 453.596400
596.166400 517.626800 486.804500 451.025200
596.704800 515.143200 486.423200 448.601100
597.194900 512.833500 486.073200 446.360100
597.576200 510.694300 485.701400 444.302000
597.786600 508.667900 485.207700 442.367800
597.747500 506.649500 484.502500 440.544600
597.514600 504.697700 483.609200 438.816100
597.070500 502.800000 482.532000 437.258200
596.402400 500.998300 481.196300 435.771400
595.438900 499.228700 479.625000 434.472300
594.162500 497.526700 477.814200 433.333700
592.513700 495.900800 475.749400 432.475100
590.635600 494.532500 473.472500 431.846600
588.500500 493.343000 471.010600 431.500500
586.178900 492.278900 468.444200 431.340700
583.738500 491.279000 465.763000 431.350000
581.166800 490.215600 462.953200 431.197000
578.490800 489.083700 460.016700 431.077000
575.723500 487.861500 456.973500 430.922100
572.904600 486.554700 453.860900 430.661000
570.042200 485.190900 450.699300 430.402400
567.169200 483.760200 447.506800 430.072600
564.280500 482.280300 444.275700 429.731100
561.350400 480.769600 441.005100 429.366400
558.405800 479.261600 437.703000 428.989700
555.376800 477.743300 434.341600 428.617300
552.348800 476.229900 430.993400 428.203700
549.309400 474.657200 427.611300 427.745000
546.268100 473.067100 424.210500 427.313600
543.205700 471.460400 420.782900 426.929000
540.123400 469.844900 417.338800 426.494500
537.055800 468.227900 413.930400 426.036900
534.039300 466.620500 410.571700 425.587300
531.070100 465.041900 407.282300 425.120800
528.189800 463.496400 404.086600 424.701700
525.392500 461.985300 400.977900 424.245300
522.696400 460.482700 397.983100 423.792100
520.138600 459.018200 395.137400 423.315300
517.756100 457.609300 392.491300 422.838700
515.544600 456.272300 390.015400 422.385900
513.468500 454.993400 387.670500 421.951000
511.515000 453.792000 385.482600 421.579000
509.647000 452.752700 383.416100 421.250000
507.816400 451.952700 381.489800 421.187300
506.024700 451.375100 379.560700 421.226800
504.164400 451.057300 377.674100 421.382000
502.213400 450.955500 375.890900 421.959900
500.360000 451.174600 374.197900 422.750300
498.532400 451.717400 372.618100 423.856000
496.762400 452.594900 371.206700 425.260500
495.085200 453.803100 369.970500 426.983200
493.512800 455.370800 368.968400 428.960400
492.140200 457.192000 368.556500 431.192800
490.899800 459.329000 368.066800 433.652800
489.697100 461.689000 367.659500 436.305500
488.436200 464.216900 367.211500 439.106700
487.065300 466.910000 366.772000 442.122200
485.589500 469.753000 366.287100 445.302300
484.009700 472.740300 365.758300 448.655400
482.314200 475.837000 365.167700 452.121300
480.567300 479.018100 364.559200 455.688200
478.766800 482.282500 363.980800 459.320100
476.977200 485.484200 363.321000 462.894900
475.149800 488.770200 362.669800 466.534600
473.326600 492.020400 362.023600 470.173200
471.475600 495.302800 361.331500 473.838600
469.568200 498.617300 360.664800 477.565300
467.651300 501.958900 359.960400 481.307100
465.708000 505.334400 359.213800 485.082200
463.769100 508.731500 358.463500 488.877600
461.845200 512.161900 357.799500 492.709800
459.919600 515.621400 357.009200 496.559100
457.939000 519.112900 356.368800 500.479600
455.953400 522.620500 355.553300 504.364700
453.935100 526.117100 354.849200 508.280200
451.928900 529.614300 354.123700 512.192300
449.964500 533.134600 353.441100 516.115600
448.010500 536.687300 352.763900 520.055400
446.054100 540.236000 352.093900 524.007600
444.056100 543.807900 351.408900 528.012900
442.049300 547.417800 350.727500 532.027700
440.037800 551.028500 350.023200 536.054500
438.025200 554.634600 349.330600 540.067600
435.977800 558.237500 348.591500 544.096400
433.919500 561.855000 347.877000 548.151400
431.843000 565.470100 347.175100 552.212700
429.767800 569.108300 346.483000 556.282100
427.667800 572.747600 345.724400 560.395300
425.537800 576.435200 344.969300 564.515800
423.436400 580.100900 344.223100 568.620900
421.318500 583.767700 343.440500 572.723400
419.219900 587.449100 342.710000 576.846200
417.120400 591.134600 341.926700 580.958800
415.005200 594.832500 341.232700 585.121500
412.888500 598.541400 340.491400 589.266000
410.755500 602.261600 339.695700 593.431500
408.648800 605.999000 338.930300 597.593000
406.499300 609.720300 338.113200 601.769700
404.349900 613.457900 337.364000 605.939400
402.219500 617.158900 336.546100 610.053400
400.144400 620.804100 335.816600 614.106100
398.088300 624.376000 335.079700 618.071100
396.094000 627.872100 334.391900 621.977900
394.096100 631.363900 333.681700 625.873200
392.096200 634.841100 332.945700 629.750600
390.122200 638.266000 332.269200 633.606300
388.138200 641.719200 331.540100 637.459300
386.190000 645.182000 330.815500 641.323900
384.289400 648.626900 330.125600 645.126500
382.388400 652.005600 329.423400 648.888200
380.473700 655.356700 328.703500 652.637000
378.503900 658.701400 328.002600 656.437400
376.494800 662.062000 327.225700 660.204500
374.499000 665.373200 326.500700 663.974600
372.495100 668.759000 325.779800 667.819100
370.503500 672.182700 325.101600 671.707000
368.470500 675.625200 324.386000 675.611300
366.423200 679.124800 323.646800 679.581300
364.370700 682.649600 322.910600 683.570300
362.295100 686.175900 322.154500 687.572900
360.227100 689.735900 321.407800 691.597200
358.182300 693.297500 320.711000 695.599900
356.109700 696.850900 319.988500 699.606200
354.085800 700.357400 319.273700 703.557500
352.038300 703.859700 318.557400 707.522200
350.008800 707.353700 317.819100 711.462000
347.982700 710.855500 317.066900 715.404000
345.942000 714.320900 316.326700 719.319900
343.906200 717.779200 315.565500 723.217500
341.889600 721.226700 314.819900 727.109300
339.882000 724.654800 314.087800 730.984800
337.868700 728.103400 313.359900 734.897200
335.866200 731.571800 312.635800 738.820900
333.967500 735.105200 311.919600 742.758200
332.130600 738.707000 311.215600 746.760000
330.109000 742.325700 310.508500 750.844100
328.052600 745.993300 309.829000 755.004400
325.960300 749.694700 309.091600 759.175100
323.882400 753.400900 308.358100 763.326400
321.810400 757.046400 307.662300 767.421000
319.688500 760.664000 306.895700 771.544500
317.595700 764.288500 306.108700 775.610700
315.554700 767.892700 305.301100 779.682500
313.514600 771.526200 304.481800 783.748600
311.450700 775.119600 303.613000 787.772800
309.357300 778.629400 302.797000 791.744300
307.194900 782.050500 301.841900 795.674000
304.937400 785.448200 300.806800 799.621200
302.592400 788.799400 299.719800 803.557700
300.153800 792.111000 298.545400 807.501100
297.624000 795.374800 297.253300 811.438600
294.927000 798.539300 295.847800 815.345300
292.185800 801.678500 294.340300 819.255300
289.192200 804.695700 292.709100 823.166000
286.151300 807.624000 290.953900 826.990200
283.065000 810.476300 289.117300 830.726700
280.007100 813.213700 287.183300 834.335200
276.942200 815.904300 285.169600 837.872800
273.811500 818.493600 283.041900 841.340100
270.605600 820.960500 280.810700 844.714500
267.321200 823.303700 278.447700 847.999400
264.005200 825.567800 276.058100 851.228700
260.657900 827.735000 273.605500 854.402100
257.273000 829.813900 271.108200 857.499200
253.861800 831.809200 268.557600 860.538200
250.446800 833.761300 265.979400 863.534000
247.052800 835.652800 263.425500 866.450900
243.677200 837.476800 260.884400 869.342800
240.295500 839.294300 258.320200 872.216900
236.906500 841.089700 255.734900 875.080000
233.510200 842.896300 253.161900 877.964000
230.131200 844.723000 250.591700 880.825700
226.769300 846.514500 248.066400 883.669900
223.408300 848.268000 245.449800 886.439600
220.026300 849.991200 242.876300 889.225600
216.652600 851.728000 240.269300 891.970500
213.269900 853.442300 237.670800 894.736700
209.880600 855.139200 235.015500 897.475300
206.468800 856.885000 232.332700 900.267700
203.010300 858.620500 229.650400 903.084000
199.502700 860.363300 226.969500 905.958200
196.002500 862.107300 224.269100 908.813800
192.526600 863.893400 221.617700 911.676600
189.070200 865.686900 218.940900 914.513300
185.622800 867.526100 216.340800 917.424100
182.188500 869.362900 213.712000 920.319200
178.750800 871.210600 211.102200 923.208200
175.314500 873.051400 208.499600 926.123700
171.878500 874.938000 205.920800 929.076500
168.464000 876.882000 203.382800 932.077800
165.093500 878.898700 200.893800 935.122500
161.793700 881.039600 198.514500 938.267300
158.553600 883.315600 196.231000 941.494900
155.369300 885.727000 194.076200 944.856900
152.279000 888.277000 192.059100 948.322600
149.259200 890.897300 190.114100 951.803900
146.298100 893.633000 188.267700 955.385900
143.341500 896.377900 186.445100 958.976400
140.419600 899.149000 184.676200 962.586700
137.428800 901.883400 182.841200 966.191700
134.430600 904.585400 181.020900 969.768600
131.430500 907.268900 179.158400 973.334900
128.400000 909.942700 177.266700 976.894100
125.387100 912.605700 175.428200 980.429400
122.446000 915.311700 173.603500 983.993700
