20.000000 0.000317
40.000000 0.000273
60.000000 0.000227
80.000000 0.000179
100.000000 0.000161
120.000000 0.000131
140.000000 0.000129
160.000000 0.000124
180.000000 0.000127
200.000000 0.000124
220.000000 0.000114
240.000000 0.000115
260.000000 0.000115
280.000000 0.000107
300.000000 0.000107
320.000000 0.000107
340.000000 0.000106
360.000000 0.000100
380.000000 0.000098
400.000000 0.000097
420.000000 0.000097
440.000000 0.000096
460.000000 0.000095
480.000000 0.000099
500.000000 0.000099
520.000000 0.000099
540.000000 0.000097
560.000000 0.000095
580.000000 0.000092
600.000000 0.000092
620.000000 0.000096
640.000000 0.000094
660.000000 0.000093
680.000000 0.000091
700.000000 0.000091
720.000000 0.000093
740.000000 0.000093
760.000000 0.000091
780.000000 0.000091
800.000000 0.000093
820.000000 0.000092
840.000000 0.000090
860.000000 0.000090
880.000000 0.000092
900.000000 0.000091
920.000000 0.000090
940.000000 0.000093
960.000000 0.000092
980.000000 0.000090
1000.000000 0.000088
1020.000000 0.000091
1040.000000 0.000090
1060.000000 0.000089
1080.000000 0.000087
1100.000000 0.000087
1120.000000 0.000090
1140.000000 0.000089
1160.000000 0.000088
1180.000000 0.000087
1200.000000 0.000087
1220.000000 0.000089
1240.000000 0.000088
1260.000000 0.000086
1280.000000 0.000086
1300.000000 0.000089
1320.000000 0.000088
1340.000000 0.000086
1360.000000 0.000086
1380.000000 0.000089
1400.000000 0.000088
1420.000000 0.000087
1440.000000 0.000086
1460.000000 0.000089
1480.000000 0.000089
1500.000000 0.000088
1520.000000 0.000087
1540.000000 0.000090
1560.000000 0.000090
1580.000000 0.000089
1600.000000 0.000088
1620.000000 0.000091
1640.000000 0.000091
1660.000000 0.000091
1680.000000 0.000089
1700.000000 0.000089
1720.000000 0.000091
1740.000000 0.000091
1760.000000 0.000088
1780.000000 0.000088
1800.000000 0.000091
1820.000000 0.000090
1840.000000 0.000089
1860.000000 0.000089
1880.000000 0.000092
1900.000000 0.000092
1920.000000 0.000090
1940.000000 0.000090
1960.000000 0.000093
1980.000000 0.000091
2000.000000 0.000090
2020.000000 0.000093
2040.000000 0.000092
2060.000000 0.000089
2080.000000 0.000086
2100.000000 0.000090
2120.000000 0.000089
2140.000000 0.000087
2160.000000 0.000085
2180.000000 0.000082
2200.000000 0.000087
2220.000000 0.000087
2240.000000 0.000085
2260.000000 0.000085
2280.000000 0.000085
2300.000000 0.000085
2320.000000 0.000086
2340.000000 0.000087
2360.000000 0.000094
2380.000000 0.000103
2400.000000 0.000123
2420.000000 0.000149
