20.000000 0.027629
40.000000 0.025104
60.000000 0.022501
80.000000 0.021162
100.000000 0.020354
120.000000 0.019508
140.000000 0.018860
160.000000 0.018743
180.000000 0.018936
200.000000 0.019067
220.000000 0.018894
240.000000 0.019098
260.000000 0.019428
280.000000 0.019624
300.000000 0.019796
320.000000 0.020153
340.000000 0.020608
360.000000 0.020919
380.000000 0.021103
400.000000 0.021490
420.000000 0.021938
440.000000 0.022296
460.000000 0.022572
480.000000 0.022905
500.000000 0.023458
520.000000 0.024042
540.000000 0.024576
560.000000 0.025253
580.000000 0.025937
600.000000 0.026589
620.000000 0.026961
640.000000 0.027483
660.000000 0.028023
680.000000 0.028500
700.000000 0.029013
720.000000 0.029278
740.000000 0.029849
760.000000 0.030350
780.000000 0.030928
800.000000 0.031184
820.000000 0.031744
840.000000 0.032270
860.000000 0.032831
880.000000 0.033140
900.000000 0.033674
920.000000 0.034283
940.000000 0.034627
960.000000 0.035304
980.000000 0.035973
1000.000000 0.036656
1020.000000 0.037147
1040.000000 0.037872
1060.000000 0.038597
1080.000000 0.039463
1100.000000 0.040314
1120.000000 0.040631
1140.000000 0.041279
1160.000000 0.041976
1180.000000 0.042717
1200.000000 0.043537
1220.000000 0.043879
1240.000000 0.044787
1260.000000 0.045619
1280.000000 0.046564
1300.000000 0.046979
1320.000000 0.047843
1340.000000 0.048665
1360.000000 0.049576
1380.000000 0.049909
1400.000000 0.050736
1420.000000 0.051535
1440.000000 0.052369
1460.000000 0.052664
1480.000000 0.053612
1500.000000 0.054466
1520.000000 0.055307
1540.000000 0.055629
1560.000000 0.056527
1580.000000 0.057374
1600.000000 0.058285
1620.000000 0.058596
1640.000000 0.059483
1660.000000 0.060433
1680.000000 0.061372
1700.000000 0.062403
1720.000000 0.062686
1740.000000 0.063633
1760.000000 0.064591
1780.000000 0.065668
1800.000000 0.065864
1820.000000 0.066913
1840.000000 0.068044
1860.000000 0.069192
1880.000000 0.069248
1900.000000 0.070432
1920.000000 0.071763
1940.000000 0.073000
1960.000000 0.072877
1980.000000 0.073896
2000.000000 0.074403
2020.000000 0.074205
2040.000000 0.073985
2060.000000 0.073736
2080.000000 0.073403
2100.000000 0.072980
2120.000000 0.072395
2140.000000 0.071586
2160.000000 0.070748
2180.000000 0.069554
2200.000000 0.068551
2220.000000 0.067320
2240.000000 0.066024
2260.000000 0.064436
2280.000000 0.063120
2300.000000 0.061766
2320.000000 0.061295
2340.000000 0.060630
2360.000000 0.059920
2380.000000 0.058771
2400.000000 0.057749
2420.000000 0.055934
