0 0.000229 0.011304 100.000000 12.195122
0 0.000249 0.010930 200.000000 15.384615
0 0.000238 0.015268 300.000000 17.543859
0 0.000239 0.027896 400.000000 19.138756
0 0.000176 0.039911 500.000000 20.325203
0 0.000151 0.041606 600.000000 21.126760
0 0.000137 0.042666 700.000000 21.806854
0 0.000121 0.043129 800.000000 22.284122
10 0.000306 0.012212 100.000000 12.987013
10 0.000237 0.009645 200.000000 16.129032
10 0.000245 0.012189 300.000000 18.181818
10 0.000251 0.025663 400.000000 19.704433
10 0.000171 0.036960 500.000000 20.833334
10 0.000148 0.037991 600.000000 21.582733
10 0.000133 0.038672 700.000000 22.222221
10 0.000118 0.039056 800.000000 22.662889
20 0.000308 0.009583 100.000000 13.888889
20 0.000228 0.009256 200.000000 16.949152
20 0.000247 0.012643 300.000000 18.867924
20 0.000233 0.026450 400.000000 20.304569
20 0.000173 0.036236 500.000000 21.367521
20 0.000148 0.036902 600.000000 22.140221
20 0.000134 0.037888 700.000000 22.653721
20 0.000118 0.038844 800.000000 23.121387
30 0.000318 0.010006 100.000000 14.925373
30 0.000217 0.008297 200.000000 17.857143
30 0.000253 0.011113 300.000000 19.607843
30 0.000208 0.026870 400.000000 21.052631
30 0.000167 0.033793 500.000000 22.026432
30 0.000147 0.034143 600.000000 22.641510
30 0.000129 0.034729 700.000000 23.178808
30 0.000116 0.036069 800.000000 23.529411
40 0.000258 0.010523 100.000000 16.129032
40 0.000189 0.006167 200.000000 18.867924
40 0.000256 0.008209 300.000000 20.408163
40 0.000190 0.023487 400.000000 21.739130
40 0.000161 0.029729 500.000000 22.624434
40 0.000143 0.029467 600.000000 23.166023
40 0.000124 0.030238 700.000000 23.648649
40 0.000112 0.031965 800.000000 23.952095
50 0.000190 0.011310 100.000000 17.241379
50 0.000168 0.005107 200.000000 19.801981
50 0.000244 0.008257 300.000000 21.276596
50 0.000180 0.023792 400.000000 22.471910
50 0.000153 0.028206 500.000000 23.148148
50 0.000134 0.027002 600.000000 23.715416
50 0.000116 0.027313 700.000000 24.054983
50 0.000104 0.028779 800.000000 24.316109
60 0.000189 0.010153 100.000000 18.518518
60 0.000180 0.005125 200.000000 20.618557
60 0.000249 0.013388 300.000000 21.897810
60 0.000170 0.028927 400.000000 22.988506
60 0.000139 0.030287 500.000000 23.696682
60 0.000122 0.027644 600.000000 24.096386
60 0.000107 0.027018 700.000000 24.475525
60 0.000099 0.027559 800.000000 24.691359
70 0.000243 0.007440 100.000000 19.230770
70 0.000239 0.009410 200.000000 21.276596
70 0.000258 0.022221 300.000000 22.556391
70 0.000180 0.037628 400.000000 23.529411
70 0.000143 0.037225 500.000000 24.154589
70 0.000129 0.034350 600.000000 24.489796
70 0.000114 0.033719 700.000000 24.822695
70 0.000099 0.033593 800.000000 25.000000
80 0.000279 0.009732 100.000000 20.408163
80 0.000280 0.010852 200.000000 21.978022
80 0.000264 0.025904 300.000000 23.255814
80 0.000163 0.039316 400.000000 24.096386
80 0.000134 0.037297 500.000000 24.509804
80 0.000121 0.035430 600.000000 24.896265
80 0.000105 0.032980 700.000000 25.089605
80 0.000093 0.032376 800.000000 25.316456
90 0.000177 0.010464 100.000000 21.276596
90 0.000274 0.007970 200.000000 22.471910
90 0.000268 0.022367 300.000000 23.809525
90 0.000140 0.033418 400.000000 24.539877
90 0.000118 0.029618 500.000000 24.875622
90 0.000107 0.026883 600.000000 25.210085
90 0.000095 0.025015 700.000000 25.362318
90 0.000086 0.024822 800.000000 25.477707
100 0.000175 0.011567 100.000000 21.739130
100 0.000320 0.010810 200.000000 23.255814
100 0.000207 0.029857 300.000000 24.390244
100 0.000136 0.034589 400.000000 24.844721
100 0.000117 0.029067 500.000000 25.252525
100 0.000101 0.025374 600.000000 25.423729
100 0.000092 0.023578 700.000000 25.547445
100 0.000084 0.023078 800.000000 25.723473
110 0.000223 0.005282 100.000000 22.222221
110 0.000287 0.010726 200.000000 23.809525
110 0.000176 0.028083 300.000000 24.793388
110 0.000147 0.027963 400.000000 25.157232
110 0.000128 0.022282 500.000000 25.510204
110 0.000109 0.019835 600.000000 25.641026
110 0.000099 0.019870 700.000000 25.830257
110 0.000092 0.021211 800.000000 25.889967
120 0.000247 0.006385 100.000000 22.727272
120 0.000268 0.012822 200.000000 24.096386
120 0.000177 0.029428 300.000000 25.210085
120 0.000146 0.024891 400.000000 25.477707
120 0.000131 0.018803 500.000000 25.773195
120 0.000115 0.017792 600.000000 25.862068
120 0.000100 0.019020 700.000000 25.925926
120 0.000102 0.020652 800.000000 25.974026
130 0.000367 0.008084 100.000000 23.255814
130 0.000277 0.016595 200.000000 24.691359
130 0.000140 0.029876 300.000000 25.423729
130 0.000125 0.022218 400.000000 25.641026
130 0.000114 0.017209 500.000000 25.906736
130 0.000096 0.013510 600.000000 25.974026
130 0.000090 0.014740 700.000000 26.119404
130 0.000089 0.016397 800.000000 26.143791
140 0.000407 0.008275 100.000000 23.809525
140 0.000224 0.026526 200.000000 25.000000
140 0.000154 0.028896 300.000000 25.641026
140 0.000136 0.020139 400.000000 25.974026
140 0.000115 0.014043 500.000000 26.041666
140 0.000105 0.012555 600.000000 26.086956
140 0.000089 0.014714 700.000000 26.217228
140 0.000095 0.016789 800.000000 26.229507
150 0.000394 0.005095 100.000000 23.809525
150 0.000197 0.024398 200.000000 25.641026
150 0.000186 0.022030 300.000000 25.862068
150 0.000156 0.013502 400.000000 26.143791
150 0.000126 0.013113 500.000000 26.178011
150 0.000114 0.017034 600.000000 26.200872
150 0.000106 0.020957 700.000000 26.315790
150 0.000115 0.025346 800.000000 26.315790
160 0.000350 0.006277 100.000000 25.000000
160 0.000228 0.021978 200.000000 25.974026
160 0.000209 0.012370 300.000000 26.086956
160 0.000181 0.008645 400.000000 26.315790
160 0.000150 0.016043 500.000000 26.315790
160 0.000128 0.022880 600.000000 26.315790
160 0.000125 0.027247 700.000000 26.415094
160 0.000135 0.033461 800.000000 26.402639
170 0.000262 0.004380 100.000000 25.641026
170 0.000266 0.015109 200.000000 26.315790
170 0.000222 0.004512 300.000000 26.315790
170 0.000198 0.014499 400.000000 26.315790
170 0.000157 0.024969 500.000000 26.455027
170 0.000140 0.033744 600.000000 26.431719
170 0.000136 0.037119 700.000000 26.415094
170 0.000140 0.059788 800.000000 26.490067
180 0.000192 0.013310 100.000000 25.641026
180 0.000312 0.004734 200.000000 26.315790
180 0.000259 0.014250 300.000000 26.548672
180 0.000208 0.026855 400.000000 26.490067
180 0.000175 0.036221 500.000000 26.455027
180 0.000142 0.044254 600.000000 26.548672
180 0.000144 0.048124 700.000000 26.515152
180 0.000181 0.085723 800.000000 26.490067
190 0.000176 0.013640 100.000000 26.315790
190 0.000356 0.006586 200.000000 26.315790
190 0.000266 0.023146 300.000000 26.548672
190 0.000200 0.035868 400.000000 26.490067
190 0.000176 0.044133 500.000000 26.455027
190 0.000154 0.049443 600.000000 26.548672
190 0.000161 0.055590 700.000000 26.515152
190 0.000176 0.099978 800.000000 26.490067
200 0.000418 0.022332 100.000000 26.315790
200 0.000324 0.009799 200.000000 26.315790
200 0.000254 0.025199 300.000000 26.548672
200 0.000199 0.035396 400.000000 26.490067
200 0.000157 0.044073 500.000000 26.455027
200 0.000158 0.047451 600.000000 26.431719
200 0.000163 0.054892 700.000000 26.515152
200 0.000205 0.105014 800.000000 26.402639
210 0.000610 0.010431 100.000000 25.641026
210 0.000378 0.025417 200.000000 26.315790
210 0.000290 0.038779 300.000000 26.315790
210 0.000218 0.050272 400.000000 26.490067
210 0.000188 0.059387 500.000000 26.455027
210 0.000171 0.062176 600.000000 26.431719
210 0.000171 0.091722 700.000000 26.415094
210 0.000221 0.113806 800.000000 26.402639
220 0.000541 0.007601 100.000000 25.641026
220 0.000349 0.024666 200.000000 26.315790
220 0.000233 0.037306 300.000000 26.315790
220 0.000196 0.044851 400.000000 26.315790
220 0.000149 0.050823 500.000000 26.455027
220 0.000163 0.053196 600.000000 26.431719
220 0.000191 0.102111 700.000000 26.415094
220 0.000188 0.111887 800.000000 26.315790
230 0.000490 0.008292 100.000000 25.641026
230 0.000292 0.024857 200.000000 26.315790
230 0.000193 0.034529 300.000000 26.315790
230 0.000171 0.040276 400.000000 26.315790
230 0.000138 0.043333 500.000000 26.455027
230 0.000151 0.048959 600.000000 26.431719
230 0.000211 0.105776 700.000000 26.415094
230 0.000161 0.110504 800.000000 26.315790
240 0.000190 0.006996 100.000000 25.641026
240 0.000138 0.010239 200.000000 25.974026
240 0.000107 0.013003 300.000000 26.315790
240 0.000096 0.018712 400.000000 26.315790
240 0.000104 0.019816 500.000000 26.315790
240 0.000118 0.031825 600.000000 26.431719
240 0.000177 0.105559 700.000000 26.315790
240 0.000135 0.100127 800.000000 26.229507
250 0.000166 0.004443 100.000000 25.641026
250 0.000149 0.005499 200.000000 25.974026
250 0.000103 0.013039 300.000000 26.315790
250 0.000083 0.019382 400.000000 26.315790
250 0.000083 0.020498 500.000000 26.315790
250 0.000107 0.075804 600.000000 26.315790
250 0.000167 0.106168 700.000000 26.315790
250 0.000125 0.100276 800.000000 26.229507
260 0.000120 0.008710 100.000000 25.641026
260 0.000064 0.005229 200.000000 25.974026
260 0.000076 0.005993 300.000000 26.315790
260 0.000055 0.008684 400.000000 26.315790
260 0.000080 0.010467 500.000000 26.315790
260 0.000127 0.101156 600.000000 26.315790
260 0.000129 0.106720 700.000000 26.315790
260 0.000112 0.096793 800.000000 26.143791
270 0.000111 0.006535 100.000000 25.641026
270 0.000076 0.005707 200.000000 25.974026
270 0.000076 0.006691 300.000000 26.315790
270 0.000065 0.007388 400.000000 26.315790
270 0.000100 0.012104 500.000000 26.315790
270 0.000173 0.111370 600.000000 26.315790
270 0.000117 0.107517 700.000000 26.217228
270 0.000137 0.097186 800.000000 26.143791
280 0.000200 0.010565 100.000000 25.641026
280 0.000079 0.006484 200.000000 25.974026
280 0.000076 0.009701 300.000000 26.315790
280 0.000084 0.010040 400.000000 26.315790
280 0.000103 0.046627 500.000000 26.315790
280 0.000180 0.120491 600.000000 26.315790
280 0.000129 0.109410 700.000000 26.217228
280 0.000136 0.098554 800.000000 26.058632
290 0.000102 0.009542 100.000000 25.641026
290 0.000081 0.004359 200.000000 25.974026
290 0.000051 0.007727 300.000000 26.315790
290 0.000054 0.008001 400.000000 26.315790
290 0.000096 0.096924 500.000000 26.315790
290 0.000165 0.120609 600.000000 26.200872
290 0.000119 0.108893 700.000000 26.119404
290 0.000128 0.097685 800.000000 26.058632
300 0.000021 0.007507 100.000000 25.641026
300 0.000061 0.004578 200.000000 25.974026
300 0.000049 0.003704 300.000000 26.315790
300 0.000078 0.005566 400.000000 26.315790
300 0.000131 0.130961 500.000000 26.315790
300 0.000128 0.122961 600.000000 26.200872
300 0.000110 0.108159 700.000000 26.119404
300 0.000122 0.096963 800.000000 26.058632
310 0.000030 0.009562 100.000000 25.641026
310 0.000045 0.005239 200.000000 25.974026
310 0.000056 0.004537 300.000000 26.086956
310 0.000094 0.005339 400.000000 26.315790
310 0.000185 0.133054 500.000000 26.178011
310 0.000119 0.123201 600.000000 26.200872
310 0.000141 0.108232 700.000000 26.022305
310 0.000120 0.096644 800.000000 26.058632
320 0.000038 0.004679 100.000000 25.641026
320 0.000023 0.003972 200.000000 25.974026
320 0.000050 0.003424 300.000000 26.086956
320 0.000083 0.080085 400.000000 26.315790
320 0.000179 0.142516 500.000000 26.178011
320 0.000123 0.123448 600.000000 26.086956
320 0.000130 0.107650 700.000000 26.022305
320 0.000120 0.095966 800.000000 26.058632
330 0.000064 0.004742 100.000000 25.641026
330 0.000021 0.004216 200.000000 25.974026
330 0.000063 0.003060 300.000000 26.086956
330 0.000158 0.148974 400.000000 26.143791
330 0.000175 0.142775 500.000000 26.178011
330 0.000121 0.124038 600.000000 26.086956
330 0.000133 0.108365 700.000000 26.022305
330 0.000123 0.097180 800.000000 26.058632
340 0.000102 0.002978 100.000000 25.641026
340 0.000059 0.002644 200.000000 25.974026
340 0.000105 0.007646 300.000000 26.086956
340 0.000152 0.162048 400.000000 26.143791
340 0.000147 0.146133 500.000000 26.178011
340 0.000153 0.125233 600.000000 25.974026
340 0.000136 0.109538 700.000000 26.022305
340 0.000129 0.098737 800.000000 26.058632
350 0.000033 0.004139 100.000000 25.641026
350 0.000077 0.006429 200.000000 25.974026
350 0.000113 0.019916 300.000000 26.086956
350 0.000215 0.177725 400.000000 26.143791
350 0.000126 0.146523 500.000000 26.041666
350 0.000152 0.124785 600.000000 25.974026
350 0.000131 0.108776 700.000000 25.925926
350 0.000122 0.097683 800.000000 26.143791
360 0.000067 0.011084 100.000000 25.641026
360 0.000078 0.003785 200.000000 25.974026
360 0.000108 0.141051 300.000000 26.086956
360 0.000226 0.178002 400.000000 26.143791
360 0.000150 0.148278 500.000000 26.041666
360 0.000154 0.125961 600.000000 25.862068
360 0.000140 0.110191 700.000000 26.022305
360 0.000129 0.099669 800.000000 26.143791
370 0.000095 0.003108 100.000000 25.641026
370 0.000103 0.007542 200.000000 25.974026
370 0.000182 0.198588 300.000000 26.086956
370 0.000179 0.180191 400.000000 25.974026
370 0.000129 0.147699 500.000000 25.906736
370 0.000138 0.124978 600.000000 25.862068
370 0.000132 0.108902 700.000000 26.022305
370 0.000120 0.097843 800.000000 26.143791
380 0.000069 0.009265 100.000000 25.641026
380 0.000116 0.004869 200.000000 25.974026
380 0.000267 0.219581 300.000000 26.086956
380 0.000153 0.181615 400.000000 25.974026
380 0.000170 0.148561 500.000000 25.906736
380 0.000142 0.125394 600.000000 25.862068
380 0.000132 0.109594 700.000000 26.022305
380 0.000131 0.098713 800.000000 26.143791
390 0.000153 0.014192 100.000000 25.641026
390 0.000170 0.054341 200.000000 25.974026
390 0.000281 0.236480 300.000000 26.086956
390 0.000143 0.182789 400.000000 25.974026
390 0.000175 0.149023 500.000000 25.773195
390 0.000147 0.126000 600.000000 25.862068
390 0.000139 0.110566 700.000000 26.022305
390 0.000132 0.100039 800.000000 26.143791
400 0.000092 0.009330 100.000000 25.641026
400 0.000133 0.210049 200.000000 25.974026
400 0.000277 0.236490 300.000000 25.862068
400 0.000165 0.183864 400.000000 25.806452
400 0.000176 0.149338 500.000000 25.773195
400 0.000157 0.126490 600.000000 25.862068
400 0.000141 0.111355 700.000000 26.119404
400 0.000138 0.101009 800.000000 26.229507
410 0.000185 0.008953 100.000000 25.641026
410 0.000272 0.296611 200.000000 25.974026
410 0.000228 0.241013 300.000000 25.862068
410 0.000173 0.184436 400.000000 25.806452
410 0.000170 0.150121 500.000000 25.773195
410 0.000159 0.127492 600.000000 25.974026
410 0.000143 0.112545 700.000000 26.119404
410 0.000136 0.102712 800.000000 26.229507
420 0.000223 0.009101 100.000000 25.641026
420 0.000398 0.328341 200.000000 25.641026
420 0.000191 0.241845 300.000000 25.862068
420 0.000214 0.185410 400.000000 25.641026
420 0.000167 0.150204 500.000000 25.773195
420 0.000149 0.127557 600.000000 25.974026
420 0.000149 0.112489 700.000000 26.119404
420 0.000135 0.102666 800.000000 26.143791
430 0.000177 0.159171 100.000000 25.641026
430 0.000369 0.354288 200.000000 25.641026
430 0.000188 0.243575 300.000000 25.641026
430 0.000189 0.184896 400.000000 25.641026
430 0.000154 0.149055 500.000000 25.773195
430 0.000144 0.126113 600.000000 25.974026
430 0.000137 0.110560 700.000000 26.119404
430 0.000126 0.100239 800.000000 26.143791
440 0.000244 0.470949 100.000000 25.641026
440 0.000386 0.354364 200.000000 25.641026
440 0.000213 0.244546 300.000000 25.641026
440 0.000205 0.185808 400.000000 25.641026
440 0.000178 0.150873 500.000000 25.773195
440 0.000156 0.128581 600.000000 26.086956
440 0.000153 0.113946 700.000000 26.119404
440 0.000135 0.104594 800.000000 26.143791
450 0.000365 0.644599 100.000000 25.000000
450 0.000245 0.360109 200.000000 25.641026
450 0.000165 0.243930 300.000000 25.641026
450 0.000175 0.184874 400.000000 25.641026
450 0.000157 0.149175 500.000000 25.773195
450 0.000143 0.126228 600.000000 26.086956
450 0.000130 0.111103 700.000000 26.119404
450 0.000116 0.106345 800.000000 26.058632
460 0.000542 0.656695 100.000000 25.000000
460 0.000175 0.360184 200.000000 25.316456
460 0.000205 0.244551 300.000000 25.423729
460 0.000152 0.183638 400.000000 25.641026
460 0.000131 0.147471 500.000000 25.906736
460 0.000131 0.123980 600.000000 26.086956
460 0.000116 0.108100 700.000000 26.119404
460 0.000136 0.103290 800.000000 25.974026
470 0.000570 0.446423 100.000000 25.000000
470 0.000203 0.233015 200.000000 25.316456
470 0.000196 0.157907 300.000000 25.423729
470 0.000159 0.119275 400.000000 25.641026
470 0.000140 0.097163 500.000000 25.906736
470 0.000133 0.083348 600.000000 26.086956
470 0.000121 0.075165 700.000000 26.119404
470 0.000158 0.075349 800.000000 25.889967
480 0.000252 0.220819 100.000000 25.000000
480 0.000074 0.120037 200.000000 25.316456
480 0.000102 0.081992 300.000000 25.423729
480 0.000095 0.061387 400.000000 25.641026
480 0.000085 0.049484 500.000000 26.041666
480 0.000098 0.042215 600.000000 26.086956
480 0.000085 0.038299 700.000000 26.119404
480 0.000140 0.042343 800.000000 25.806452
490 0.000135 0.082054 100.000000 25.000000
490 0.000069 0.045634 200.000000 25.316456
490 0.000118 0.032277 300.000000 25.423729
490 0.000107 0.026351 400.000000 25.806452
490 0.000104 0.024323 500.000000 26.041666
490 0.000094 0.025352 600.000000 26.200872
490 0.000087 0.031361 700.000000 26.022305
490 0.000156 0.034392 800.000000 25.723473
500 0.000218 0.072447 100.000000 25.000000
500 0.000030 0.040027 200.000000 25.000000
500 0.000045 0.028304 300.000000 25.423729
500 0.000045 0.022003 400.000000 25.806452
500 0.000051 0.018161 500.000000 26.041666
500 0.000052 0.015005 600.000000 26.200872
500 0.000082 0.020890 700.000000 25.925926
500 0.000121 0.030204 800.000000 25.559105
510 0.000162 0.028630 100.000000 25.000000
510 0.000034 0.017589 200.000000 25.000000
510 0.000051 0.015683 300.000000 25.423729
510 0.000051 0.012984 400.000000 25.974026
510 0.000056 0.011214 500.000000 26.178011
510 0.000058 0.008626 600.000000 26.086956
510 0.000106 0.013939 700.000000 25.830257
510 0.000128 0.029686 800.000000 25.396826
520 0.000164 0.023949 100.000000 24.390244
520 0.000034 0.017011 200.000000 25.000000
520 0.000051 0.013389 300.000000 25.641026
520 0.000053 0.011019 400.000000 25.974026
520 0.000070 0.008700 500.000000 26.178011
520 0.000062 0.007884 600.000000 26.086956
520 0.000129 0.014132 700.000000 25.735294
520 0.000145 0.041337 800.000000 25.236593
530 0.000197 0.029023 100.000000 24.390244
530 0.000131 0.012100 200.000000 25.000000
530 0.000106 0.006411 300.000000 25.641026
530 0.000104 0.005679 400.000000 25.974026
530 0.000092 0.009559 500.000000 26.178011
530 0.000085 0.016908 600.000000 26.086956
530 0.000165 0.021499 700.000000 25.641026
530 0.000159 0.047842 800.000000 25.078369
540 0.000290 0.032631 100.000000 24.390244
540 0.000157 0.013058 200.000000 25.316456
540 0.000120 0.006429 300.000000 25.862068
540 0.000116 0.008354 400.000000 26.143791
540 0.000104 0.013532 500.000000 26.178011
540 0.000133 0.018839 600.000000 25.974026
540 0.000173 0.035646 700.000000 25.454546
540 0.000162 0.052156 800.000000 24.844721
550 0.000174 0.026739 100.000000 24.390244
550 0.000129 0.013800 200.000000 25.316456
550 0.000102 0.007061 300.000000 26.086956
550 0.000098 0.006430 400.000000 26.315790
550 0.000092 0.010408 500.000000 26.178011
550 0.000148 0.016530 600.000000 25.862068
550 0.000174 0.037349 700.000000 25.362318
550 0.000155 0.049916 800.000000 24.464832
560 0.000196 0.023121 100.000000 24.390244
560 0.000145 0.009075 200.000000 25.641026
560 0.000111 0.006285 300.000000 26.086956
560 0.000123 0.009409 400.000000 26.315790
560 0.000095 0.015215 500.000000 26.178011
560 0.000175 0.020648 600.000000 25.751074
560 0.000188 0.050769 700.000000 25.179855
560 0.000163 0.055045 800.000000 24.024025
570 0.000094 0.013820 100.000000 25.000000
570 0.000065 0.011040 200.000000 25.974026
570 0.000074 0.008619 300.000000 26.315790
570 0.000067 0.004851 400.000000 26.315790
570 0.000067 0.010957 500.000000 26.178011
570 0.000163 0.019729 600.000000 25.641026
570 0.000152 0.045344 700.000000 25.000000
570 0.000138 0.047867 800.000000 23.598820
580 0.000106 0.019762 100.000000 25.000000
580 0.000075 0.014979 200.000000 25.974026
580 0.000069 0.012238 300.000000 26.315790
580 0.000065 0.008277 400.000000 26.490067
580 0.000122 0.014449 500.000000 26.041666
580 0.000155 0.027327 600.000000 25.531916
580 0.000147 0.044961 700.000000 24.734982
580 0.000134 0.048445 800.000000 23.054754
590 0.000106 0.016875 100.000000 25.641026
590 0.000077 0.010769 200.000000 26.315790
590 0.000082 0.008296 300.000000 26.548672
590 0.000075 0.005562 400.000000 26.315790
590 0.000144 0.013247 500.000000 26.041666
590 0.000176 0.036311 600.000000 25.316456
590 0.000153 0.048565 700.000000 24.305555
590 0.000137 0.053258 800.000000 22.662889
600 0.000108 0.011240 100.000000 25.641026
600 0.000082 0.008575 200.000000 26.315790
600 0.000100 0.005225 300.000000 26.548672
600 0.000075 0.006257 400.000000 26.315790
600 0.000171 0.014529 500.000000 25.773195
600 0.000186 0.051379 600.000000 25.104603
600 0.000160 0.051853 700.000000 23.809525
600 0.000136 0.056176 800.000000 22.222221
610 0.000086 0.011250 100.000000 25.641026
610 0.000096 0.008971 200.000000 26.666666
610 0.000076 0.006528 300.000000 26.548672
610 0.000131 0.016682 400.000000 26.143791
610 0.000190 0.024514 500.000000 25.641026
610 0.000171 0.053572 600.000000 24.793388
610 0.000155 0.055467 700.000000 23.178808
610 0.000127 0.057023 800.000000 21.798365
620 0.000094 0.010855 100.000000 26.315790
620 0.000091 0.008829 200.000000 26.666666
620 0.000077 0.006638 300.000000 26.548672
620 0.000151 0.016593 400.000000 25.974026
620 0.000184 0.034863 500.000000 25.380711
620 0.000172 0.054898 600.000000 24.390244
620 0.000158 0.057828 700.000000 22.653721
620 0.000121 0.056574 800.000000 21.505377
630 0.000051 0.010852 100.000000 26.315790
630 0.000086 0.010171 200.000000 26.666666
630 0.000062 0.005863 300.000000 26.315790
630 0.000172 0.016761 400.000000 25.806452
630 0.000195 0.050973 500.000000 25.000000
630 0.000170 0.055172 600.000000 23.904383
630 0.000147 0.058809 700.000000 22.082020
630 0.000121 0.055067 800.000000 21.164021
640 0.000053 0.015062 100.000000 26.315790
640 0.000072 0.009525 200.000000 26.666666
640 0.000058 0.018624 300.000000 26.086956
640 0.000197 0.017617 400.000000 25.477707
640 0.000202 0.059981 500.000000 24.752476
640 0.000168 0.057328 600.000000 23.166023
640 0.000140 0.060192 700.000000 21.538462
640 0.000126 0.054613 800.000000 20.725389
650 0.000150 0.011692 100.000000 26.315790
650 0.000093 0.007493 200.000000 26.315790
650 0.000153 0.022460 300.000000 25.862068
650 0.000210 0.041503 400.000000 25.157232
650 0.000194 0.062923 500.000000 24.271845
650 0.000170 0.062848 600.000000 22.471910
650 0.000136 0.062680 700.000000 21.084337
650 0.000127 0.054650 800.000000 20.304569
660 0.000099 0.016053 100.000000 26.315790
660 0.000078 0.009618 200.000000 25.974026
660 0.000172 0.023541 300.000000 25.641026
660 0.000208 0.052193 400.000000 24.844721
660 0.000190 0.063097 500.000000 23.809525
660 0.000165 0.064103 600.000000 21.818182
660 0.000124 0.061068 700.000000 20.771513
660 0.000154 0.047804 800.000000 19.851116
670 0.000170 0.009069 100.000000 25.641026
670 0.000093 0.006983 200.000000 25.974026
670 0.000239 0.022322 300.000000 25.210085
670 0.000251 0.064273 400.000000 24.390244
670 0.000198 0.067514 500.000000 23.041475
670 0.000168 0.069399 600.000000 21.201414
670 0.000141 0.062830 700.000000 20.348837
670 0.001325 0.055312 800.000000 19.417477
680 0.000060 0.009161 100.000000 25.641026
680 0.000068 0.026906 200.000000 25.641026
680 0.000249 0.023129 300.000000 24.793388
680 0.000227 0.075190 400.000000 23.952095
680 0.000184 0.068627 500.000000 22.222221
680 0.000147 0.068642 600.000000 20.689655
680 0.000138 0.060619 700.000000 19.886364
680 0.001834 0.054286 800.000000 19.093079
690 0.000051 0.012994 100.000000 25.641026
690 0.000158 0.035896 200.000000 25.316456
690 0.000246 0.053767 300.000000 24.390244
690 0.000208 0.076000 400.000000 23.529411
690 0.000177 0.071481 500.000000 21.459227
690 0.000132 0.068388 600.000000 20.202021
690 0.000128 0.058567 700.000000 19.444445
700 0.000090 0.011734 100.000000 25.000000
700 0.000238 0.035390 200.000000 24.691359
700 0.000257 0.068714 300.000000 24.000000
700 0.000210 0.077387 400.000000 22.857143
700 0.000175 0.074200 500.000000 20.833334
700 0.000127 0.067984 600.000000 19.867550
700 0.000857 0.057832 700.000000 18.970190
710 0.000099 0.011899 100.000000 25.000000
710 0.000282 0.036144 200.000000 24.390244
710 0.000278 0.096918 300.000000 23.622047
710 0.000206 0.078773 400.000000 21.978022
710 0.000165 0.075766 500.000000 20.161291
710 0.000140 0.067092 600.000000 19.417477
710 0.001530 0.056995 700.000000 18.567638
720 0.000128 0.054875 100.000000 24.390244
720 0.000362 0.055830 200.000000 23.809525
720 0.000271 0.099570 300.000000 23.076923
720 0.000215 0.084780 400.000000 21.164021
720 0.000161 0.080395 500.000000 19.607843
720 0.000152 0.068840 600.000000 18.987341
730 0.000365 0.068384 100.000000 23.809525
730 0.000351 0.080065 200.000000 23.529411
730 0.000268 0.101086 300.000000 22.556391
730 0.000218 0.089057 400.000000 20.304569
730 0.000151 0.080710 500.000000 19.230770
730 0.000081 0.064883 600.000000 18.518518
740 0.000452 0.065371 100.000000 23.809525
740 0.000401 0.102540 200.000000 22.988506
740 0.000273 0.103812 300.000000 21.739130
740 0.000218 0.093432 400.000000 19.704433
740 0.000159 0.081311 500.000000 18.867924
740 0.001339 0.069940 600.000000 18.072289
750 0.000602 0.065471 100.000000 23.255814
750 0.000435 0.145801 200.000000 22.471910
750 0.000293 0.107291 300.000000 20.833334
750 0.000220 0.097530 400.000000 19.047619
750 0.000183 0.082087 500.000000 18.518518
750 0.001783 0.067772 600.000000 17.751480
760 0.000707 0.061192 100.000000 22.727272
760 0.000405 0.126128 200.000000 21.978022
760 0.000283 0.099574 300.000000 20.000000
760 0.000208 0.089034 400.000000 18.604650
760 0.000187 0.072170 500.000000 18.050541
770 0.000433 0.098479 100.000000 22.222221
770 0.000268 0.117938 200.000000 21.505377
770 0.000203 0.089824 300.000000 19.230770
770 0.000135 0.075744 400.000000 18.181818
770 0.000065 0.057954 500.000000 17.605635
780 0.000339 0.138568 100.000000 21.739130
780 0.000186 0.115782 200.000000 20.833334
780 0.000144 0.085026 300.000000 18.518518
780 0.000098 0.068474 400.000000 17.857143
780 0.001369 0.058425 500.000000 17.241379
790 0.000283 0.222300 100.000000 21.276596
790 0.000139 0.115141 200.000000 19.801981
790 0.000108 0.082264 300.000000 17.964071
790 0.000094 0.063396 400.000000 17.543859
790 0.002007 0.057088 500.000000 16.891891
800 0.000155 0.222190 100.000000 20.833334
800 0.000098 0.115011 200.000000 18.867924
800 0.000096 0.080510 300.000000 17.441860
800 0.000088 0.060596 400.000000 17.167381
800 0.002901 0.065111 500.000000 16.666666
810 0.000129 0.132245 100.000000 20.408163
810 0.000110 0.069888 200.000000 18.018019
810 0.000094 0.050678 300.000000 17.142857
810 0.000077 0.037136 400.000000 16.806723
820 0.000127 0.090242 100.000000 19.607843
820 0.000110 0.047552 200.000000 17.241379
820 0.000092 0.034173 300.000000 16.853933
820 0.000298 0.021776 400.000000 16.393442
830 0.000040 0.049634 100.000000 18.518518
830 0.000085 0.023243 200.000000 16.666666
830 0.000094 0.014246 300.000000 16.574585
830 0.002320 0.034999 400.000000 16.129032
840 0.000022 0.014891 100.000000 17.241379
840 0.000110 0.009456 200.000000 16.129032
840 0.000091 0.003577 300.000000 16.304348
840 0.002763 0.063821 400.000000 15.873015
850 0.000077 0.011123 100.000000 16.393442
850 0.000141 0.006081 200.000000 15.873015
850 0.000098 0.004188 300.000000 15.957447
860 0.000160 0.007844 100.000000 15.625000
860 0.000158 0.005883 200.000000 15.625000
860 0.000101 0.006493 300.000000 15.625000
870 0.000183 0.006503 100.000000 14.925373
870 0.000165 0.004349 200.000000 15.503876
870 0.000831 0.029897 300.000000 15.384615
880 0.000199 0.007984 100.000000 14.705882
880 0.000155 0.007529 200.000000 15.503876
880 0.002756 0.046057 300.000000 15.306123
890 0.000195 0.009299 100.000000 14.705882
890 0.000135 0.008473 200.000000 15.625000
890 0.003256 0.074325 300.000000 15.306123
900 0.000225 0.007704 100.000000 14.925373
900 0.000139 0.009300 200.000000 15.625000
900 0.004077 0.103287 300.000000 15.306123
910 0.000251 0.004181 100.000000 14.925373
910 0.000126 0.008528 200.000000 15.503876
920 0.000197 0.006254 100.000000 15.384615
920 0.000092 0.007863 200.000000 15.503876
930 0.000219 0.009828 100.000000 15.625000
930 0.000611 0.026711 200.000000 15.503876
940 0.000184 0.010810 100.000000 15.873015
940 0.003216 0.060556 200.000000 15.384615
950 0.000115 0.011860 100.000000 16.129032
950 0.004624 0.084747 200.000000 15.384615
960 0.000068 0.012573 100.000000 16.129032
960 0.005144 0.125217 200.000000 15.384615
970 0.000089 0.010602 100.000000 15.873015
970 0.007183 0.161515 200.000000 15.384615
980 0.000059 0.011527 100.000000 15.625000
990 0.001072 0.042644 100.000000 15.151515
1000 0.005167 0.096487 100.000000 14.705882
1010 0.009064 0.154660 100.000000 14.492754
1020 0.010280 0.227851 100.000000 14.492754
1030 0.013722 0.295843 100.000000 14.705882
