20.000000 0.000432
40.000000 0.000276
60.000000 0.000216
80.000000 0.000190
100.000000 0.000166
120.000000 0.000149
140.000000 0.000135
160.000000 0.000123
180.000000 0.000113
200.000000 0.000107
220.000000 0.000102
240.000000 0.000098
260.000000 0.000095
280.000000 0.000093
300.000000 0.000089
320.000000 0.000087
340.000000 0.000085
360.000000 0.000083
380.000000 0.000080
400.000000 0.000079
420.000000 0.000076
440.000000 0.000075
460.000000 0.000075
480.000000 0.000073
500.000000 0.000071
520.000000 0.000071
540.000000 0.000070
560.000000 0.000069
580.000000 0.000068
600.000000 0.000068
620.000000 0.000067
640.000000 0.000066
660.000000 0.000065
680.000000 0.000065
700.000000 0.000064
720.000000 0.000063
740.000000 0.000062
760.000000 0.000061
780.000000 0.000060
800.000000 0.000060
820.000000 0.000060
840.000000 0.000059
860.000000 0.000058
880.000000 0.000057
900.000000 0.000057
920.000000 0.000056
940.000000 0.000056
960.000000 0.000055
980.000000 0.000054
1000.000000 0.000053
1020.000000 0.000053
1040.000000 0.000052
1060.000000 0.000052
1080.000000 0.000052
1100.000000 0.000052
1120.000000 0.000052
1140.000000 0.000051
1160.000000 0.000051
1180.000000 0.000051
1200.000000 0.000050
1220.000000 0.000050
1240.000000 0.000049
1260.000000 0.000049
1280.000000 0.000049
1300.000000 0.000048
1320.000000 0.000048
1340.000000 0.000048
1360.000000 0.000048
1380.000000 0.000047
1400.000000 0.000047
1420.000000 0.000047
1440.000000 0.000047
1460.000000 0.000047
1480.000000 0.000046
1500.000000 0.000046
1520.000000 0.000046
1540.000000 0.000046
1560.000000 0.000046
1580.000000 0.000046
1600.000000 0.000046
1620.000000 0.000046
1640.000000 0.000046
1660.000000 0.000046
1680.000000 0.000046
1700.000000 0.000046
1720.000000 0.000046
1740.000000 0.000046
1760.000000 0.000046
1780.000000 0.000046
1800.000000 0.000046
1820.000000 0.000046
1840.000000 0.000046
1860.000000 0.000046
1880.000000 0.000046
1900.000000 0.000046
1920.000000 0.000045
1940.000000 0.000045
1960.000000 0.000045
1980.000000 0.000045
2000.000000 0.000045
2020.000000 0.000045
2040.000000 0.000045
2060.000000 0.000045
2080.000000 0.000044
2100.000000 0.000044
2120.000000 0.000044
2140.000000 0.000044
2160.000000 0.000044
2180.000000 0.000044
2200.000000 0.000043
2220.000000 0.000043
2240.000000 0.000044
2260.000000 0.000044
2280.000000 0.000044
2300.000000 0.000044
2320.000000 0.000044
2340.000000 0.000044
2360.000000 0.000044
2380.000000 0.000044
2400.000000 0.000044
2420.000000 0.000044
2440.000000 0.000044
2460.000000 0.000044
2480.000000 0.000044
2500.000000 0.000044
2520.000000 0.000045
2540.000000 0.000045
2560.000000 0.000045
2580.000000 0.000045
2600.000000 0.000045
2620.000000 0.000045
2640.000000 0.000045
2660.000000 0.000045
2680.000000 0.000045
2700.000000 0.000045
2720.000000 0.000044
2740.000000 0.000045
2760.000000 0.000045
2780.000000 0.000045
2800.000000 0.000045
2820.000000 0.000045
2840.000000 0.000046
2860.000000 0.000046
2880.000000 0.000046
2900.000000 0.000046
2920.000000 0.000046
2940.000000 0.000046
2960.000000 0.000046
2980.000000 0.000046
3000.000000 0.000046
3020.000000 0.000046
3040.000000 0.000046
3060.000000 0.000046
3080.000000 0.000046
3100.000000 0.000045
3120.000000 0.000045
3140.000000 0.000045
3160.000000 0.000045
3180.000000 0.000045
3200.000000 0.000045
3220.000000 0.000044
3240.000000 0.000044
3260.000000 0.000044
3280.000000 0.000044
3300.000000 0.000043
3320.000000 0.000043
3340.000000 0.000043
3360.000000 0.000043
3380.000000 0.000043
3400.000000 0.000043
3420.000000 0.000043
3440.000000 0.000043
3460.000000 0.000043
3480.000000 0.000043
3500.000000 0.000043
3520.000000 0.000043
3540.000000 0.000043
3560.000000 0.000043
3580.000000 0.000044
3600.000000 0.000045
3620.000000 0.000045
3640.000000 0.000048
3660.000000 0.000048
3680.000000 0.000047
3700.000000 0.000047
