20.000000 0.193411
40.000000 0.159949
60.000000 0.128381
80.000000 0.104943
100.000000 0.091750
120.000000 0.083175
140.000000 0.073522
160.000000 0.067712
180.000000 0.063215
200.000000 0.058454
220.000000 0.052851
240.000000 0.048900
260.000000 0.047020
280.000000 0.045390
300.000000 0.043127
320.000000 0.040796
340.000000 0.038884
360.000000 0.037142
380.000000 0.035603
400.000000 0.034179
420.000000 0.032830
440.000000 0.031930
460.000000 0.031021
480.000000 0.029998
500.000000 0.029150
520.000000 0.028358
540.000000 0.027666
560.000000 0.027082
580.000000 0.026687
600.000000 0.026080
620.000000 0.025453
640.000000 0.024580
660.000000 0.024058
680.000000 0.023529
700.000000 0.022837
720.000000 0.022502
740.000000 0.022412
760.000000 0.021945
780.000000 0.021627
800.000000 0.021277
820.000000 0.020921
840.000000 0.020415
860.000000 0.019961
880.000000 0.019718
900.000000 0.019673
920.000000 0.019384
940.000000 0.019263
960.000000 0.019327
980.000000 0.019223
1000.000000 0.019020
1020.000000 0.018811
1040.000000 0.018742
1060.000000 0.018628
1080.000000 0.018622
1100.000000 0.018738
1120.000000 0.018908
1140.000000 0.018972
1160.000000 0.019021
1180.000000 0.019050
1200.000000 0.019071
1220.000000 0.019053
1240.000000 0.019018
1260.000000 0.019043
1280.000000 0.019086
1300.000000 0.019005
1320.000000 0.018971
1340.000000 0.019309
1360.000000 0.019479
1380.000000 0.019478
1400.000000 0.019435
1420.000000 0.019415
1440.000000 0.019436
1460.000000 0.019409
1480.000000 0.019411
1500.000000 0.019323
1520.000000 0.019174
1540.000000 0.018984
1560.000000 0.018806
1580.000000 0.018722
1600.000000 0.018527
1620.000000 0.018389
1640.000000 0.018253
1660.000000 0.018035
1680.000000 0.017811
1700.000000 0.017639
1720.000000 0.017388
1740.000000 0.017134
1760.000000 0.016933
1780.000000 0.016771
1800.000000 0.016520
1820.000000 0.016261
1840.000000 0.015884
1860.000000 0.015565
1880.000000 0.015352
1900.000000 0.015053
1920.000000 0.014796
1940.000000 0.014526
1960.000000 0.014319
1980.000000 0.014241
2000.000000 0.014076
2020.000000 0.013781
2040.000000 0.013514
2060.000000 0.013112
2080.000000 0.012828
2100.000000 0.012546
2120.000000 0.012156
2140.000000 0.011891
2160.000000 0.011819
2180.000000 0.011824
2200.000000 0.011706
2220.000000 0.011595
2240.000000 0.011578
2260.000000 0.011469
2280.000000 0.011346
2300.000000 0.011300
2320.000000 0.011168
2340.000000 0.010897
2360.000000 0.010608
2380.000000 0.010711
2400.000000 0.010875
2420.000000 0.010916
2440.000000 0.010991
2460.000000 0.011156
2480.000000 0.011212
2500.000000 0.011252
2520.000000 0.011441
2540.000000 0.011597
2560.000000 0.011628
2580.000000 0.011563
2600.000000 0.011634
2620.000000 0.011663
2640.000000 0.011556
2660.000000 0.011466
2680.000000 0.011412
2700.000000 0.011234
2720.000000 0.010957
2740.000000 0.011182
2760.000000 0.011311
2780.000000 0.011216
2800.000000 0.011130
2820.000000 0.011235
2840.000000 0.011412
2860.000000 0.011415
2880.000000 0.011512
2900.000000 0.011594
2920.000000 0.011562
2940.000000 0.011395
2960.000000 0.011295
2980.000000 0.011224
3000.000000 0.011131
3020.000000 0.011017
3040.000000 0.010971
3060.000000 0.011003
3080.000000 0.010763
3100.000000 0.010522
3120.000000 0.010350
3140.000000 0.010237
3160.000000 0.010003
3180.000000 0.009690
3200.000000 0.009396
3220.000000 0.009098
3240.000000 0.008721
3260.000000 0.008506
3280.000000 0.008436
3300.000000 0.008339
3320.000000 0.008224
3340.000000 0.008164
3360.000000 0.008226
3380.000000 0.008153
3400.000000 0.008101
3420.000000 0.008031
3440.000000 0.007981
3460.000000 0.007831
3480.000000 0.007608
3500.000000 0.007434
3520.000000 0.007140
3540.000000 0.006746
3560.000000 0.006515
3580.000000 0.006226
3600.000000 0.005887
3620.000000 0.005600
3640.000000 0.005685
3660.000000 0.005793
3680.000000 0.005785
3700.000000 0.005742
