0.000000 -0.000000 0.000000 0.000000
0.287920 2.986691 0.274910 2.979032
0.971569 5.887651 0.943960 5.881865
2.050498 8.646240 2.010898 8.638332
3.483068 11.215600 3.419917 11.212220
5.252124 13.530580 5.173860 13.529450
7.315983 15.554830 7.236080 15.537380
9.617499 17.248350 9.530604 17.232430
12.138440 18.605410 12.025060 18.657970
14.845670 19.655580 14.725940 19.786020
17.710960 20.442900 17.570080 20.688860
20.708720 20.958900 20.597590 21.261080
23.853650 21.214680 23.778860 21.548460
27.127230 21.215640 27.087480 21.645260
30.502910 21.029600 30.490170 21.649190
33.942320 20.718590 33.970190 21.382690
37.526800 20.278900 37.627300 20.950630
41.305500 19.746480 41.480910 20.499730
45.281370 19.137530 45.537590 19.978540
49.442010 18.473180 49.769130 19.355360
53.784140 17.768220 54.178850 18.679130
58.319700 17.046980 58.786000 18.045640
63.045640 16.314830 63.579660 17.329410
67.933580 15.564290 68.518730 16.649420
72.949570 14.807080 73.597390 15.996140
78.112070 14.037650 78.834450 15.462170
83.403150 13.249300 84.175720 14.750670
88.827470 12.428430 89.662920 14.033650
94.384170 11.569350 95.285700 13.335540
100.052700 10.639880 100.979300 12.394790
105.791000 9.611618 106.769900 11.464940
111.620600 8.486629 112.645000 10.404420
117.518200 7.246929 118.583300 9.240736
123.481700 5.883248 124.587500 7.929958
129.500400 4.402279 130.600600 6.290723
135.583700 2.806947 136.729400 4.776399
141.730400 1.132152 142.933200 3.206938
147.930500 -0.644931 149.197400 1.581407
154.181200 -2.533182 155.532800 -0.111453
160.473700 -4.525316 161.892100 -1.981228
166.825700 -6.614701 168.262000 -4.088673
173.224500 -8.806086 174.751400 -6.072310
179.671400 -11.085600 181.279500 -8.186716
186.169900 -13.447970 187.853700 -10.403900
192.708700 -15.908790 194.437900 -12.824600
199.295800 -18.474840 201.052800 -15.316990
205.877000 -21.127230 207.682800 -17.918910
212.474400 -23.878960 214.290200 -20.658120
219.085400 -26.695130 220.922700 -23.428950
225.674300 -29.566300 227.547600 -26.254970
232.258400 -32.511370 234.183000 -29.085370
238.826600 -35.515520 240.804200 -31.979070
245.357100 -38.591140 247.339000 -35.021680
251.842400 -41.746310 253.816600 -38.171180
258.295100 -44.977770 260.347200 -41.276790
264.734000 -48.300070 266.784500 -44.645980
271.174400 -51.720410 273.307200 -47.939700
277.658000 -55.253110 279.920600 -51.282230
284.188500 -58.892510 286.627400 -54.650930
290.770400 -62.649290 293.273800 -58.369880
297.421200 -66.505210 299.951100 -62.218840
304.114100 -70.451700 306.773000 -66.017750
310.871400 -74.512450 313.672100 -69.902000
317.638300 -78.729880 320.496400 -74.072740
324.412000 -83.100090 327.390400 -78.278250
331.147700 -87.570510 334.329900 -82.439340
337.838900 -92.151540 341.052600 -86.978690
344.489200 -96.836160 347.783500 -91.568080
351.109400 -101.590900 354.533700 -96.159720
357.680900 -106.441100 361.206500 -100.874600
364.205100 -111.363100 367.869900 -105.587900
370.654300 -116.349400 374.458300 -110.387100
377.044400 -121.373300 381.034300 -115.143000
383.353100 -126.497900 388.532600 -116.910300
389.648900 -131.627300 391.571000 -122.690200
395.838500 -136.824400 398.064200 -127.512600
401.977500 -142.068800 404.360600 -132.570100
408.063900 -147.386100 410.578900 -137.726800
414.119900 -152.725600 416.921100 -142.710700
420.140100 -158.070100 423.108500 -147.859800
426.135700 -163.442300 429.184400 -153.137800
432.096100 -168.831000 435.095600 -158.566000
438.042000 -174.202900 441.061900 -163.903700
444.039200 -179.520000 447.086000 -169.217200
450.064000 -184.791600 453.050600 -174.557800
456.158000 -189.992400 459.146100 -179.746500
462.246200 -195.183000 465.407400 -184.726500
468.350900 -200.337600 471.510700 -189.873200
474.468300 -205.478700 477.473100 -195.204200
480.606000 -210.588600 483.679000 -200.173800
486.757700 -215.677000 489.762900 -205.345000
492.916600 -220.757600 495.902900 -210.453100
499.072200 -225.827000 501.989900 -215.623200
505.239000 -230.914300 508.075000 -220.791900
511.393900 -235.996900 514.226900 -225.876800
517.549300 -241.076200 520.461200 -230.851500
523.710600 -246.155700 526.440800 -236.145700
529.865100 -251.222800 532.573700 -241.233000
536.037700 -256.292500 538.540400 -246.541500
542.213600 -261.366100 545.172400 -250.423500
548.376000 -266.436600 551.179900 -255.697200
554.549300 -271.525400 557.244200 -260.905700
560.720400 -276.614600 563.360600 -266.066200
566.895900 -281.702100 569.063600 -271.667300
573.077300 -286.787100 574.940200 -277.100100
579.254000 -291.852900 581.201100 -282.021400
585.438300 -296.913900 587.199000 -287.320500
591.610800 -301.938300 592.976200 -292.744000
597.802700 -306.948800 598.853500 -298.110200
604.002400 -311.952300 604.831400 -303.386400
610.204100 -316.963500 610.895800 -308.569800
616.401400 -321.978100 617.149100 -313.511800
622.606700 -326.989100 623.138300 -318.792000
628.813800 -331.994200 629.406200 -323.722600
635.032400 -336.999800 635.408800 -328.963700
641.237400 -341.988600 641.430900 -334.185500
647.445400 -346.968600 647.502700 -339.335800
653.662300 -351.935500 653.494300 -344.571600
659.877900 -356.880600 659.420900 -349.875900
666.112000 -361.828900 665.489300 -355.024300
672.350500 -366.769500 671.404200 -360.355200
678.587600 -371.720300 677.319700 -365.690500
684.819800 -376.684200 683.397900 -370.842600
691.040800 -381.648800 689.318200 -376.170500
697.271000 -386.614300 695.288600 -381.444300
703.506500 -391.568600 701.056400 -386.921900
709.744100 -396.517700 707.212600 -391.978400
715.983900 -401.433800 713.219800 -397.174900
722.229600 -406.329600 719.125700 -402.484400
728.498300 -411.207700 724.986400 -407.847600
734.766400 -416.073400 730.898800 -413.143000
741.047900 -420.934000 736.954100 -418.287400
747.328900 -425.791700 742.762500 -423.704400
753.611600 -430.654100 748.670100 -429.022100
759.909100 -435.497600 754.816100 -434.069900
766.234600 -440.329500 760.946000 -439.141000
772.573000 -445.140400 766.979300 -444.333300
778.917600 -449.932200 773.035500 -449.488500
785.270600 -454.711000 779.074900 -454.644600
791.604400 -459.487600 785.181300 -459.699400
797.914000 -464.271400 791.204000 -464.828800
804.202800 -469.044800 797.372000 -469.752600
810.490200 -473.819600 803.423000 -474.830500
816.791500 -478.590500 809.590700 -479.760000
823.116400 -483.340400 815.387900 -485.149500
829.464500 -488.061400 821.112100 -490.616800
835.854100 -492.776100 827.221000 -495.696700
842.262300 -497.485400 833.459900 -500.625300
848.682700 -502.196400 839.609800 -505.681300
855.114700 -506.913500 845.964100 -510.517400
861.557000 -511.637000 847.436600 -513.648900
868.011600 -516.355400 853.183600 -519.180800
874.441900 -521.049300 859.300700 -524.273800
880.882200 -525.706500 865.335100 -529.426700
887.323800 -530.307900 863.515200 -527.605200
893.755000 -534.861900 857.379900 -522.683500
900.174200 -539.374300 855.463500 -520.887800
906.591000 -543.848100 853.446600 -519.214100
912.989900 -548.291900 851.412100 -517.602300
919.400600 -552.731200 857.328300 -522.681100
925.806600 -557.125700 863.300000 -527.644100
932.226300 -561.535200 868.236700 -533.357400
938.632500 -565.932700 866.188900 -531.770700
945.057500 -570.322000 872.253700 -536.664600
951.507700 -574.710200 878.432100 -541.435700
957.980400 -579.074900 884.720000 -546.066500
964.464000 -583.424600 890.863300 -550.911700
970.963300 -587.758200 896.983400 -555.753900
977.455300 -592.093300 903.178600 -560.518800
983.961700 -596.421100 909.320100 -565.360300
990.461700 -600.766400 915.491800 -570.173000
996.966300 -605.096100 921.655900 -574.977800
1003.471000 -609.407800 927.590600 -580.027500
1009.973000 -613.695400 929.913700 -585.303400
1016.458000 -617.959200 935.966900 -590.140700
1022.925000 -622.217200 941.410900 -595.453700
1029.367000 -626.452700 947.455900 -600.238900
1035.804000 -630.641600 953.595900 -604.830100
1042.231000 -634.798800 956.709100 -610.479300
1048.656000 -638.946200 962.916500 -614.940700
1055.084000 -643.051500 968.848600 -619.680900
1061.525000 -647.144100 975.094200 -624.055300
1067.966000 -651.185500 981.529800 -628.107700
1074.401000 -655.235300 987.879000 -632.304600
1080.840000 -659.293400 994.322700 -636.330000
1087.270000 -663.328400 1000.640000 -640.531300
1093.718000 -667.347400 1006.989000 -644.713700
1100.195000 -671.340900 1013.530000 -648.581800
1106.668000 -675.317100 1019.824000 -652.586700
1113.157000 -679.272000 1026.490000 -656.253500
1119.659000 -683.201000 1032.987000 -660.209700
1126.198000 -687.131900 1039.522000 -664.159800
1132.753000 -691.046400 1046.358000 -667.500300
1139.341000 -694.955400 1052.925000 -671.460400
1145.954000 -698.852200 1059.476000 -675.474800
1152.585000 -702.740800 1066.049000 -679.481500
1159.229000 -706.637800 1072.641000 -683.481300
1165.886000 -710.538400 1079.159000 -687.630100
1172.562000 -714.459000 1085.884000 -691.485600
1179.271000 -718.394000 1092.586000 -695.481000
1186.021000 -722.344800 1099.174000 -699.712200
1192.784000 -726.294800 1105.869000 -703.827500
1199.585000 -730.258400 1112.557000 -708.005600
1206.417000 -734.212600 1119.302000 -712.129600
1213.283000 -738.159200 1126.087000 -716.222900
1220.173000 -742.105200 1133.001000 -720.140800
1227.101000 -746.027900 1139.723000 -724.410500
1234.074000 -749.929400 1146.682000 -728.372700
1241.082000 -753.823500 1153.574000 -732.490400
1248.123000 -757.717500 1160.476000 -736.654100
1255.209000 -761.611600 1167.489000 -740.715600
1262.318000 -765.501500 1174.536000 -744.781800
1269.473000 -769.393200 1181.560000 -748.897400
1276.670000 -773.287000 1188.671000 -752.956700
1283.885000 -777.170800 1195.858000 -756.895000
1291.103000 -781.040700 1203.008000 -760.895500
1298.329000 -784.899000 1210.115000 -764.979000
1305.561000 -788.742100 1217.198000 -769.073600
1312.794000 -792.571300 1224.283000 -773.187000
1320.032000 -796.384600 1231.365000 -777.283400
1327.287000 -800.172300 1238.509000 -781.285600
1334.542000 -803.950000 1245.721000 -785.141400
1341.797000 -807.723100 1252.924000 -788.992900
1349.058000 -811.481900 1260.054000 -793.005800
1356.319000 -815.232700 1267.219000 -796.940500
1363.568000 -818.960500 1274.514000 -800.538700
1370.797000 -822.663500 1281.669000 -804.362900
1378.014000 -826.342400 1288.789000 -808.220400
1385.241000 -830.002800 1295.900000 -812.081300
1392.473000 -833.639800 1303.013000 -815.948500
1399.712000 -837.258600 1310.031000 -819.961700
1406.940000 -840.856000 1317.084000 -823.882000
1414.145000 -844.419900 1324.138000 -827.716700
1421.338000 -847.958700 1331.207000 -831.489500
1428.540000 -851.473700 1338.264000 -835.281000
1435.735000 -854.974700 1345.354000 -838.983000
1442.936000 -858.462100 1352.455000 -842.649500
1450.116000 -861.922600 1359.452000 -846.456400
1457.288000 -865.353900 1366.458000 -850.186100
1464.432000 -868.758100 1373.436000 -853.891400
1471.550000 -872.135000 1380.628000 -856.958400
1478.642000 -875.485100 1387.651000 -860.408300
1485.696000 -878.796500 1394.585000 -863.920800
1492.712000 -882.085000 1401.540000 -867.287100
1499.686000 -885.346400 1408.319000 -870.890700
1506.608000 -888.579300 1415.086000 -874.418100
1513.510000 -891.787400 1421.903000 -877.759900
1520.388000 -894.966500 1428.622000 -881.244300
1527.242000 -898.117000 1435.298000 -884.722000
1534.067000 -901.240100 1442.240000 -887.453300
1540.873000 -904.334900 1448.921000 -890.758900
1547.641000 -907.393900 1455.413000 -894.320300
1554.374000 -910.425200 1462.278000 -896.874400
1561.071000 -913.426300 1469.099000 -899.122700
1567.716000 -916.424100 1475.741000 -902.072600
1574.331000 -919.426300 1482.225000 -905.339200
1580.910000 -922.431500 1488.668000 -908.628400
1587.477000 -925.449400 1494.984000 -912.106500
1593.998000 -928.484000 1501.366000 -915.372200
1600.456000 -931.552300 1507.715000 -918.630100
1606.851000 -934.653500 1514.025000 -921.872200
1613.177000 -937.795300 1520.345000 -924.946900
1619.446000 -940.960600 1526.599000 -928.077500
1625.639000 -944.138700 1532.830000 -930.960200
1631.780000 -947.302000 1538.679000 -934.603700
1637.876000 -950.461600 1544.503000 -938.203900
1643.920000 -953.598100 1550.290000 -941.757900
1649.931000 -956.702500 1548.038000 -941.277200
1655.907000 -959.742900 1553.800000 -944.663200
1661.857000 -962.732200 1559.492000 -948.105800
1667.828000 -965.652000 1565.120000 -951.618200
1673.786000 -968.517000 1570.817000 -954.983300
1679.740000 -971.331200 1576.470000 -958.327200
1685.682000 -974.128800 1582.033000 -961.800000
1691.585000 -976.910500 1587.607000 -965.166400
1697.460000 -979.678900 1593.244000 -968.379100
1703.321000 -982.431100 1598.727000 -971.779700
1709.144000 -985.145100 1604.181000 -975.169000
1714.950000 -987.831400 1609.636000 -978.484200
1720.748000 -990.466700 1615.039000 -981.847400
1726.528000 -993.063100 1620.466000 -985.077700
1732.261000 -995.615600 1625.791000 -988.360700
1737.915000 -998.126400 1631.192000 -991.276600
1743.475000 -1000.590000 1636.434000 -994.293600
1748.971000 -1002.990000 1641.550000 -997.383300
1754.388000 -1005.375000 1646.675000 -1000.312000
1759.751000 -1007.751000 1651.651000 -1003.357000
1764.998000 -1010.123000 1656.701000 -1005.967000
1770.113000 -1012.467000 1661.413000 -1008.953000
1775.097000 -1014.785000 1666.078000 -1011.784000
1779.954000 -1017.080000 1670.549000 -1014.680000
1784.649000 -1019.347000 1674.925000 -1017.414000
1789.178000 -1021.604000 1679.107000 -1020.170000
1793.508000 -1023.881000 1683.099000 -1022.937000
1797.645000 -1026.269000 1686.921000 -1025.751000
1801.573000 -1028.814000 1690.502000 -1028.733000
1805.302000 -1031.525000 1693.941000 -1031.786000
1808.823000 -1034.439000 1697.121000 -1035.069000
1812.120000 -1037.563000 1700.005000 -1038.494000
1815.169000 -1040.921000 1702.522000 -1042.269000
1817.931000 -1044.484000 1704.885000 -1046.108000
1820.326000 -1048.207000 1706.909000 -1050.127000
1822.465000 -1052.152000 1708.591000 -1054.292000
1824.255000 -1056.260000 1709.908000 -1058.582000
1825.688000 -1060.491000 1710.830000 -1062.953000
1826.758000 -1064.825000 1711.351000 -1067.402000
1827.464000 -1069.230000 1711.571000 -1071.872000
1827.812000 -1073.687000 1711.407000 -1076.311000
1827.812000 -1078.165000 1710.929000 -1080.784000
1827.468000 -1082.643000 1710.026000 -1085.204000
1826.704000 -1087.072000 1708.921000 -1089.616000
1825.633000 -1091.489000 1707.304000 -1093.877000
1824.183000 -1095.811000 1705.412000 -1098.044000
1822.357000 -1099.995000 1703.170000 -1102.031000
1820.139000 -1103.994000 1700.561000 -1105.799000
1817.589000 -1107.799000 1697.599000 -1109.292000
1814.723000 -1111.351000 1694.359000 -1112.535000
1811.551000 -1114.626000 1690.821000 -1115.423000
1808.088000 -1117.606000 1686.982000 -1117.929000
1804.284000 -1120.246000 1682.966000 -1120.198000
1800.315000 -1122.623000 1678.730000 -1122.108000
1796.124000 -1124.692000 1674.319000 -1123.713000
1791.742000 -1126.471000 1669.757000 -1125.040000
1787.194000 -1127.955000 1665.049000 -1126.040000
1782.506000 -1129.180000 1660.224000 -1126.694000
1777.702000 -1130.193000 1655.318000 -1127.213000
1772.797000 -1131.038000 1650.317000 -1127.509000
1767.796000 -1131.740000 1645.258000 -1127.749000
1762.736000 -1132.348000 1640.159000 -1127.888000
1757.655000 -1132.885000 1635.048000 -1127.990000
1752.565000 -1133.366000 1629.932000 -1127.886000
1747.458000 -1133.818000 1624.806000 -1127.883000
1742.342000 -1134.251000 1619.668000 -1127.873000
1737.220000 -1134.667000 1614.534000 -1127.786000
1732.115000 -1135.064000 1609.433000 -1127.660000
1727.075000 -1135.441000 1604.398000 -1127.543000
1722.082000 -1135.788000 1599.417000 -1127.497000
1717.161000 -1136.086000 1594.518000 -1127.276000
1712.341000 -1136.271000 1589.740000 -1126.929000
1707.613000 -1136.285000 1585.088000 -1126.560000
1703.031000 -1136.085000 1580.602000 -1125.868000
1698.586000 -1135.613000 1576.262000 -1124.985000
1694.241000 -1134.791000 1572.008000 -1123.799000
1689.991000 -1133.671000 1567.894000 -1122.268000
1685.870000 -1132.171000 1563.895000 -1120.254000
1681.961000 -1130.284000 1560.193000 -1117.994000
1678.306000 -1127.996000 1556.797000 -1115.344000
1674.826000 -1125.267000 1553.739000 -1112.339000
1671.787000 -1122.274000 1551.029000 -1109.045000
1669.099000 -1118.972000 1548.658000 -1105.505000
1666.783000 -1115.408000 1546.529000 -1101.810000
1664.817000 -1111.609000 1544.901000 -1097.843000
1663.209000 -1107.637000 1544.667000 -1093.810000
1661.958000 -1103.507000 1545.352000 -1090.495000
1661.115000 -1099.284000 1545.482000 -1086.303000
1660.724000 -1094.939000 1542.633000 -1085.630000
1660.665000 -1090.516000 1542.562000 -1081.252000
1661.140000 -1086.159000 1542.689000 -1076.864000
1662.049000 -1081.841000 1540.304000 -1073.928000
1663.374000 -1077.556000 1543.417000 -1071.292000
1665.055000 -1073.325000 1546.088000 -1067.632000
1667.040000 -1069.131000 1547.084000 -1064.544000
1669.233000 -1064.989000 1550.303000 -1061.138000
1671.640000 -1060.840000 1553.589000 -1057.675000
1674.135000 -1056.683000 1556.741000 -1053.925000
1676.716000 -1052.451000 1560.012000 -1050.160000
1679.381000 -1048.145000 1563.598000 -1046.587000
