0 0.000119 0.014367 100.000000 6.289308
0 0.000101 0.009447 200.000000 6.666667
0 0.000049 0.013615 300.000000 7.194244
0 0.000029 0.012801 400.000000 7.312614
0 0.000035 0.013548 500.000000 7.587254
10 0.000071 0.012571 100.000000 6.211180
10 0.000099 0.008622 200.000000 6.666667
10 0.000034 0.010856 300.000000 7.194244
10 0.000027 0.009896 400.000000 7.299270
10 0.000041 0.010266 500.000000 7.575758
20 0.000047 0.010965 100.000000 6.134969
20 0.000097 0.008686 200.000000 6.666667
20 0.000030 0.010155 300.000000 7.194244
20 0.000025 0.009224 400.000000 7.299270
20 0.000034 0.009762 500.000000 7.552870
30 0.000070 0.009961 100.000000 5.952381
30 0.000105 0.009554 200.000000 6.688963
30 0.000026 0.010019 300.000000 7.211538
30 0.000020 0.008567 400.000000 7.312614
30 0.000027 0.008483 500.000000 7.541478
40 0.000072 0.008967 100.000000 5.847953
40 0.000116 0.010002 200.000000 6.734007
40 0.000027 0.010307 300.000000 7.246377
40 0.000031 0.009489 400.000000 7.326007
40 0.000037 0.010051 500.000000 7.518797
50 0.000062 0.008760 100.000000 5.847953
50 0.000106 0.011082 200.000000 6.779661
50 0.000034 0.010674 300.000000 7.281553
50 0.000036 0.010338 400.000000 7.366483
50 0.000039 0.011488 500.000000 7.485030
60 0.000108 0.009129 100.000000 5.988024
60 0.000106 0.013458 200.000000 6.896552
60 0.000039 0.013221 300.000000 7.352941
60 0.000040 0.012925 400.000000 7.434944
60 0.000032 0.013610 500.000000 7.429420
70 0.000109 0.009957 100.000000 6.211180
70 0.000080 0.016248 200.000000 7.042253
70 0.000046 0.015627 300.000000 7.481297
70 0.000047 0.015651 400.000000 7.518797
70 0.000029 0.015840 500.000000 7.418397
80 0.000092 0.010759 100.000000 6.451613
80 0.000087 0.015867 200.000000 7.220217
80 0.000045 0.015426 300.000000 7.614213
80 0.000048 0.016181 400.000000 7.619048
80 0.000037 0.016289 500.000000 7.440476
90 0.000127 0.008853 100.000000 6.711410
90 0.000080 0.013478 200.000000 7.380074
90 0.000045 0.013161 300.000000 7.751938
90 0.000055 0.014327 400.000000 7.722008
90 0.000043 0.015026 500.000000 7.440476
100 0.000165 0.002930 100.000000 6.896552
100 0.000102 0.009191 200.000000 7.518797
100 0.000045 0.008418 300.000000 7.832898
100 0.000058 0.009748 400.000000 7.797271
100 0.000048 0.010697 500.000000 7.342144
110 0.000201 0.002036 100.000000 6.896552
110 0.000103 0.009162 200.000000 7.547170
110 0.000051 0.008383 300.000000 7.894737
110 0.000059 0.009602 400.000000 7.858546
120 0.000208 0.003241 100.000000 6.849315
120 0.000091 0.007329 200.000000 7.575758
120 0.000052 0.007390 300.000000 7.894737
120 0.000059 0.009486 400.000000 7.905138
130 0.000198 0.004594 100.000000 6.849315
130 0.000085 0.006580 200.000000 7.575758
130 0.000053 0.006899 300.000000 7.812500
130 0.000054 0.009324 400.000000 7.920792
140 0.000176 0.004884 100.000000 6.896552
140 0.000061 0.007127 200.000000 7.633588
140 0.000044 0.008014 300.000000 7.751938
140 0.000047 0.010391 400.000000 7.936508
150 0.000223 0.003676 100.000000 6.993007
150 0.000063 0.007025 200.000000 7.662835
150 0.000051 0.006962 300.000000 7.712082
150 0.000049 0.009303 400.000000 7.968128
160 0.000187 0.002980 100.000000 7.042253
160 0.000058 0.007594 200.000000 7.722008
160 0.000045 0.007913 300.000000 7.712082
160 0.000048 0.009512 400.000000 7.984032
170 0.000172 0.003184 100.000000 7.142857
170 0.000040 0.007746 200.000000 7.782101
170 0.000046 0.008116 300.000000 7.731959
170 0.000054 0.009571 400.000000 8.000000
180 0.000188 0.004755 100.000000 7.246377
180 0.000042 0.009441 200.000000 7.843137
180 0.000050 0.009400 300.000000 7.772021
180 0.000053 0.010814 400.000000 8.000000
190 0.000190 0.005506 100.000000 7.407407
190 0.000035 0.009501 200.000000 7.936508
190 0.000041 0.009918 300.000000 7.832898
190 0.000044 0.011438 400.000000 8.032128
200 0.000216 0.006730 100.000000 7.575758
200 0.000045 0.008877 200.000000 8.064516
200 0.000047 0.009772 300.000000 7.915567
200 0.000046 0.011694 400.000000 8.064516
210 0.000200 0.009700 100.000000 7.812500
210 0.000047 0.011077 200.000000 8.163265
210 0.000053 0.011803 300.000000 7.978724
210 0.000057 0.013773 400.000000 8.080808
220 0.000163 0.013627 100.000000 8.000000
220 0.000053 0.012835 200.000000 8.264462
220 0.000051 0.013499 300.000000 8.021390
220 0.000049 0.015241 400.000000 8.016032
230 0.000120 0.017149 100.000000 8.064516
230 0.000071 0.015424 200.000000 8.298756
230 0.000072 0.016739 300.000000 8.064516
230 0.000046 0.017946 400.000000 7.782101
240 0.000099 0.019291 100.000000 8.130081
240 0.000075 0.016994 200.000000 8.368201
240 0.000068 0.018206 300.000000 8.108109
240 0.000043 0.018911 400.000000 7.575758
250 0.000088 0.019812 100.000000 8.196721
250 0.000067 0.017346 200.000000 8.438819
250 0.000067 0.018356 300.000000 8.174387
260 0.000076 0.017283 100.000000 8.333333
260 0.000065 0.014689 200.000000 8.510638
260 0.000062 0.016027 300.000000 8.264462
270 0.000068 0.014113 100.000000 8.333333
270 0.000063 0.010323 200.000000 8.438819
270 0.000055 0.011505 300.000000 8.310249
280 0.000069 0.013388 100.000000 8.403361
280 0.000061 0.009803 200.000000 8.230453
280 0.000056 0.011143 300.000000 8.333333
290 0.000110 0.014608 100.000000 8.403361
290 0.000079 0.010112 200.000000 8.130081
290 0.000056 0.011170 300.000000 8.333333
300 0.000103 0.015704 100.000000 8.403361
300 0.000072 0.012425 200.000000 8.064516
300 0.000058 0.012773 300.000000 8.310249
310 0.000108 0.013952 100.000000 8.403361
310 0.000080 0.011007 200.000000 8.000000
310 0.000063 0.011581 300.000000 8.287292
320 0.000125 0.011670 100.000000 8.474576
320 0.000079 0.009109 200.000000 8.000000
320 0.000054 0.009812 300.000000 8.241758
330 0.000171 0.008673 100.000000 8.474576
330 0.000093 0.006726 200.000000 8.032128
330 0.000063 0.007960 300.000000 8.196721
340 0.000142 0.006714 100.000000 8.474576
340 0.000079 0.005527 200.000000 8.000000
340 0.000057 0.008586 300.000000 8.064516
350 0.000152 0.007730 100.000000 8.403361
350 0.000082 0.009260 200.000000 8.000000
350 0.000052 0.010794 300.000000 7.751938
360 0.000114 0.010090 100.000000 8.474576
360 0.000056 0.012268 200.000000 8.032128
360 0.000037 0.012851 300.000000 7.425743
370 0.000092 0.009103 100.000000 8.547009
370 0.000062 0.011190 200.000000 8.130081
380 0.000069 0.007859 100.000000 8.547009
380 0.000060 0.010681 200.000000 8.196721
390 0.000056 0.007417 100.000000 8.333333
390 0.000056 0.008835 200.000000 8.230453
400 0.000071 0.008549 100.000000 7.936508
400 0.000058 0.010167 200.000000 8.230453
410 0.000080 0.008281 100.000000 7.692307
410 0.000058 0.010349 200.000000 8.230453
420 0.000064 0.008753 100.000000 7.575758
420 0.000045 0.009404 200.000000 8.196721
430 0.000082 0.009347 100.000000 7.518797
430 0.000075 0.010687 200.000000 8.163265
440 0.000084 0.009181 100.000000 7.518797
440 0.000058 0.010897 200.000000 8.064516
450 0.000078 0.007629 100.000000 7.518797
450 0.000073 0.009935 200.000000 7.968128
460 0.000069 0.007372 100.000000 7.518797
460 0.000081 0.010043 200.000000 7.751938
470 0.000102 0.008246 100.000000 7.575758
470 0.000086 0.008871 200.000000 7.272727
480 0.000109 0.009378 100.000000 7.575758
480 0.000072 0.009644 200.000000 6.756757
490 0.000084 0.009988 100.000000 7.692307
500 0.000072 0.011498 100.000000 7.874016
510 0.000070 0.011870 100.000000 8.064516
520 0.000078 0.013384 100.000000 8.333333
530 0.000069 0.014491 100.000000 8.547009
540 0.000037 0.011739 100.000000 8.771930
550 0.000069 0.012564 100.000000 8.849558
560 0.000113 0.011686 100.000000 8.771930
570 0.000077 0.011076 100.000000 8.620689
580 0.000089 0.009914 100.000000 8.403361
590 0.000108 0.009253 100.000000 8.000000
600 0.000146 0.003639 100.000000 6.993007
610 0.000085 0.004447 100.000000 6.060606
