0 0.000172 0.027633 100.000000 12.195122
0 0.000117 0.016560 200.000000 15.384615
0 0.000072 0.015556 300.000000 17.543859
0 0.000071 0.014986 400.000000 19.138756
0 0.000082 0.036266 500.000000 20.325203
0 0.000102 0.030155 600.000000 21.126760
0 0.000123 0.026006 700.000000 21.806854
0 0.000115 0.024594 800.000000 22.284122
10 0.000174 0.026274 100.000000 12.987013
10 0.000086 0.017543 200.000000 16.129032
10 0.000068 0.015992 300.000000 18.181818
10 0.000083 0.014342 400.000000 19.704433
10 0.000076 0.035557 500.000000 20.833334
10 0.000108 0.029231 600.000000 21.582733
10 0.000124 0.024846 700.000000 22.222221
10 0.000118 0.023768 800.000000 22.662889
20 0.000239 0.024065 100.000000 13.888889
20 0.000084 0.017323 200.000000 16.949152
20 0.000070 0.015986 300.000000 18.867924
20 0.000080 0.014324 400.000000 20.304569
20 0.000080 0.034859 500.000000 21.367521
20 0.000114 0.028554 600.000000 22.140221
20 0.000120 0.024111 700.000000 22.653721
20 0.000119 0.023522 800.000000 23.121387
30 0.000100 0.014601 100.000000 14.925373
30 0.000034 0.016108 200.000000 17.857143
30 0.000072 0.012933 300.000000 19.607843
30 0.000067 0.011380 400.000000 21.052631
30 0.000108 0.027722 500.000000 22.026432
30 0.000135 0.022607 600.000000 22.641510
30 0.000137 0.021311 700.000000 23.178808
30 0.000135 0.024871 800.000000 23.529411
40 0.000100 0.013811 100.000000 16.129032
40 0.000022 0.013789 200.000000 18.867924
40 0.000090 0.010909 300.000000 20.408163
40 0.000049 0.019106 400.000000 21.739130
40 0.000123 0.026633 500.000000 22.624434
40 0.000137 0.022150 600.000000 23.166023
40 0.000142 0.022358 700.000000 23.648649
40 0.000141 0.026912 800.000000 23.952095
50 0.000055 0.013397 100.000000 17.241379
50 0.000021 0.011084 200.000000 19.801981
50 0.000099 0.007494 300.000000 21.276596
50 0.000073 0.019949 400.000000 22.471910
50 0.000144 0.025951 500.000000 23.148148
50 0.000151 0.022552 600.000000 23.715416
50 0.000147 0.025063 700.000000 24.054983
50 0.000148 0.030161 800.000000 24.316109
60 0.000038 0.010657 100.000000 18.518518
60 0.000039 0.009781 200.000000 20.618557
60 0.000094 0.005834 300.000000 21.897810
60 0.000139 0.021805 400.000000 22.988506
60 0.000145 0.026139 500.000000 23.696682
60 0.000161 0.023694 600.000000 24.096386
60 0.000151 0.027162 700.000000 24.475525
60 0.000147 0.033100 800.000000 24.691359
70 0.000027 0.011148 100.000000 19.230770
70 0.000040 0.009824 200.000000 21.276596
70 0.000072 0.005335 300.000000 22.556391
70 0.000133 0.032730 400.000000 23.529411
70 0.000149 0.026564 500.000000 24.154589
70 0.000170 0.024682 600.000000 24.489796
70 0.000159 0.028747 700.000000 24.822695
70 0.000148 0.034671 800.000000 25.000000
80 0.000067 0.010979 100.000000 20.408163
80 0.000075 0.009613 200.000000 21.978022
80 0.000076 0.005369 300.000000 23.255814
80 0.000130 0.033355 400.000000 24.096386
80 0.000152 0.027004 500.000000 24.509804
80 0.000169 0.025367 600.000000 24.896265
80 0.000155 0.029560 700.000000 25.089605
80 0.000148 0.034936 800.000000 25.316456
90 0.000085 0.010800 100.000000 21.276596
90 0.000118 0.007093 200.000000 22.471910
90 0.000091 0.001375 300.000000 23.809525
90 0.000136 0.032809 400.000000 24.539877
90 0.000175 0.027855 500.000000 24.875622
90 0.000172 0.029174 600.000000 25.210085
90 0.000164 0.035076 700.000000 25.362318
90 0.000157 0.041673 800.000000 25.477707
100 0.000096 0.008216 100.000000 21.739130
100 0.000163 0.005962 200.000000 23.255814
100 0.000097 0.015153 300.000000 24.390244
100 0.000178 0.033023 400.000000 24.844721
100 0.000182 0.028836 500.000000 25.252525
100 0.000181 0.031852 600.000000 25.423729
100 0.000174 0.038148 700.000000 25.547445
100 0.000158 0.044551 800.000000 25.723473
110 0.000089 0.009057 100.000000 22.222221
110 0.000177 0.005815 200.000000 23.809525
110 0.000152 0.028433 300.000000 24.793388
110 0.000193 0.033285 400.000000 25.157232
110 0.000192 0.028987 500.000000 25.510204
110 0.000179 0.032588 600.000000 25.641026
110 0.000173 0.038011 700.000000 25.830257
110 0.000157 0.044605 800.000000 25.889967
120 0.000112 0.007557 100.000000 22.727272
120 0.000125 0.002923 200.000000 24.096386
120 0.000166 0.043461 300.000000 25.210085
120 0.000193 0.034377 400.000000 25.477707
120 0.000209 0.031649 500.000000 25.773195
120 0.000189 0.036609 600.000000 25.862068
120 0.000173 0.042868 700.000000 25.925926
120 0.000170 0.048865 800.000000 25.974026
130 0.000150 0.010476 100.000000 23.255814
130 0.000103 0.004681 200.000000 24.691359
130 0.000172 0.043868 300.000000 25.423729
130 0.000200 0.035267 400.000000 25.641026
130 0.000209 0.034365 500.000000 25.906736
130 0.000188 0.040236 600.000000 25.974026
130 0.000177 0.046098 700.000000 26.119404
130 0.000183 0.050547 800.000000 26.143791
140 0.000178 0.008202 100.000000 23.809525
140 0.000117 0.010174 200.000000 25.000000
140 0.000183 0.044202 300.000000 25.641026
140 0.000206 0.035103 400.000000 25.974026
140 0.000195 0.035162 500.000000 26.041666
140 0.000184 0.040521 600.000000 26.086956
140 0.000170 0.046227 700.000000 26.217228
140 0.000181 0.048997 800.000000 26.229507
150 0.000264 0.005744 100.000000 23.809525
150 0.000127 0.037023 200.000000 25.641026
150 0.000227 0.044502 300.000000 25.862068
150 0.000217 0.035414 400.000000 26.143791
150 0.000198 0.036639 500.000000 26.178011
150 0.000191 0.041210 600.000000 26.200872
150 0.000164 0.047545 700.000000 26.315790
150 0.000185 0.050636 800.000000 26.315790
160 0.000198 0.003149 100.000000 25.000000
160 0.000186 0.053740 200.000000 25.974026
160 0.000219 0.044704 300.000000 26.086956
160 0.000230 0.036077 400.000000 26.315790
160 0.000200 0.037709 500.000000 26.315790
160 0.000185 0.042228 600.000000 26.315790
160 0.000177 0.047398 700.000000 26.415094
160 0.000186 0.053863 800.000000 26.402639
170 0.000080 0.002999 100.000000 25.641026
170 0.000209 0.066629 200.000000 26.315790
170 0.000228 0.045514 300.000000 26.315790
170 0.000237 0.038736 400.000000 26.315790
170 0.000205 0.041899 500.000000 26.455027
170 0.000190 0.047134 600.000000 26.431719
170 0.000175 0.053229 700.000000 26.415094
170 0.000191 0.093141 800.000000 26.490067
180 0.000055 0.022603 100.000000 25.641026
180 0.000198 0.067352 200.000000 26.315790
180 0.000236 0.045642 300.000000 26.548672
180 0.000216 0.039935 400.000000 26.490067
180 0.000199 0.042920 500.000000 26.455027
180 0.000181 0.047951 600.000000 26.548672
180 0.000194 0.049761 700.000000 26.515152
180 0.000173 0.101714 800.000000 26.490067
190 0.000143 0.078402 100.000000 26.315790
190 0.000264 0.068569 200.000000 26.315790
190 0.000242 0.046755 300.000000 26.548672
190 0.000213 0.041900 400.000000 26.490067
190 0.000205 0.043577 500.000000 26.455027
190 0.000171 0.049038 600.000000 26.548672
190 0.000196 0.051142 700.000000 26.515152
190 0.000168 0.113773 800.000000 26.490067
200 0.000191 0.125870 100.000000 26.315790
200 0.000281 0.068672 200.000000 26.315790
200 0.000279 0.048102 300.000000 26.548672
200 0.000236 0.045254 400.000000 26.490067
200 0.000204 0.048291 500.000000 26.455027
200 0.000198 0.052564 600.000000 26.431719
200 0.000204 0.062824 700.000000 26.515152
200 0.000125 0.122781 800.000000 26.402639
210 0.000415 0.136282 100.000000 25.641026
210 0.000366 0.071709 200.000000 26.315790
210 0.000333 0.056905 300.000000 26.315790
210 0.000270 0.058854 400.000000 26.490067
210 0.000235 0.063635 500.000000 26.455027
210 0.000238 0.066184 600.000000 26.431719
210 0.000222 0.116958 700.000000 26.415094
210 0.000143 0.131295 800.000000 26.402639
220 0.000439 0.113043 100.000000 25.641026
220 0.000343 0.058985 200.000000 26.315790
220 0.000287 0.049346 300.000000 26.315790
220 0.000255 0.052352 400.000000 26.315790
220 0.000215 0.057297 500.000000 26.455027
220 0.000221 0.058173 600.000000 26.431719
220 0.000198 0.114680 700.000000 26.415094
220 0.000126 0.124992 800.000000 26.315790
230 0.000320 0.075568 100.000000 25.641026
230 0.000253 0.037199 200.000000 26.315790
230 0.000209 0.034255 300.000000 26.315790
230 0.000190 0.036452 400.000000 26.315790
230 0.000162 0.040278 500.000000 26.455027
230 0.000191 0.040904 600.000000 26.431719
230 0.000159 0.113769 700.000000 26.415094
230 0.000090 0.110091 800.000000 26.315790
240 0.000234 0.010067 100.000000 25.641026
240 0.000265 0.003662 200.000000 25.974026
240 0.000209 0.014804 300.000000 26.315790
240 0.000182 0.023885 400.000000 26.315790
240 0.000175 0.031318 500.000000 26.315790
240 0.000191 0.057313 600.000000 26.431719
240 0.000099 0.111232 700.000000 26.315790
240 0.000077 0.101402 800.000000 26.229507
250 0.000329 0.008338 100.000000 25.641026
250 0.000281 0.009698 200.000000 25.974026
250 0.000224 0.022908 300.000000 26.315790
250 0.000190 0.032045 400.000000 26.315790
250 0.000204 0.032476 500.000000 26.315790
250 0.000191 0.098565 600.000000 26.315790
250 0.000102 0.113523 700.000000 26.315790
250 0.000082 0.103989 800.000000 26.229507
260 0.000214 0.021131 100.000000 25.641026
260 0.000201 0.004931 200.000000 25.974026
260 0.000181 0.011219 300.000000 26.315790
260 0.000151 0.018833 400.000000 26.315790
260 0.000176 0.019414 500.000000 26.315790
260 0.000150 0.113643 600.000000 26.315790
260 0.000077 0.107437 700.000000 26.315790
260 0.000057 0.096567 800.000000 26.143791
270 0.000251 0.025344 100.000000 25.641026
270 0.000178 0.005522 200.000000 25.974026
270 0.000159 0.008434 300.000000 26.315790
270 0.000141 0.015636 400.000000 26.315790
270 0.000176 0.016977 500.000000 26.315790
270 0.000069 0.122020 600.000000 26.315790
270 0.000061 0.106137 700.000000 26.217228
270 0.000045 0.094519 800.000000 26.143791
280 0.000304 0.013395 100.000000 25.641026
280 0.000190 0.006007 200.000000 25.974026
280 0.000162 0.012498 300.000000 26.315790
280 0.000168 0.019116 400.000000 26.315790
280 0.000179 0.079498 500.000000 26.315790
280 0.000075 0.122509 600.000000 26.315790
280 0.000054 0.107075 700.000000 26.217228
280 0.000043 0.094829 800.000000 26.058632
290 0.000177 0.007969 100.000000 25.641026
290 0.000150 0.006947 200.000000 25.974026
290 0.000141 0.012190 300.000000 26.315790
290 0.000168 0.010155 400.000000 26.315790
290 0.000157 0.109629 500.000000 26.315790
290 0.000058 0.121012 600.000000 26.200872
290 0.000039 0.105287 700.000000 26.119404
290 0.000036 0.092637 800.000000 26.058632
300 0.000158 0.005772 100.000000 25.641026
300 0.000163 0.004662 200.000000 25.974026
300 0.000112 0.010197 300.000000 26.315790
300 0.000170 0.008429 400.000000 26.315790
300 0.000131 0.132447 500.000000 26.315790
300 0.000048 0.119881 600.000000 26.200872
300 0.000029 0.103697 700.000000 26.119404
300 0.000027 0.090932 800.000000 26.058632
310 0.000096 0.008009 100.000000 25.641026
310 0.000107 0.005457 200.000000 25.974026
310 0.000117 0.005978 300.000000 26.086956
310 0.000153 0.007677 400.000000 26.315790
310 0.000039 0.142058 500.000000 26.178011
310 0.000028 0.118712 600.000000 26.200872
310 0.000017 0.102103 700.000000 26.022305
310 0.000018 0.089397 800.000000 26.058632
320 0.000070 0.007966 100.000000 25.641026
320 0.000099 0.006081 200.000000 25.974026
320 0.000093 0.005567 300.000000 26.086956
320 0.000150 0.122306 400.000000 26.315790
320 0.000036 0.141725 500.000000 26.178011
320 0.000021 0.118473 600.000000 26.086956
320 0.000017 0.101648 700.000000 26.022305
320 0.000019 0.089065 800.000000 26.058632
330 0.000136 0.005915 100.000000 25.641026
330 0.000122 0.007462 200.000000 25.974026
330 0.000171 0.009807 300.000000 26.086956
330 0.000135 0.138281 400.000000 26.143791
330 0.000037 0.142218 500.000000 26.178011
330 0.000022 0.119098 600.000000 26.086956
330 0.000021 0.102155 700.000000 26.022305
330 0.000018 0.089582 800.000000 26.058632
340 0.000171 0.010244 100.000000 25.641026
340 0.000094 0.006676 200.000000 25.974026
340 0.000175 0.010789 300.000000 26.086956
340 0.000127 0.164007 400.000000 26.143791
340 0.000028 0.141594 500.000000 26.178011
340 0.000017 0.118356 600.000000 25.974026
340 0.000017 0.101573 700.000000 26.022305
340 0.000017 0.089177 800.000000 26.058632
350 0.000084 0.011851 100.000000 25.641026
350 0.000124 0.010369 200.000000 25.974026
350 0.000167 0.059383 300.000000 26.086956
350 0.000025 0.176340 400.000000 26.143791
350 0.000020 0.141262 500.000000 26.041666
350 0.000022 0.117812 600.000000 25.974026
350 0.000015 0.101239 700.000000 25.925926
350 0.000020 0.089107 800.000000 26.143791
360 0.000103 0.010010 100.000000 25.641026
360 0.000180 0.018228 200.000000 25.974026
360 0.000164 0.180346 300.000000 26.086956
360 0.000028 0.176434 400.000000 26.143791
360 0.000020 0.141340 500.000000 26.041666
360 0.000022 0.117927 600.000000 25.862068
360 0.000017 0.101407 700.000000 26.022305
360 0.000019 0.089170 800.000000 26.143791
370 0.000067 0.012790 100.000000 25.641026
370 0.000161 0.025359 200.000000 25.974026
370 0.000127 0.183342 300.000000 26.086956
370 0.000024 0.176098 400.000000 25.974026
370 0.000026 0.140991 500.000000 25.906736
370 0.000024 0.117854 600.000000 25.862068
370 0.000014 0.101922 700.000000 26.022305
370 0.000026 0.089539 800.000000 26.143791
380 0.000049 0.013758 100.000000 25.641026
380 0.000193 0.024427 200.000000 25.974026
380 0.000119 0.217939 300.000000 26.086956
380 0.000033 0.175980 400.000000 25.974026
380 0.000037 0.140991 500.000000 25.906736
380 0.000030 0.118092 600.000000 25.862068
380 0.000030 0.102276 700.000000 26.022305
380 0.000023 0.090225 800.000000 26.143791
390 0.000157 0.015148 100.000000 25.641026
390 0.000214 0.140910 200.000000 25.974026
390 0.000032 0.234641 300.000000 26.086956
390 0.000042 0.176079 400.000000 25.974026
390 0.000041 0.141124 500.000000 25.773195
390 0.000028 0.118276 600.000000 25.862068
390 0.000030 0.102440 700.000000 26.022305
390 0.000016 0.090326 800.000000 26.143791
400 0.000279 0.044736 100.000000 25.641026
400 0.000196 0.270450 200.000000 25.974026
400 0.000039 0.234653 300.000000 25.862068
400 0.000037 0.176077 400.000000 25.806452
400 0.000038 0.141277 500.000000 25.773195
400 0.000026 0.118495 600.000000 25.862068
400 0.000033 0.102490 700.000000 26.119404
400 0.000015 0.090247 800.000000 26.229507
410 0.000275 0.043840 100.000000 25.641026
410 0.000157 0.300656 200.000000 25.974026
410 0.000041 0.234493 300.000000 25.862068
410 0.000049 0.176029 400.000000 25.806452
410 0.000039 0.141542 500.000000 25.773195
410 0.000024 0.119360 600.000000 25.974026
410 0.000035 0.103044 700.000000 26.119404
410 0.000017 0.090787 800.000000 26.229507
420 0.000328 0.039418 100.000000 25.641026
420 0.000093 0.351602 200.000000 25.641026
420 0.000062 0.234427 300.000000 25.862068
420 0.000064 0.176191 400.000000 25.641026
420 0.000044 0.141963 500.000000 25.773195
420 0.000047 0.119883 600.000000 25.974026
420 0.000028 0.103905 700.000000 26.119404
420 0.000020 0.091369 800.000000 26.143791
430 0.000240 0.333549 100.000000 25.641026
430 0.000131 0.351178 200.000000 25.641026
430 0.000111 0.234351 300.000000 25.641026
430 0.000097 0.176997 400.000000 25.641026
430 0.000068 0.143780 500.000000 25.773195
430 0.000061 0.122682 600.000000 25.974026
430 0.000038 0.107310 700.000000 26.119404
430 0.000017 0.094979 800.000000 26.143791
440 0.000145 0.523945 100.000000 25.641026
440 0.000178 0.343749 200.000000 25.641026
440 0.000139 0.229425 300.000000 25.641026
440 0.000113 0.173817 400.000000 25.641026
440 0.000086 0.142097 500.000000 25.773195
440 0.000080 0.121463 600.000000 26.086956
440 0.000037 0.106848 700.000000 26.119404
440 0.000022 0.094542 800.000000 26.143791
450 0.000061 0.637071 100.000000 25.000000
450 0.000195 0.343576 200.000000 25.641026
450 0.000157 0.229910 300.000000 25.641026
450 0.000121 0.175194 400.000000 25.641026
450 0.000101 0.144322 500.000000 25.773195
450 0.000086 0.123719 600.000000 26.086956
450 0.000044 0.109250 700.000000 26.119404
450 0.000030 0.097204 800.000000 26.058632
460 0.000450 0.686839 100.000000 25.000000
460 0.000242 0.343403 200.000000 25.316456
460 0.000185 0.230777 300.000000 25.423729
460 0.000129 0.176910 400.000000 25.641026
460 0.000117 0.146572 500.000000 25.906736
460 0.000075 0.126718 600.000000 26.086956
460 0.000038 0.111757 700.000000 26.119404
460 0.000037 0.099454 800.000000 25.974026
470 0.000460 0.269097 100.000000 25.000000
470 0.000270 0.134287 200.000000 25.316456
470 0.000196 0.093823 300.000000 25.423729
470 0.000129 0.078139 400.000000 25.641026
470 0.000112 0.071852 500.000000 25.906736
470 0.000074 0.067611 600.000000 26.086956
470 0.000032 0.062851 700.000000 26.119404
470 0.000024 0.058502 800.000000 25.889967
480 0.000437 0.164358 100.000000 25.000000
480 0.000255 0.082496 200.000000 25.316456
480 0.000172 0.061845 300.000000 25.423729
480 0.000126 0.058466 400.000000 25.641026
480 0.000113 0.055610 500.000000 26.041666
480 0.000059 0.054729 600.000000 26.086956
480 0.000032 0.050434 700.000000 26.119404
480 0.000010 0.047856 800.000000 25.806452
490 0.000385 0.052649 100.000000 25.000000
490 0.000236 0.034046 200.000000 25.316456
490 0.000157 0.040035 300.000000 25.423729
490 0.000123 0.045525 400.000000 25.806452
490 0.000100 0.047536 500.000000 26.041666
490 0.000046 0.047526 600.000000 26.200872
490 0.000029 0.044578 700.000000 26.022305
490 0.000010 0.047789 800.000000 25.723473
500 0.000053 0.008205 100.000000 25.000000
500 0.000061 0.006791 200.000000 25.000000
500 0.000025 0.009627 300.000000 25.423729
500 0.000033 0.013534 400.000000 25.806452
500 0.000015 0.014896 500.000000 26.041666
500 0.000037 0.012916 600.000000 26.200872
500 0.000027 0.009029 700.000000 25.925926
500 0.000079 0.089049 800.000000 25.559105
510 0.000076 0.011629 100.000000 25.000000
510 0.000069 0.006851 200.000000 25.000000
510 0.000018 0.012385 300.000000 25.423729
510 0.000038 0.015443 400.000000 25.974026
510 0.000017 0.016118 500.000000 26.178011
510 0.000041 0.013241 600.000000 26.086956
510 0.000044 0.010086 700.000000 25.830257
510 0.000097 0.138218 800.000000 25.396826
520 0.000065 0.013734 100.000000 24.390244
520 0.000043 0.006419 200.000000 25.000000
520 0.000020 0.013769 300.000000 25.641026
520 0.000043 0.013916 400.000000 25.974026
520 0.000025 0.014207 500.000000 26.178011
520 0.000038 0.010028 600.000000 26.086956
520 0.000058 0.006844 700.000000 25.735294
520 0.000115 0.154486 800.000000 25.236593
530 0.000082 0.009728 100.000000 24.390244
530 0.000035 0.008765 200.000000 25.000000
530 0.000048 0.013491 300.000000 25.641026
530 0.000038 0.015150 400.000000 25.974026
530 0.000038 0.013394 500.000000 26.178011
530 0.000039 0.009400 600.000000 26.086956
530 0.000069 0.038834 700.000000 25.641026
530 0.000108 0.154500 800.000000 25.078369
540 0.000061 0.006954 100.000000 24.390244
540 0.000009 0.010885 200.000000 25.316456
540 0.000042 0.014371 300.000000 25.862068
540 0.000028 0.014373 400.000000 26.143791
540 0.000057 0.010768 500.000000 26.178011
540 0.000044 0.006166 600.000000 25.974026
540 0.000102 0.114326 700.000000 25.454546
540 0.000112 0.154531 800.000000 24.844721
550 0.000087 0.013272 100.000000 24.390244
550 0.000011 0.017172 200.000000 25.316456
550 0.000045 0.018095 300.000000 26.086956
550 0.000030 0.016799 400.000000 26.315790
550 0.000060 0.012226 500.000000 26.178011
550 0.000061 0.008033 600.000000 25.862068
550 0.000121 0.164024 700.000000 25.362318
550 0.000111 0.154309 800.000000 24.464832
560 0.000028 0.015970 100.000000 24.390244
560 0.000028 0.020954 200.000000 25.641026
560 0.000042 0.016364 300.000000 26.086956
560 0.000045 0.014593 400.000000 26.315790
560 0.000057 0.008740 500.000000 26.178011
560 0.000078 0.005106 600.000000 25.751074
560 0.000140 0.176447 700.000000 25.179855
560 0.000117 0.155118 800.000000 24.024025
570 0.000020 0.015393 100.000000 25.000000
570 0.000037 0.016330 200.000000 25.974026
570 0.000036 0.015328 300.000000 26.315790
570 0.000056 0.011240 400.000000 26.315790
570 0.000057 0.006318 500.000000 26.178011
570 0.000095 0.052542 600.000000 25.641026
570 0.000132 0.176669 700.000000 25.000000
570 0.000122 0.156816 800.000000 23.598820
580 0.000055 0.014088 100.000000 25.000000
580 0.000054 0.015443 200.000000 25.974026
580 0.000053 0.013422 300.000000 26.315790
580 0.000083 0.008513 400.000000 26.490067
580 0.000069 0.005320 500.000000 26.041666
580 0.000128 0.133565 600.000000 25.531916
580 0.000135 0.177004 700.000000 24.734982
580 0.000175 0.156967 800.000000 23.054754
590 0.000088 0.014121 100.000000 25.641026
590 0.000053 0.013245 200.000000 26.315790
590 0.000067 0.011005 300.000000 26.548672
590 0.000092 0.006170 400.000000 26.315790
590 0.000088 0.005635 500.000000 26.041666
590 0.000155 0.198936 600.000000 25.316456
590 0.000137 0.177354 700.000000 24.305555
590 0.000118 0.159042 800.000000 22.662889
600 0.000089 0.024485 100.000000 25.641026
600 0.000062 0.014669 200.000000 26.315790
600 0.000071 0.012183 300.000000 26.548672
600 0.000075 0.006512 400.000000 26.315790
600 0.000100 0.006356 500.000000 25.773195
600 0.000165 0.206084 600.000000 25.104603
600 0.000137 0.177819 700.000000 23.809525
600 0.000114 0.155151 800.000000 22.222221
610 0.000075 0.019915 100.000000 25.641026
610 0.000055 0.016728 200.000000 26.666666
610 0.000077 0.011535 300.000000 26.548672
610 0.000065 0.006473 400.000000 26.143791
610 0.000116 0.071960 500.000000 25.641026
610 0.000151 0.206152 600.000000 24.793388
610 0.000138 0.179734 700.000000 23.178808
610 0.000250 0.154628 800.000000 21.798365
620 0.000100 0.020584 100.000000 26.315790
620 0.000061 0.016617 200.000000 26.666666
620 0.000097 0.009626 300.000000 26.548672
620 0.000079 0.005218 400.000000 25.974026
620 0.000152 0.177536 500.000000 25.380711
620 0.000153 0.206216 600.000000 24.390244
620 0.000192 0.179336 700.000000 22.653721
620 0.000279 0.150078 800.000000 21.505377
630 0.000153 0.021445 100.000000 26.315790
630 0.000069 0.018214 200.000000 26.666666
630 0.000092 0.010402 300.000000 26.315790
630 0.000096 0.006221 400.000000 25.806452
630 0.000176 0.246829 500.000000 25.000000
630 0.000148 0.206031 600.000000 23.904383
630 0.000036 0.178500 700.000000 22.082020
630 0.000285 0.144839 800.000000 21.164021
640 0.000130 0.013904 100.000000 26.315790
640 0.000070 0.013251 200.000000 26.666666
640 0.000064 0.006429 300.000000 26.086956
640 0.000104 0.005565 400.000000 25.477707
640 0.000180 0.246899 500.000000 24.752476
640 0.000150 0.207123 600.000000 23.166023
640 0.000206 0.177391 700.000000 21.538462
640 0.000284 0.140929 800.000000 20.725389
650 0.000104 0.009455 100.000000 26.315790
650 0.000147 0.007621 200.000000 26.315790
650 0.000097 0.012714 300.000000 25.862068
650 0.000171 0.134903 400.000000 25.157232
650 0.000193 0.247920 500.000000 24.271845
650 0.000170 0.211904 600.000000 22.471910
650 0.000290 0.175428 700.000000 21.084337
650 0.000285 0.139729 800.000000 20.304569
660 0.000097 0.012344 100.000000 26.315790
660 0.000166 0.007533 200.000000 25.974026
660 0.000120 0.008627 300.000000 25.641026
660 0.000209 0.243805 400.000000 24.844721
660 0.000190 0.247705 500.000000 23.809525
660 0.000212 0.210003 600.000000 21.818182
660 0.000324 0.169748 700.000000 20.771513
660 0.000518 0.138423 800.000000 19.851116
670 0.000211 0.008179 100.000000 25.641026
670 0.000172 0.011998 200.000000 25.974026
670 0.000176 0.014708 300.000000 25.210085
670 0.000255 0.309180 400.000000 24.390244
670 0.000201 0.249027 500.000000 23.041475
670 0.000147 0.207807 600.000000 21.201414
670 0.000317 0.166269 700.000000 20.348837
670 0.000258 0.153314 800.000000 19.417477
680 0.000234 0.007097 100.000000 25.641026
680 0.000154 0.012440 200.000000 25.641026
680 0.000182 0.062768 300.000000 24.793388
680 0.000244 0.309642 400.000000 23.952095
680 0.000202 0.251399 500.000000 22.222221
680 0.000297 0.208744 600.000000 20.689655
680 0.000314 0.163584 700.000000 19.886364
680 0.000200 0.159487 800.000000 19.093079
690 0.000199 0.007868 100.000000 25.641026
690 0.000081 0.008535 200.000000 25.316456
690 0.000208 0.237255 300.000000 24.390244
690 0.000207 0.309107 400.000000 23.529411
690 0.000179 0.253099 500.000000 21.459227
690 0.000379 0.200251 600.000000 20.202021
690 0.000345 0.157307 700.000000 19.444445
700 0.000222 0.005526 100.000000 25.000000
700 0.000144 0.005818 200.000000 24.691359
700 0.000256 0.368359 300.000000 24.000000
700 0.000206 0.309139 400.000000 22.857143
700 0.000192 0.251043 500.000000 20.833334
700 0.000392 0.193972 600.000000 19.867550
700 0.000564 0.157889 700.000000 18.970190
710 0.000127 0.006108 100.000000 25.000000
710 0.000160 0.005634 200.000000 24.390244
710 0.000278 0.411558 300.000000 23.622047
710 0.000194 0.309767 400.000000 21.978022
710 0.000222 0.245922 500.000000 20.161291
710 0.000398 0.186989 600.000000 19.417477
710 0.000345 0.170745 700.000000 18.567638
720 0.000075 0.005041 100.000000 24.390244
720 0.000187 0.156749 200.000000 23.809525
720 0.000241 0.411592 300.000000 23.076923
720 0.000196 0.311501 400.000000 21.164021
720 0.000432 0.244528 500.000000 19.607843
720 0.000402 0.183991 600.000000 18.987341
730 0.000021 0.007941 100.000000 23.809525
730 0.000228 0.399511 200.000000 23.529411
730 0.000210 0.411284 300.000000 22.556391
730 0.000271 0.308383 400.000000 20.304569
730 0.000504 0.234741 500.000000 19.230770
730 0.000504 0.177385 600.000000 18.518518
740 0.000069 0.013172 100.000000 23.809525
740 0.000282 0.595655 200.000000 22.988506
740 0.000199 0.410944 300.000000 21.739130
740 0.000148 0.311535 400.000000 19.704433
740 0.000514 0.226065 500.000000 18.867924
740 0.000572 0.177861 600.000000 18.072289
750 0.000197 0.005879 100.000000 23.255814
750 0.000346 0.617558 200.000000 22.471910
750 0.000222 0.412086 300.000000 20.833334
750 0.000305 0.304967 400.000000 19.047619
750 0.000497 0.220486 500.000000 18.518518
750 0.000308 0.199983 600.000000 17.751480
760 0.000302 0.314001 100.000000 22.727272
760 0.000325 0.617518 200.000000 21.978022
760 0.000236 0.414822 300.000000 20.000000
760 0.000555 0.304559 400.000000 18.604650
760 0.000493 0.218618 500.000000 18.050541
770 0.000471 0.799886 100.000000 22.222221
770 0.000323 0.617489 200.000000 21.505377
770 0.000299 0.415213 300.000000 19.230770
770 0.000626 0.294037 400.000000 18.181818
770 0.000601 0.213797 500.000000 17.605635
780 0.000492 1.148416 100.000000 21.739130
780 0.000267 0.616546 200.000000 20.833334
780 0.000227 0.410544 300.000000 18.518518
780 0.000658 0.280977 400.000000 17.857143
780 0.000895 0.210801 500.000000 17.241379
790 0.000515 1.234619 100.000000 21.276596
790 0.000233 0.616301 200.000000 19.801981
790 0.000440 0.403015 300.000000 17.964071
790 0.000666 0.269608 400.000000 17.543859
790 0.000536 0.231435 500.000000 16.891891
800 0.000430 1.054498 100.000000 20.833334
800 0.000233 0.528121 200.000000 18.867924
800 0.000795 0.343096 300.000000 17.441860
800 0.000673 0.219412 400.000000 17.167381
800 0.000421 0.208480 500.000000 16.666666
810 0.000246 0.609867 100.000000 20.408163
810 0.000156 0.305999 200.000000 18.018019
810 0.000920 0.179200 300.000000 17.142857
810 0.000743 0.099075 400.000000 16.806723
820 0.000115 0.256423 100.000000 19.607843
820 0.000221 0.121092 200.000000 17.241379
820 0.001011 0.047441 300.000000 16.853933
820 0.001317 0.044582 400.000000 16.393442
830 0.000025 0.008427 100.000000 18.518518
830 0.000752 0.092941 200.000000 16.666666
830 0.001042 0.068372 300.000000 16.574585
830 0.000845 0.097381 400.000000 16.129032
840 0.000024 0.011139 100.000000 17.241379
840 0.001086 0.109317 200.000000 16.129032
840 0.001044 0.079584 300.000000 16.304348
840 0.000623 0.097828 400.000000 15.873015
850 0.000088 0.010149 100.000000 16.393442
850 0.001439 0.100576 200.000000 15.873015
850 0.001023 0.085035 300.000000 15.957447
860 0.000125 0.009619 100.000000 15.625000
860 0.001544 0.091433 200.000000 15.625000
860 0.001071 0.105768 300.000000 15.625000
870 0.000343 0.063609 100.000000 14.925373
870 0.001568 0.091937 200.000000 15.503876
870 0.001590 0.112854 300.000000 15.384615
880 0.000989 0.180735 100.000000 14.705882
880 0.001569 0.097536 200.000000 15.503876
880 0.001139 0.130833 300.000000 15.306123
890 0.001846 0.209409 100.000000 14.705882
890 0.001555 0.107897 200.000000 15.625000
890 0.001045 0.128925 300.000000 15.306123
900 0.002551 0.211555 100.000000 14.925373
900 0.001561 0.120350 200.000000 15.625000
900 0.000830 0.129583 300.000000 15.306123
910 0.002943 0.194737 100.000000 14.925373
910 0.001560 0.130351 200.000000 15.503876
920 0.003037 0.181182 100.000000 15.384615
920 0.001625 0.160441 200.000000 15.503876
930 0.003533 0.160010 100.000000 15.625000
930 0.002106 0.194702 200.000000 15.503876
940 0.003364 0.158834 100.000000 15.873015
940 0.002615 0.224333 200.000000 15.384615
950 0.001343 0.058630 100.000000 16.129032
950 0.000800 0.140543 200.000000 15.384615
960 0.001177 0.075332 100.000000 16.129032
960 0.000269 0.148654 200.000000 15.384615
970 0.000378 0.038354 100.000000 15.873015
970 0.000146 0.108126 200.000000 15.384615
980 0.000245 0.071355 100.000000 15.625000
990 0.000690 0.067622 100.000000 15.151515
1000 0.001320 0.091260 100.000000 14.705882
1010 0.000304 0.146037 100.000000 14.492754
1020 0.000656 0.167044 100.000000 14.492754
1030 0.000641 0.169674 100.000000 14.705882
