0.000000 -0.000000 0.000000 0.000000
0.287920 2.986691 0.312528 2.972958
0.971569 5.887651 0.989025 5.873026
2.050498 8.646240 2.097515 8.613202
3.483068 11.215600 3.535868 11.169100
5.252124 13.530580 5.278530 13.485260
7.315983 15.554830 7.350032 15.482080
9.617499 17.248350 9.703857 17.082010
12.138440 18.605410 12.200530 18.506190
14.845670 19.655580 14.884780 19.671530
17.710960 20.442900 17.750430 20.504980
20.708720 20.958900 20.765860 21.123830
23.853650 21.214680 23.941420 21.445430
27.127230 21.215640 27.248670 21.613850
30.502910 21.029600 30.650600 21.455040
33.942320 20.718590 34.127880 21.165520
37.526800 20.278900 37.804250 20.942060
41.305500 19.746480 41.665260 20.573620
45.281370 19.137530 45.727120 20.097900
49.442010 18.473180 49.966400 19.542280
53.784140 17.768220 54.376950 18.897540
58.319700 17.046980 59.000110 18.400990
63.045640 16.314830 63.825880 17.951120
67.933580 15.564290 68.785420 17.446910
72.949570 14.807080 73.858100 16.745460
78.112070 14.037650 79.075380 16.048670
83.403150 13.249300 84.414660 15.364950
88.827470 12.428430 89.901440 14.646020
94.384170 11.569350 95.512450 13.890190
100.052700 10.639880 101.248000 13.257760
105.791000 9.611618 107.055300 12.426220
111.620600 8.486629 112.911900 11.275490
117.518200 7.246929 118.870800 10.230750
123.481700 5.883248 124.868600 8.905025
129.500400 4.402279 130.914700 7.391242
135.583700 2.806947 137.075100 6.019898
141.730400 1.132152 143.283500 4.475366
147.930500 -0.644931 149.559400 2.896505
154.181200 -2.533182 155.871400 1.138322
160.473700 -4.525316 162.215400 -0.771436
166.825700 -6.614701 168.604700 -2.801439
173.224500 -8.806086 175.075400 -4.823822
179.671400 -11.085600 181.591500 -6.952738
186.169900 -13.447970 188.053200 -9.469911
192.708700 -15.908790 194.632000 -11.908960
199.295800 -18.474840 201.256000 -14.381970
205.877000 -21.127230 207.947700 -16.817080
212.474400 -23.878960 214.604100 -19.435560
219.085400 -26.695130 221.305100 -22.033050
225.674300 -29.566300 228.015700 -24.638590
232.258400 -32.511370 234.799800 -27.066260
238.826600 -35.515520 241.434300 -29.931310
245.357100 -38.591140 248.010200 -32.860590
251.842400 -41.746310 254.631200 -35.678210
258.295100 -44.977770 261.220900 -38.650150
264.734000 -48.300070 267.650200 -42.039440
271.174400 -51.720410 274.182200 -45.307420
277.658000 -55.253110 280.826900 -48.580700
284.188500 -58.892510 287.503100 -52.004510
290.770400 -62.649290 294.255900 -55.528920
297.421200 -66.505210 300.945500 -59.352910
304.114100 -70.451700 307.722500 -63.228840
310.871400 -74.512450 314.658300 -67.051690
317.638300 -78.729880 321.690100 -70.856480
324.412000 -83.100090 328.531400 -75.139470
331.147700 -87.570510 335.247400 -79.640480
337.838900 -92.151540 341.991500 -84.146310
344.489200 -96.836160 348.798300 -88.613880
351.109400 -101.590900 355.595200 -93.132440
357.680900 -106.441100 362.341400 -97.738820
364.205100 -111.363100 369.106800 -102.296100
370.654300 -116.349400 375.726600 -107.045700
377.044400 -121.373300 382.372700 -111.698200
383.353100 -126.497900 389.125800 -116.188700
389.648900 -131.627300 395.367900 -121.343200
395.838500 -136.824400 401.813100 -126.227500
401.977500 -142.068800 408.083000 -131.319500
408.063900 -147.386100 414.540100 -136.174600
414.119900 -152.725600 420.814000 -141.245700
420.140100 -158.070100 426.915400 -146.496000
426.135700 -163.442300 432.954500 -151.817800
432.096100 -168.831000 438.773200 -157.338900
438.042000 -174.202900 444.020700 -163.137700
444.039200 -179.520000 450.199700 -168.268800
450.064000 -184.791600 456.507000 -173.199700
456.158000 -189.992400 462.658000 -178.324500
462.246200 -195.183000 468.956400 -183.259300
468.350900 -200.337600 475.171900 -188.263300
474.468300 -205.478700 481.288600 -193.406800
480.606000 -210.588600 487.375200 -198.578600
486.757700 -215.677000 493.642900 -203.526300
492.916600 -220.757600 499.784900 -208.626400
499.072200 -225.827000 506.278400 -213.272500
505.239000 -230.914300 512.648400 -218.072300
511.393900 -235.996900 514.730800 -219.707600
517.549300 -241.076200 518.917400 -222.992500
523.710600 -246.155700 525.186300 -227.942600
529.865100 -251.222800 531.315100 -233.037400
536.037700 -256.292500 537.344900 -238.277900
542.213600 -261.366100 543.683300 -243.155000
548.376000 -266.436600 549.854400 -248.222000
554.549300 -271.525400 556.133900 -253.188100
560.720400 -276.614600 562.164000 -258.430900
566.895900 -281.702100 568.343400 -263.517700
573.077300 -286.787100 574.761100 -268.279700
579.254000 -291.852900 580.891800 -273.405700
585.438300 -296.913900 587.251200 -278.254500
591.610800 -301.938300 593.485500 -283.210200
597.802700 -306.948800 595.920200 -284.509600
604.002400 -311.952300 602.195100 -289.426400
610.204100 -316.963500 608.330400 -294.519600
616.401400 -321.978100 614.683900 -299.344700
622.606700 -326.989100 621.121100 -304.059100
628.813800 -331.994200 627.418900 -308.959700
635.032400 -336.999800 633.751100 -313.825200
641.237400 -341.988600 640.020100 -318.734800
647.445400 -346.968600 646.253300 -323.691400
653.662300 -351.935500 652.607000 -328.492100
659.877900 -356.880600 658.830800 -333.435000
666.112000 -361.828900 665.088200 -338.363100
672.350500 -366.769500 671.469900 -343.123800
678.587600 -371.720300 677.650900 -348.148400
684.819800 -376.684200 683.721100 -353.307400
691.040800 -381.648800 690.030100 -358.168100
697.271000 -386.614300 694.477900 -364.031200
703.506500 -391.568600 700.506000 -369.215100
709.744100 -396.517700 706.293100 -374.629000
715.983900 -401.433800 711.843800 -380.129300
722.229600 -406.329600 718.148400 -384.956900
728.498300 -411.207700 724.671000 -389.495300
734.766400 -416.073400 729.834200 -395.347800
741.047900 -420.934000 736.253200 -399.937000
747.328900 -425.791700 742.217400 -405.144800
753.611600 -430.654100 748.784400 -409.622400
759.909100 -435.497600 754.637500 -414.955500
766.234600 -440.329500 760.749300 -419.919900
772.573000 -445.140400 767.010300 -424.809500
778.917600 -449.932200 773.206700 -429.740700
785.270600 -454.711000 779.520400 -431.910200
791.604400 -459.487600 785.701500 -436.886300
797.914000 -464.271400 791.486400 -442.176700
804.202800 -469.044800 796.455900 -448.267400
810.490200 -473.819600 802.452100 -453.384600
816.791500 -478.590500 808.712400 -458.213400
823.116400 -483.340400 814.169400 -463.846800
829.464500 -488.061400 819.213400 -469.630800
835.854100 -492.776100 824.213300 -475.688200
842.262300 -497.485400 830.236900 -480.828500
848.682700 -502.196400 835.514600 -486.433100
855.114700 -506.913500 841.911300 -491.168200
861.557000 -511.637000 848.479100 -495.714600
868.011600 -516.355400 854.454900 -500.949400
874.441900 -521.049300 860.141000 -506.260200
880.882200 -525.706500 859.919600 -508.772300
887.323800 -530.307900 866.484400 -513.198800
893.755000 -534.861900 864.325900 -511.714300
900.174200 -539.374300 862.459100 -509.819300
906.591000 -543.848100 860.723400 -507.792100
912.989900 -548.291900 862.815900 -509.329000
919.400600 -552.731200 865.112900 -510.598000
925.806600 -557.125700 871.315400 -515.238100
932.226300 -561.535200 874.842300 -520.468800
938.632500 -565.932700 881.416600 -524.610100
945.057500 -570.322000 888.170500 -528.483600
951.507700 -574.710200 895.012100 -532.248300
957.980400 -579.074900 901.583500 -536.461700
964.464000 -583.424600 908.382800 -540.311400
970.963300 -587.758200 915.034700 -544.404400
977.455300 -592.093300 921.847600 -548.141400
983.961700 -596.421100 928.703000 -551.907100
990.461700 -600.766400 935.438200 -555.883800
996.966300 -605.096100 942.212600 -559.784400
1003.471000 -609.407800 948.902900 -563.814800
1009.973000 -613.695400 955.741600 -567.542100
1016.458000 -617.959200 962.482800 -571.388400
1022.925000 -622.217200 969.118500 -575.385400
1029.367000 -626.452700 975.795900 -579.251300
1035.804000 -630.641600 979.179400 -583.914800
1042.231000 -634.798800 985.960200 -587.477600
1048.656000 -638.946200 990.636000 -592.467000
1055.084000 -643.051500 997.399700 -595.930200
1061.525000 -647.144100 1004.099000 -599.551700
1067.966000 -651.185500 1010.715000 -603.255600
1074.401000 -655.235300 1017.524000 -606.655900
1080.840000 -659.293400 1024.330000 -609.940500
1087.270000 -663.328400 1031.428000 -612.429400
1093.718000 -667.347400 1038.469000 -615.146000
1100.195000 -671.340900 1045.432000 -618.235900
1106.668000 -675.317100 1052.357000 -621.374300
1113.157000 -679.272000 1059.227000 -624.636600
1119.659000 -683.201000 1066.207000 -627.655800
1126.198000 -687.131900 1073.159000 -630.807200
1132.753000 -691.046400 1080.246000 -633.649700
1139.341000 -694.955400 1087.364000 -636.420400
1145.954000 -698.852200 1094.399000 -639.507300
1152.585000 -702.740800 1101.464000 -642.546200
1159.229000 -706.637800 1108.595000 -645.478300
1165.886000 -710.538400 1115.709000 -648.485700
1172.562000 -714.459000 1122.807000 -651.596000
1179.271000 -718.394000 1129.952000 -654.687600
1186.021000 -722.344800 1137.176000 -657.706600
1192.784000 -726.294800 1144.370000 -660.824400
1199.585000 -730.258400 1151.646000 -663.847300
1206.417000 -734.212600 1158.864000 -667.045200
1213.283000 -738.159200 1166.125000 -670.222100
1220.173000 -742.105200 1173.337000 -673.559000
1227.101000 -746.027900 1180.720000 -676.550000
1234.074000 -749.929400 1188.121000 -679.580200
1241.082000 -753.823500 1195.586000 -682.517300
1248.123000 -757.717500 1203.188000 -685.130600
1255.209000 -761.611600 1210.717000 -688.096100
1262.318000 -765.501500 1218.216000 -691.184300
1269.473000 -769.393200 1225.827000 -694.091300
1276.670000 -773.287000 1233.464000 -697.040800
1283.885000 -777.170800 1241.076000 -700.084000
1291.103000 -781.040700 1248.697000 -703.094300
1298.329000 -784.899000 1256.336000 -706.059100
1305.561000 -788.742100 1264.013000 -708.921700
1312.794000 -792.571300 1271.637000 -711.904300
1320.032000 -796.384600 1279.287000 -714.805700
1327.287000 -800.172300 1286.956000 -717.669300
1334.542000 -803.950000 1294.588000 -720.615900
1341.797000 -807.723100 1302.236000 -723.506500
1349.058000 -811.481900 1309.943000 -726.234800
1356.319000 -815.232700 1317.527000 -729.272900
1363.568000 -818.960500 1325.175000 -732.091200
1370.797000 -822.663500 1332.812000 -734.854500
1378.014000 -826.342400 1340.455000 -737.533800
1385.241000 -830.002800 1348.070000 -740.291000
1392.473000 -833.639800 1355.691000 -743.010900
1399.712000 -837.258600 1363.375000 -745.538700
1406.940000 -840.856000 1370.982000 -748.242300
1414.145000 -844.419900 1378.528000 -751.002200
1421.338000 -847.958700 1386.069000 -753.710000
1428.540000 -851.473700 1393.548000 -756.569600
1435.735000 -854.974700 1401.087000 -759.236100
1442.936000 -858.462100 1408.632000 -761.878600
1450.116000 -861.922600 1416.199000 -764.345300
1457.288000 -865.353900 1423.686000 -767.004000
1464.432000 -868.758100 1430.991000 -770.039000
1471.550000 -872.135000 1438.453000 -772.541300
1478.642000 -875.485100 1445.858000 -775.105900
1485.696000 -878.796500 1453.213000 -777.666200
1492.712000 -882.085000 1460.560000 -780.114400
1499.686000 -885.346400 1467.811000 -782.691800
1506.608000 -888.579300 1475.076000 -785.044400
1513.510000 -891.787400 1482.221000 -787.654600
1520.388000 -894.966500 1489.361000 -790.181500
1527.242000 -898.117000 1496.358000 -792.957600
1534.067000 -901.240100 1503.418000 -795.484200
1540.873000 -904.334900 1510.474000 -797.909200
1547.641000 -907.393900 1517.483000 -800.346500
1554.374000 -910.425200 1524.510000 -802.605400
1561.071000 -913.426300 1531.417000 -805.055200
1567.716000 -916.424100 1538.042000 -808.032800
1574.331000 -919.426300 1544.939000 -809.543500
1580.910000 -922.431500 1551.731000 -812.010500
1587.477000 -925.449400 1558.539000 -814.429800
1593.998000 -928.484000 1565.405000 -816.557300
1600.456000 -931.552300 1572.100000 -819.064700
1606.851000 -934.653500 1578.721000 -821.627600
1613.177000 -937.795300 1585.299000 -824.198500
1619.446000 -940.960600 1591.812000 -826.802900
1625.639000 -944.138700 1598.540000 -828.330000
1631.780000 -947.302000 1604.868000 -831.091200
1637.876000 -950.461600 1611.304000 -833.445900
1643.920000 -953.598100 1617.172000 -833.896600
1649.931000 -956.702500 1618.955000 -835.472800
1655.907000 -959.742900 1616.793000 -834.921200
1661.857000 -962.732200 1618.554000 -836.412000
1667.828000 -965.652000 1624.168000 -839.710300
1673.786000 -968.517000 1630.267000 -842.261600
1679.740000 -971.331200 1636.354000 -844.778000
1685.682000 -974.128800 1642.344000 -847.469500
1691.585000 -976.910500 1648.407000 -849.858100
1697.460000 -979.678900 1654.411000 -852.333700
1703.321000 -982.431100 1656.401000 -853.231900
1709.144000 -985.145100 1662.318000 -855.737400
1714.950000 -987.831400 1668.264000 -858.089300
1720.748000 -990.466700 1674.152000 -860.520300
1726.528000 -993.063100 1680.011000 -862.931300
1732.261000 -995.615600 1685.847000 -865.221400
1737.915000 -998.126400 1691.511000 -867.710100
1743.475000 -1000.590000 1695.234000 -869.333900
1748.971000 -1002.990000 1700.738000 -871.804500
1754.388000 -1005.375000 1706.364000 -873.641600
1759.751000 -1007.751000 1711.759000 -875.984700
1764.998000 -1010.123000 1717.077000 -878.299000
1770.113000 -1012.467000 1722.285000 -880.545700
1775.097000 -1014.785000 1727.301000 -882.868300
1779.954000 -1017.080000 1732.195000 -885.184200
1784.649000 -1019.347000 1736.996000 -887.363200
1789.178000 -1021.604000 1741.595000 -889.590800
1793.508000 -1023.881000 1746.065000 -891.730800
1797.645000 -1026.269000 1750.315000 -894.013700
1801.573000 -1028.814000 1754.379000 -896.401400
1805.302000 -1031.525000 1758.189000 -898.981100
1808.823000 -1034.439000 1761.807000 -901.795800
1812.120000 -1037.563000 1765.120000 -904.920100
1815.169000 -1040.921000 1768.250000 -908.207800
1817.931000 -1044.484000 1771.179000 -911.663400
1820.326000 -1048.207000 1773.856000 -915.281500
1822.465000 -1052.152000 1776.050000 -919.214000
1824.255000 -1056.260000 1777.921000 -923.290200
1825.688000 -1060.491000 1779.545000 -927.413400
1826.758000 -1064.825000 1780.853000 -931.696400
1827.464000 -1069.230000 1781.803000 -936.077600
1827.812000 -1073.687000 1782.347000 -940.526500
1827.812000 -1078.165000 1782.518000 -945.015500
1827.468000 -1082.643000 1782.283000 -949.513100
1826.704000 -1087.072000 1781.822000 -954.011400
1825.633000 -1091.489000 1781.281000 -958.488600
1824.183000 -1095.811000 1780.008000 -962.868800
1822.357000 -1099.995000 1778.332000 -967.121700
1820.139000 -1103.994000 1776.657000 -971.351100
1817.589000 -1107.799000 1774.372000 -975.333700
1814.723000 -1111.351000 1771.637000 -979.006300
1811.551000 -1114.626000 1768.342000 -982.160100
1808.088000 -1117.606000 1764.949000 -985.221300
1804.284000 -1120.246000 1761.282000 -987.981900
1800.315000 -1122.623000 1757.257000 -990.234800
1796.124000 -1124.692000 1753.165000 -992.470000
1791.742000 -1126.471000 1748.853000 -994.379500
1787.194000 -1127.955000 1744.295000 -995.875400
1782.506000 -1129.180000 1739.692000 -997.289800
1777.702000 -1130.193000 1734.967000 -998.512400
1772.797000 -1131.038000 1730.125000 -999.556800
1767.796000 -1131.740000 1725.195000 -1000.456000
1762.736000 -1132.348000 1720.162000 -1001.202000
1757.655000 -1132.885000 1715.104000 -1001.895000
1752.565000 -1133.366000 1710.039000 -1002.617000
1747.458000 -1133.818000 1704.957000 -1003.217000
1742.342000 -1134.251000 1699.875000 -1003.919000
1737.220000 -1134.667000 1694.780000 -1004.600000
1732.115000 -1135.064000 1689.670000 -1005.094000
1727.075000 -1135.441000 1684.603000 -1005.391000
1722.082000 -1135.788000 1679.623000 -1006.012000
1717.161000 -1136.086000 1674.684000 -1006.495000
1712.341000 -1136.271000 1669.843000 -1006.931000
1707.613000 -1136.285000 1665.102000 -1007.111000
1703.031000 -1136.085000 1660.484000 -1007.094000
1698.586000 -1135.613000 1655.999000 -1006.781000
1694.241000 -1134.791000 1651.586000 -1006.090000
1689.991000 -1133.671000 1647.283000 -1005.096000
1685.870000 -1132.171000 1643.125000 -1003.671000
1681.961000 -1130.284000 1639.136000 -1001.897000
1678.306000 -1127.996000 1635.408000 -999.716200
1674.826000 -1125.267000 1631.975000 -997.133800
1671.787000 -1122.274000 1628.751000 -994.321900
1669.099000 -1118.972000 1625.799000 -991.262800
1666.783000 -1115.408000 1622.752000 -988.170600
1664.817000 -1111.609000 1621.987000 -984.814300
1663.209000 -1107.637000 1623.988000 -981.070300
1661.958000 -1103.507000 1622.958000 -977.248400
1661.115000 -1099.284000 1622.260000 -973.344700
1660.724000 -1094.939000 1621.620000 -970.772700
1660.665000 -1090.516000 1617.606000 -969.305800
1661.140000 -1086.159000 1614.069000 -966.705600
1662.049000 -1081.841000 1612.570000 -962.968200
1663.374000 -1077.556000 1610.889000 -959.012200
1665.055000 -1073.325000 1611.237000 -955.690500
1667.040000 -1069.131000 1611.800000 -952.317200
1669.233000 -1064.989000 1614.437000 -950.780200
1671.640000 -1060.840000 1615.879000 -947.850100
1674.135000 -1056.683000 1617.295000 -944.876800
1676.716000 -1052.451000 1618.883000 -940.213700
1679.381000 -1048.145000 1621.490000 -938.066500
