20.000000 0.000614
40.000000 0.000490
60.000000 0.000419
80.000000 0.000349
100.000000 0.000315
120.000000 0.000309
140.000000 0.000310
160.000000 0.000294
180.000000 0.000290
200.000000 0.000278
220.000000 0.000273
240.000000 0.000267
260.000000 0.000246
280.000000 0.000228
300.000000 0.000216
320.000000 0.000206
340.000000 0.000194
360.000000 0.000181
380.000000 0.000172
400.000000 0.000168
420.000000 0.000164
440.000000 0.000156
460.000000 0.000147
480.000000 0.000141
500.000000 0.000134
520.000000 0.000132
540.000000 0.000127
560.000000 0.000124
580.000000 0.000119
600.000000 0.000112
620.000000 0.000110
640.000000 0.000108
660.000000 0.000105
680.000000 0.000098
700.000000 0.000093
720.000000 0.000096
740.000000 0.000094
760.000000 0.000089
780.000000 0.000087
800.000000 0.000089
820.000000 0.000087
840.000000 0.000084
860.000000 0.000085
880.000000 0.000084
900.000000 0.000082
920.000000 0.000081
940.000000 0.000084
960.000000 0.000082
980.000000 0.000081
1000.000000 0.000079
1020.000000 0.000081
1040.000000 0.000080
1060.000000 0.000080
1080.000000 0.000077
1100.000000 0.000076
1120.000000 0.000079
1140.000000 0.000077
1160.000000 0.000077
1180.000000 0.000074
1200.000000 0.000072
1220.000000 0.000074
1240.000000 0.000075
1260.000000 0.000072
1280.000000 0.000071
1300.000000 0.000073
1320.000000 0.000072
1340.000000 0.000071
1360.000000 0.000069
1380.000000 0.000070
1400.000000 0.000070
1420.000000 0.000069
1440.000000 0.000066
1460.000000 0.000068
1480.000000 0.000068
1500.000000 0.000066
1520.000000 0.000064
1540.000000 0.000065
1560.000000 0.000065
1580.000000 0.000064
1600.000000 0.000061
1620.000000 0.000062
1640.000000 0.000062
1660.000000 0.000061
1680.000000 0.000059
1700.000000 0.000059
1720.000000 0.000059
1740.000000 0.000059
1760.000000 0.000056
1780.000000 0.000056
1800.000000 0.000056
1820.000000 0.000056
1840.000000 0.000053
1860.000000 0.000054
1880.000000 0.000057
1900.000000 0.000058
1920.000000 0.000057
1940.000000 0.000060
1960.000000 0.000061
1980.000000 0.000062
2000.000000 0.000062
2020.000000 0.000065
2040.000000 0.000066
2060.000000 0.000066
2080.000000 0.000063
2100.000000 0.000067
2120.000000 0.000068
2140.000000 0.000070
2160.000000 0.000067
2180.000000 0.000066
2200.000000 0.000066
2220.000000 0.000069
2240.000000 0.000077
2260.000000 0.000079
2280.000000 0.000079
2300.000000 0.000080
2320.000000 0.000078
2340.000000 0.000086
2360.000000 0.000099
2380.000000 0.000102
2400.000000 0.000091
2420.000000 0.000072
