20.000000 0.143251
40.000000 0.133615
60.000000 0.128907
80.000000 0.125529
100.000000 0.122498
120.000000 0.120672
140.000000 0.120467
160.000000 0.121022
180.000000 0.120906
200.000000 0.120804
220.000000 0.122218
240.000000 0.122159
260.000000 0.121510
280.000000 0.120015
300.000000 0.120220
320.000000 0.119839
340.000000 0.119641
360.000000 0.119264
380.000000 0.119588
400.000000 0.119586
420.000000 0.119807
440.000000 0.120191
460.000000 0.120466
480.000000 0.120377
500.000000 0.119866
520.000000 0.118276
540.000000 0.116397
560.000000 0.114783
580.000000 0.113200
600.000000 0.111943
620.000000 0.112542
640.000000 0.111566
660.000000 0.110619
680.000000 0.109830
700.000000 0.109300
720.000000 0.110245
740.000000 0.109363
760.000000 0.108960
780.000000 0.108537
800.000000 0.109525
820.000000 0.109023
840.000000 0.108819
860.000000 0.108463
880.000000 0.109373
900.000000 0.109270
920.000000 0.109126
940.000000 0.109929
960.000000 0.109986
980.000000 0.110221
1000.000000 0.110398
1020.000000 0.111614
1040.000000 0.112433
1060.000000 0.113525
1080.000000 0.114535
1100.000000 0.115827
1120.000000 0.116693
1140.000000 0.117122
1160.000000 0.116726
1180.000000 0.116481
1200.000000 0.116183
1220.000000 0.116256
1240.000000 0.115961
1260.000000 0.116008
1280.000000 0.115973
1300.000000 0.116218
1320.000000 0.116108
1340.000000 0.115911
1360.000000 0.115324
1380.000000 0.115657
1400.000000 0.114536
1420.000000 0.113674
1440.000000 0.112697
1460.000000 0.113085
1480.000000 0.112093
1500.000000 0.111362
1520.000000 0.110597
1540.000000 0.111137
1560.000000 0.110298
1580.000000 0.109793
1600.000000 0.109279
1620.000000 0.109891
1640.000000 0.109354
1660.000000 0.109083
1680.000000 0.108885
1700.000000 0.108762
1720.000000 0.109396
1740.000000 0.109221
1760.000000 0.109335
1780.000000 0.109208
1800.000000 0.110140
1820.000000 0.110345
1840.000000 0.110813
1860.000000 0.111467
1880.000000 0.113017
1900.000000 0.114381
1920.000000 0.116451
1940.000000 0.118842
1960.000000 0.122125
1980.000000 0.123858
2000.000000 0.124668
2020.000000 0.124331
2040.000000 0.122501
2060.000000 0.121079
2080.000000 0.119931
2100.000000 0.118811
2120.000000 0.117772
2140.000000 0.116806
2160.000000 0.115910
2180.000000 0.115057
2200.000000 0.114191
2220.000000 0.113079
2240.000000 0.111532
2260.000000 0.110008
2280.000000 0.108567
2300.000000 0.107139
2320.000000 0.105776
2340.000000 0.104396
2360.000000 0.103123
2380.000000 0.102074
2400.000000 0.101023
2420.000000 0.100475
