0 0.003316 0.203965 100.000000 12.195122
0 0.001705 0.257352 200.000000 15.384615
0 0.001265 0.284335 300.000000 17.543859
0 0.001061 0.304963 400.000000 19.138756
0 0.000583 0.338034 500.000000 20.325203
0 0.000452 0.329012 600.000000 21.126760
0 0.000350 0.321291 700.000000 21.806854
0 0.000311 0.312399 800.000000 22.284122
10 0.003267 0.229896 100.000000 12.987013
10 0.001693 0.270893 200.000000 16.129032
10 0.001259 0.293800 300.000000 18.181818
10 0.001085 0.313528 400.000000 19.704433
10 0.000564 0.341556 500.000000 20.833334
10 0.000446 0.331906 600.000000 21.582733
10 0.000350 0.322940 700.000000 22.222221
10 0.000302 0.313863 800.000000 22.662889
20 0.000530 0.061330 100.000000 13.888889
20 0.000334 0.053835 200.000000 16.949152
20 0.000363 0.062138 300.000000 18.867924
20 0.000393 0.075956 400.000000 20.304569
20 0.000028 0.100881 500.000000 21.367521
20 0.000028 0.087869 600.000000 22.140221
20 0.000050 0.076258 700.000000 22.653721
20 0.000052 0.065423 800.000000 23.121387
30 0.000064 0.018514 100.000000 14.925373
30 0.000137 0.018972 200.000000 17.857143
30 0.000234 0.028666 300.000000 19.607843
30 0.000203 0.049740 400.000000 21.052631
30 0.000084 0.063218 500.000000 22.026432
30 0.000091 0.050108 600.000000 22.641510
30 0.000104 0.038134 700.000000 23.178808
30 0.000106 0.027930 800.000000 23.529411
40 0.000076 0.014581 100.000000 16.129032
40 0.000139 0.017450 200.000000 18.867924
40 0.000225 0.027703 300.000000 20.408163
40 0.000209 0.061969 400.000000 21.739130
40 0.000094 0.060302 500.000000 22.624434
40 0.000105 0.047030 600.000000 23.166023
40 0.000112 0.035228 700.000000 23.648649
40 0.000114 0.025022 800.000000 23.952095
50 0.000065 0.009535 100.000000 17.241379
50 0.000170 0.013321 200.000000 19.801981
50 0.000213 0.024560 300.000000 21.276596
50 0.000196 0.058170 400.000000 22.471910
50 0.000109 0.054597 500.000000 23.148148
50 0.000119 0.042380 600.000000 23.715416
50 0.000120 0.030145 700.000000 24.054983
50 0.000131 0.020822 800.000000 24.316109
60 0.000062 0.006801 100.000000 18.518518
60 0.000281 0.008949 200.000000 20.618557
60 0.000260 0.021092 300.000000 21.897810
60 0.000088 0.060684 400.000000 22.988506
60 0.000121 0.049423 500.000000 23.696682
60 0.000131 0.036828 600.000000 24.096386
60 0.000131 0.025048 700.000000 24.475525
60 0.000130 0.017357 800.000000 24.691359
70 0.000068 0.006470 100.000000 19.230770
70 0.000243 0.012359 200.000000 21.276596
70 0.000286 0.022416 300.000000 22.556391
70 0.000080 0.060599 400.000000 23.529411
70 0.000121 0.046978 500.000000 24.154589
70 0.000149 0.034809 600.000000 24.489796
70 0.000132 0.022605 700.000000 24.822695
70 0.000127 0.017287 800.000000 25.000000
80 0.000107 0.005271 100.000000 20.408163
80 0.000261 0.016004 200.000000 21.978022
80 0.000329 0.027963 300.000000 23.255814
80 0.000106 0.064985 400.000000 24.096386
80 0.000124 0.046715 500.000000 24.509804
80 0.000148 0.033983 600.000000 24.896265
80 0.000123 0.022422 700.000000 25.089605
80 0.000129 0.017380 800.000000 25.316456
90 0.000146 0.007465 100.000000 21.276596
90 0.000281 0.020295 200.000000 22.471910
90 0.000376 0.033511 300.000000 23.809525
90 0.000125 0.064147 400.000000 24.539877
90 0.000125 0.046450 500.000000 24.875622
90 0.000145 0.032737 600.000000 25.210085
90 0.000132 0.022252 700.000000 25.362318
90 0.000130 0.018140 800.000000 25.477707
100 0.000246 0.019075 100.000000 21.739130
100 0.000325 0.031999 200.000000 23.255814
100 0.000254 0.063926 300.000000 24.390244
100 0.000123 0.069740 400.000000 24.844721
100 0.000125 0.051482 500.000000 25.252525
100 0.000134 0.036684 600.000000 25.423729
100 0.000133 0.024980 700.000000 25.547445
100 0.000121 0.017906 800.000000 25.723473
110 0.000514 0.019147 100.000000 22.222221
110 0.000352 0.033161 200.000000 23.809525
110 0.000149 0.082900 300.000000 24.793388
110 0.000141 0.065561 400.000000 25.157232
110 0.000142 0.048129 500.000000 25.510204
110 0.000144 0.032497 600.000000 25.641026
110 0.000150 0.021986 700.000000 25.830257
110 0.000127 0.018289 800.000000 25.889967
120 0.000441 0.021992 100.000000 22.727272
120 0.000403 0.030486 200.000000 24.096386
120 0.000082 0.078584 300.000000 25.210085
120 0.000159 0.056221 400.000000 25.477707
120 0.000181 0.039257 500.000000 25.773195
120 0.000159 0.024814 600.000000 25.862068
120 0.000149 0.020117 700.000000 25.925926
120 0.000150 0.023462 800.000000 25.974026
130 0.000422 0.023683 100.000000 23.255814
130 0.000491 0.034163 200.000000 24.691359
130 0.000178 0.079159 300.000000 25.423729
130 0.000179 0.050922 400.000000 25.641026
130 0.000192 0.034240 500.000000 25.906736
130 0.000162 0.022865 600.000000 25.974026
130 0.000166 0.022108 700.000000 26.119404
130 0.000134 0.028287 800.000000 26.143791
140 0.000438 0.023901 100.000000 23.809525
140 0.000276 0.056821 200.000000 25.000000
140 0.000221 0.072416 300.000000 25.641026
140 0.000196 0.046671 400.000000 25.974026
140 0.000196 0.030010 500.000000 26.041666
140 0.000183 0.023065 600.000000 26.086956
140 0.000166 0.027305 700.000000 26.217228
140 0.000120 0.033771 800.000000 26.229507
150 0.000336 0.019226 100.000000 23.809525
150 0.000227 0.080861 200.000000 25.641026
150 0.000283 0.058949 300.000000 25.862068
150 0.000255 0.036565 400.000000 26.143791
150 0.000229 0.026228 500.000000 26.178011
150 0.000225 0.029534 600.000000 26.200872
150 0.000182 0.039822 700.000000 26.315790
150 0.000153 0.046579 800.000000 26.315790
160 0.000358 0.002930 100.000000 25.000000
160 0.000189 0.075763 200.000000 25.974026
160 0.000357 0.043141 300.000000 26.086956
160 0.000326 0.031196 400.000000 26.315790
160 0.000272 0.038733 500.000000 26.315790
160 0.000250 0.051124 600.000000 26.315790
160 0.000226 0.062023 700.000000 26.415094
160 0.000196 0.070453 800.000000 26.402639
170 0.000475 0.007062 100.000000 25.641026
170 0.000447 0.078372 200.000000 26.315790
170 0.000367 0.040473 300.000000 26.315790
170 0.000344 0.033913 400.000000 26.315790
170 0.000268 0.044000 500.000000 26.455027
170 0.000256 0.057297 600.000000 26.431719
170 0.000222 0.068691 700.000000 26.415094
170 0.000195 0.079776 800.000000 26.490067
180 0.000108 0.049508 100.000000 25.641026
180 0.000538 0.070201 200.000000 26.315790
180 0.000391 0.039406 300.000000 26.548672
180 0.000349 0.040854 400.000000 26.490067
180 0.000295 0.052424 500.000000 26.455027
180 0.000258 0.067160 600.000000 26.548672
180 0.000197 0.076593 700.000000 26.515152
180 0.000197 0.106846 800.000000 26.490067
190 0.000168 0.128226 100.000000 26.315790
190 0.000569 0.064214 200.000000 26.315790
190 0.000436 0.041304 300.000000 26.548672
190 0.000358 0.047928 400.000000 26.490067
190 0.000327 0.061214 500.000000 26.455027
190 0.000259 0.075406 600.000000 26.548672
190 0.000214 0.082873 700.000000 26.515152
190 0.000200 0.116751 800.000000 26.490067
200 0.000790 0.132340 100.000000 26.315790
200 0.000694 0.059255 200.000000 26.315790
200 0.000549 0.057054 300.000000 26.548672
200 0.000422 0.075772 400.000000 26.490067
200 0.000357 0.092081 500.000000 26.455027
200 0.000320 0.104245 600.000000 26.431719
200 0.000268 0.111916 700.000000 26.515152
200 0.000248 0.139433 800.000000 26.402639
210 0.001526 0.122195 100.000000 25.641026
210 0.000831 0.073321 200.000000 26.315790
210 0.000628 0.086286 300.000000 26.315790
210 0.000478 0.104483 400.000000 26.490067
210 0.000419 0.120668 500.000000 26.455027
210 0.000320 0.133414 600.000000 26.431719
210 0.000295 0.148065 700.000000 26.415094
210 0.000285 0.162859 800.000000 26.402639
220 0.001239 0.103758 100.000000 25.641026
220 0.000685 0.069132 200.000000 26.315790
220 0.000521 0.079517 300.000000 26.315790
220 0.000421 0.092149 400.000000 26.315790
220 0.000344 0.106697 500.000000 26.455027
220 0.000250 0.113897 600.000000 26.431719
220 0.000250 0.144532 700.000000 26.415094
220 0.000217 0.145670 800.000000 26.315790
230 0.000956 0.025068 100.000000 25.641026
230 0.000553 0.043242 200.000000 26.315790
230 0.000420 0.061374 300.000000 26.315790
230 0.000354 0.074935 400.000000 26.315790
230 0.000278 0.085886 500.000000 26.455027
230 0.000231 0.090137 600.000000 26.431719
230 0.000208 0.119315 700.000000 26.415094
230 0.000173 0.119414 800.000000 26.315790
240 0.000343 0.014399 100.000000 25.641026
240 0.000319 0.004974 200.000000 25.974026
240 0.000212 0.014823 300.000000 26.315790
240 0.000188 0.026880 400.000000 26.315790
240 0.000180 0.034357 500.000000 26.315790
240 0.000143 0.039409 600.000000 26.431719
240 0.000141 0.082775 700.000000 26.315790
240 0.000098 0.082984 800.000000 26.229507
250 0.000169 0.016401 100.000000 25.641026
250 0.000211 0.007693 200.000000 25.974026
250 0.000150 0.003906 300.000000 26.315790
250 0.000151 0.015828 400.000000 26.315790
250 0.000083 0.022324 500.000000 26.315790
250 0.000105 0.059543 600.000000 26.315790
250 0.000082 0.082168 700.000000 26.315790
250 0.000075 0.075557 800.000000 26.229507
260 0.000163 0.024552 100.000000 25.641026
260 0.000160 0.012434 200.000000 25.974026
260 0.000149 0.003162 300.000000 26.315790
260 0.000123 0.009155 400.000000 26.315790
260 0.000063 0.013076 500.000000 26.315790
260 0.000093 0.081659 600.000000 26.315790
260 0.000077 0.080859 700.000000 26.315790
260 0.000063 0.072495 800.000000 26.143791
270 0.000192 0.028530 100.000000 25.641026
270 0.000157 0.011066 200.000000 25.974026
270 0.000146 0.003586 300.000000 26.315790
270 0.000110 0.010649 400.000000 26.315790
270 0.000105 0.013028 500.000000 26.315790
270 0.000103 0.081820 600.000000 26.315790
270 0.000068 0.080759 700.000000 26.217228
270 0.000056 0.071776 800.000000 26.143791
280 0.000289 0.019953 100.000000 25.641026
280 0.000148 0.003748 200.000000 25.974026
280 0.000148 0.008872 300.000000 26.315790
280 0.000149 0.015394 400.000000 26.315790
280 0.000105 0.022570 500.000000 26.315790
280 0.000113 0.083257 600.000000 26.315790
280 0.000070 0.082047 700.000000 26.217228
280 0.000059 0.072796 800.000000 26.058632
290 0.000240 0.012946 100.000000 25.641026
290 0.000152 0.004690 200.000000 25.974026
290 0.000141 0.012544 300.000000 26.315790
290 0.000065 0.016577 400.000000 26.315790
290 0.000096 0.086870 500.000000 26.315790
290 0.000077 0.093679 600.000000 26.200872
290 0.000064 0.081701 700.000000 26.119404
290 0.000058 0.072083 800.000000 26.058632
300 0.000149 0.016492 100.000000 25.641026
300 0.000169 0.008410 200.000000 25.974026
300 0.000103 0.006499 300.000000 26.315790
300 0.000057 0.006569 400.000000 26.315790
300 0.000075 0.095646 500.000000 26.315790
300 0.000064 0.091962 600.000000 26.200872
300 0.000049 0.079501 700.000000 26.119404
300 0.000049 0.069812 800.000000 26.058632
310 0.000104 0.011506 100.000000 25.641026
310 0.000128 0.006470 200.000000 25.974026
310 0.000112 0.006393 300.000000 26.086956
310 0.000087 0.006893 400.000000 26.315790
310 0.000087 0.095647 500.000000 26.178011
310 0.000051 0.091803 600.000000 26.200872
310 0.000044 0.079019 700.000000 26.022305
310 0.000041 0.069389 800.000000 26.058632
320 0.000052 0.014989 100.000000 25.641026
320 0.000094 0.007796 200.000000 25.974026
320 0.000072 0.003852 300.000000 26.086956
320 0.000068 0.027233 400.000000 26.315790
320 0.000090 0.094785 500.000000 26.178011
320 0.000050 0.091378 600.000000 26.086956
320 0.000043 0.078700 700.000000 26.022305
320 0.000037 0.069256 800.000000 26.058632
330 0.000085 0.017854 100.000000 25.641026
330 0.000099 0.005836 200.000000 25.974026
330 0.000044 0.004747 300.000000 26.086956
330 0.000068 0.105354 400.000000 26.143791
330 0.000058 0.109481 500.000000 26.178011
330 0.000049 0.091549 600.000000 26.086956
330 0.000046 0.078780 700.000000 26.022305
330 0.000038 0.069564 800.000000 26.058632
340 0.000209 0.013209 100.000000 25.641026
340 0.000081 0.006134 200.000000 25.974026
340 0.000058 0.005697 300.000000 26.086956
340 0.000064 0.118447 400.000000 26.143791
340 0.000054 0.109470 500.000000 26.178011
340 0.000045 0.091517 600.000000 25.974026
340 0.000047 0.078862 700.000000 26.022305
340 0.000036 0.069807 800.000000 26.058632
350 0.000117 0.008059 100.000000 25.641026
350 0.000133 0.007285 200.000000 25.974026
350 0.000082 0.006635 300.000000 26.086956
350 0.000091 0.118546 400.000000 26.143791
350 0.000049 0.109502 500.000000 26.041666
350 0.000041 0.091595 600.000000 25.974026
350 0.000038 0.078856 700.000000 25.925926
350 0.000034 0.069771 800.000000 26.143791
360 0.000197 0.006933 100.000000 25.641026
360 0.000040 0.009671 200.000000 25.974026
360 0.000077 0.088365 300.000000 26.086956
360 0.000107 0.118874 400.000000 26.143791
360 0.000052 0.109738 500.000000 26.041666
360 0.000044 0.091773 600.000000 25.862068
360 0.000038 0.079017 700.000000 26.022305
360 0.000031 0.069992 800.000000 26.143791
370 0.000088 0.010864 100.000000 25.641026
370 0.000098 0.008089 200.000000 25.974026
370 0.000059 0.157350 300.000000 26.086956
370 0.000056 0.136779 400.000000 25.974026
370 0.000048 0.109657 500.000000 25.906736
370 0.000040 0.092053 600.000000 25.862068
370 0.000032 0.080079 700.000000 26.022305
370 0.000030 0.071334 800.000000 26.143791
380 0.000079 0.010593 100.000000 25.641026
380 0.000066 0.020016 200.000000 25.974026
380 0.000056 0.157187 300.000000 26.086956
380 0.000057 0.137289 400.000000 25.974026
380 0.000050 0.110576 500.000000 25.906736
380 0.000037 0.093740 600.000000 25.862068
380 0.000032 0.082569 700.000000 26.022305
380 0.000030 0.074283 800.000000 26.143791
390 0.000162 0.011547 100.000000 25.641026
390 0.000074 0.011656 200.000000 25.974026
390 0.000088 0.157206 300.000000 26.086956
390 0.000054 0.136610 400.000000 25.974026
390 0.000042 0.110003 500.000000 25.773195
390 0.000034 0.092394 600.000000 25.862068
390 0.000029 0.080805 700.000000 26.022305
390 0.000031 0.078198 800.000000 26.143791
400 0.000210 0.011651 100.000000 25.641026
400 0.000058 0.157455 200.000000 25.974026
400 0.000080 0.174394 300.000000 25.862068
400 0.000060 0.137025 400.000000 25.806452
400 0.000047 0.110807 500.000000 25.773195
400 0.000034 0.093580 600.000000 25.862068
400 0.000033 0.082346 700.000000 26.119404
400 0.000150 0.080325 800.000000 26.229507
410 0.000229 0.018619 100.000000 25.641026
410 0.000062 0.235283 200.000000 25.974026
410 0.000064 0.182265 300.000000 25.862068
410 0.000055 0.137052 400.000000 25.806452
410 0.000038 0.110874 500.000000 25.773195
410 0.000027 0.094172 600.000000 25.974026
410 0.000027 0.082526 700.000000 26.119404
410 0.000148 0.082081 800.000000 26.229507
420 0.000076 0.025495 100.000000 25.641026
420 0.000095 0.235461 200.000000 25.641026
420 0.000070 0.182268 300.000000 25.862068
420 0.000056 0.137562 400.000000 25.641026
420 0.000036 0.111409 500.000000 25.773195
420 0.000029 0.094784 600.000000 25.974026
420 0.000022 0.083322 700.000000 26.119404
420 0.000133 0.084897 800.000000 26.143791
430 0.000119 0.026591 100.000000 25.641026
430 0.000081 0.235660 200.000000 25.641026
430 0.000092 0.183403 300.000000 25.641026
430 0.000074 0.139617 400.000000 25.641026
430 0.000050 0.113953 500.000000 25.773195
430 0.000042 0.098721 600.000000 25.974026
430 0.000133 0.094037 700.000000 26.119404
430 0.000141 0.092461 800.000000 26.143791
440 0.000225 0.365792 100.000000 25.641026
440 0.000109 0.262195 200.000000 25.641026
440 0.000073 0.181885 300.000000 25.641026
440 0.000052 0.136752 400.000000 25.641026
440 0.000035 0.109854 500.000000 25.773195
440 0.000031 0.092182 600.000000 26.086956
440 0.000143 0.087559 700.000000 26.119404
440 0.000107 0.081324 800.000000 26.143791
450 0.000207 0.470192 100.000000 25.000000
450 0.000105 0.272114 200.000000 25.641026
450 0.000057 0.181865 300.000000 25.641026
450 0.000052 0.136715 400.000000 25.641026
450 0.000037 0.110000 500.000000 25.773195
450 0.000024 0.092238 600.000000 26.086956
450 0.000135 0.089059 700.000000 26.119404
450 0.000106 0.083020 800.000000 26.058632
460 0.000107 0.469944 100.000000 25.000000
460 0.000098 0.272512 200.000000 25.316456
460 0.000065 0.183011 300.000000 25.423729
460 0.000033 0.138824 400.000000 25.641026
460 0.000032 0.113728 500.000000 25.906736
460 0.000013 0.097436 600.000000 26.086956
460 0.000157 0.097989 700.000000 26.119404
460 0.000134 0.094933 800.000000 25.974026
470 0.000215 0.365496 100.000000 25.000000
470 0.000075 0.220640 200.000000 25.316456
470 0.000048 0.148648 300.000000 25.423729
470 0.000030 0.112861 400.000000 25.641026
470 0.000034 0.093246 500.000000 25.906736
470 0.000200 0.087802 600.000000 26.086956
470 0.000146 0.085428 700.000000 26.119404
470 0.000105 0.084886 800.000000 25.889967
480 0.000128 0.129727 100.000000 25.000000
480 0.000068 0.066091 200.000000 25.316456
480 0.000037 0.047970 300.000000 25.423729
480 0.000030 0.040821 400.000000 25.641026
480 0.000032 0.038067 500.000000 26.041666
480 0.000201 0.044008 600.000000 26.086956
480 0.000148 0.053092 700.000000 26.119404
480 0.000042 0.061709 800.000000 25.806452
490 0.000106 0.081845 100.000000 25.000000
490 0.000072 0.042250 200.000000 25.316456
490 0.000030 0.035108 300.000000 25.423729
490 0.000031 0.033811 400.000000 25.806452
490 0.000037 0.033208 500.000000 26.041666
490 0.000190 0.043814 600.000000 26.200872
490 0.000146 0.054155 700.000000 26.022305
490 0.000108 0.066163 800.000000 25.723473
500 0.000218 0.085882 100.000000 25.000000
500 0.000103 0.053908 200.000000 25.000000
500 0.000048 0.045491 300.000000 25.423729
500 0.000061 0.044874 400.000000 25.806452
500 0.000030 0.045465 500.000000 26.041666
500 0.000193 0.058664 600.000000 26.200872
500 0.000163 0.067974 700.000000 25.925926
500 0.000126 0.120896 800.000000 25.559105
510 0.000265 0.093541 100.000000 25.000000
510 0.000161 0.063877 200.000000 25.000000
510 0.000085 0.055490 300.000000 25.423729
510 0.000091 0.055774 400.000000 25.974026
510 0.000281 0.057653 500.000000 26.178011
510 0.000204 0.072617 600.000000 26.086956
510 0.000130 0.082123 700.000000 25.830257
510 0.000132 0.173138 800.000000 25.396826
520 0.000060 0.004109 100.000000 24.390244
520 0.000046 0.011617 200.000000 25.000000
520 0.000056 0.017318 300.000000 25.641026
520 0.000056 0.020463 400.000000 25.974026
520 0.000231 0.028350 500.000000 26.178011
520 0.000163 0.043463 600.000000 26.086956
520 0.000051 0.054537 700.000000 25.735294
520 0.000172 0.159354 800.000000 25.236593
530 0.000079 0.003893 100.000000 24.390244
530 0.000052 0.013992 200.000000 25.000000
530 0.000063 0.019602 300.000000 25.641026
530 0.000058 0.021865 400.000000 25.974026
530 0.000217 0.035444 500.000000 26.178011
530 0.000162 0.048558 600.000000 26.086956
530 0.000138 0.068270 700.000000 25.641026
530 0.000162 0.158527 800.000000 25.078369
540 0.000055 0.010767 100.000000 24.390244
540 0.000051 0.013412 200.000000 25.316456
540 0.000064 0.017518 300.000000 25.862068
540 0.000063 0.020568 400.000000 26.143791
540 0.000189 0.037792 500.000000 26.178011
540 0.000156 0.048329 600.000000 25.974026
540 0.000177 0.128378 700.000000 25.454546
540 0.000162 0.156692 800.000000 24.844721
550 0.000083 0.019048 100.000000 24.390244
550 0.000037 0.018929 200.000000 25.316456
550 0.000069 0.023054 300.000000 26.086956
550 0.000287 0.027703 400.000000 26.315790
550 0.000193 0.046124 500.000000 26.178011
550 0.000087 0.057973 600.000000 25.862068
550 0.000187 0.182459 700.000000 25.362318
550 0.000159 0.156775 800.000000 24.464832
560 0.000065 0.022001 100.000000 24.390244
560 0.000066 0.023237 200.000000 25.641026
560 0.000064 0.024809 300.000000 26.086956
560 0.000280 0.033607 400.000000 26.315790
560 0.000191 0.049646 500.000000 26.178011
560 0.000089 0.061018 600.000000 25.751074
560 0.000203 0.181039 700.000000 25.179855
560 0.000162 0.156477 800.000000 24.024025
570 0.000104 0.022997 100.000000 25.000000
570 0.000078 0.024443 200.000000 25.974026
570 0.000063 0.024324 300.000000 26.315790
570 0.000259 0.040417 400.000000 26.315790
570 0.000184 0.054018 500.000000 26.178011
570 0.000176 0.081168 600.000000 25.641026
570 0.000193 0.179802 700.000000 25.000000
570 0.000167 0.157632 800.000000 23.598820
580 0.000075 0.016662 100.000000 25.000000
580 0.000069 0.021326 200.000000 25.974026
580 0.000066 0.023639 300.000000 26.315790
580 0.000237 0.044711 400.000000 26.490067
580 0.000185 0.056498 500.000000 26.041666
580 0.000210 0.149061 600.000000 25.531916
580 0.000187 0.178658 700.000000 24.734982
580 0.000145 0.161661 800.000000 23.054754
590 0.000071 0.014412 100.000000 25.641026
590 0.000068 0.020983 200.000000 26.315790
590 0.000366 0.029091 300.000000 26.548672
590 0.000231 0.049719 400.000000 26.315790
590 0.000099 0.061733 500.000000 26.041666
590 0.000231 0.210891 600.000000 25.316456
590 0.000192 0.177961 700.000000 24.305555
590 0.000176 0.165583 800.000000 22.662889
600 0.000090 0.031646 100.000000 25.641026
600 0.000083 0.031785 200.000000 26.315790
600 0.000388 0.044027 300.000000 26.548672
600 0.000254 0.062270 400.000000 26.315790
600 0.000129 0.074456 500.000000 25.773195
600 0.000229 0.211616 600.000000 25.104603
600 0.000181 0.179280 700.000000 23.809525
600 0.000388 0.167067 800.000000 22.222221
610 0.000116 0.036757 100.000000 25.641026
610 0.000086 0.034062 200.000000 26.666666
610 0.000374 0.056331 300.000000 26.548672
610 0.000259 0.071583 400.000000 26.143791
610 0.000195 0.107318 500.000000 25.641026
610 0.000209 0.211016 600.000000 24.793388
610 0.000180 0.181307 700.000000 23.178808
610 0.000654 0.157443 800.000000 21.798365
620 0.000139 0.035850 100.000000 26.315790
620 0.000075 0.034142 200.000000 26.666666
620 0.000341 0.063619 300.000000 26.548672
620 0.000244 0.076185 400.000000 25.974026
620 0.000242 0.197153 500.000000 25.380711
620 0.000208 0.209405 600.000000 24.390244
620 0.000126 0.187162 700.000000 22.653721
620 0.000692 0.140430 800.000000 21.505377
630 0.000169 0.035235 100.000000 26.315790
630 0.000585 0.045287 200.000000 26.666666
630 0.000340 0.070217 300.000000 26.315790
630 0.000108 0.083498 400.000000 25.806452
630 0.000267 0.254014 500.000000 25.000000
630 0.000212 0.208390 600.000000 23.904383
630 0.000240 0.189722 700.000000 22.082020
630 0.000690 0.121876 800.000000 21.164021
640 0.000093 0.032379 100.000000 26.315790
640 0.000590 0.056292 200.000000 26.666666
640 0.000356 0.075688 300.000000 26.086956
640 0.000214 0.086262 400.000000 25.477707
640 0.000264 0.252372 500.000000 24.752476
640 0.000214 0.208751 600.000000 23.166023
640 0.000540 0.186469 700.000000 21.538462
640 0.000747 0.103605 800.000000 20.725389
650 0.000127 0.029247 100.000000 26.315790
650 0.000504 0.066252 200.000000 26.315790
650 0.000325 0.078766 300.000000 25.862068
650 0.000292 0.160062 400.000000 25.157232
650 0.000267 0.249554 500.000000 24.271845
650 0.000230 0.210759 600.000000 22.471910
650 0.000755 0.168890 700.000000 21.084337
650 0.000988 0.093273 800.000000 20.304569
660 0.000769 0.058956 100.000000 26.315790
660 0.000495 0.079204 200.000000 25.974026
660 0.000293 0.087900 300.000000 25.641026
660 0.000334 0.262704 400.000000 24.844721
660 0.000271 0.248900 500.000000 23.809525
660 0.000129 0.221170 600.000000 21.818182
660 0.000788 0.150572 700.000000 20.771513
660 0.001522 0.093081 800.000000 19.851116
670 0.001110 0.067527 100.000000 25.641026
670 0.000475 0.083438 200.000000 25.974026
670 0.000151 0.094855 300.000000 25.210085
670 0.000371 0.312823 400.000000 24.390244
670 0.000276 0.247743 500.000000 23.041475
670 0.000470 0.221163 600.000000 21.201414
670 0.000817 0.129471 700.000000 20.348837
670 0.001076 0.109412 800.000000 19.417477
680 0.001053 0.092108 100.000000 25.641026
680 0.000476 0.096729 200.000000 25.641026
680 0.000344 0.114461 300.000000 24.793388
680 0.000356 0.311480 400.000000 23.952095
680 0.000278 0.249626 500.000000 22.222221
680 0.000741 0.209806 600.000000 20.689655
680 0.000844 0.111590 700.000000 19.886364
680 0.001019 0.130629 800.000000 19.093079
690 0.001150 0.125614 100.000000 25.641026
690 0.000563 0.121593 200.000000 25.316456
690 0.000360 0.268741 300.000000 24.390244
690 0.000297 0.313070 400.000000 23.529411
690 0.000247 0.254413 500.000000 21.459227
690 0.000936 0.191120 600.000000 20.202021
690 0.001325 0.103070 700.000000 19.444445
700 0.000218 0.012163 100.000000 25.000000
700 0.000255 0.008873 200.000000 24.691359
700 0.000803 0.368624 300.000000 24.000000
700 0.000594 0.294687 400.000000 22.857143
700 0.000118 0.264221 500.000000 20.833334
700 0.000727 0.161004 600.000000 19.867550
700 0.001383 0.133120 700.000000 18.970190
710 0.000183 0.008234 100.000000 25.000000
710 0.000687 0.008052 200.000000 24.390244
710 0.000835 0.383943 300.000000 23.622047
710 0.000593 0.300388 400.000000 21.978022
710 0.000393 0.256758 500.000000 20.161291
710 0.000798 0.148319 600.000000 19.417477
710 0.000978 0.161617 700.000000 18.567638
720 0.000125 0.009957 100.000000 24.390244
720 0.001014 0.136711 200.000000 23.809525
720 0.000778 0.386035 300.000000 23.076923
720 0.000577 0.309061 400.000000 21.164021
720 0.000769 0.223316 500.000000 19.607843
720 0.000812 0.139298 600.000000 18.987341
730 0.000071 0.011221 100.000000 23.809525
730 0.001070 0.379784 200.000000 23.529411
730 0.000732 0.388474 300.000000 22.556391
730 0.000502 0.320406 400.000000 20.304569
730 0.000900 0.204083 500.000000 19.230770
730 0.001419 0.139817 600.000000 18.518518
740 0.000463 0.022437 100.000000 23.809525
740 0.001119 0.574974 200.000000 22.988506
740 0.000732 0.392077 300.000000 21.739130
740 0.000149 0.319618 400.000000 19.704433
740 0.000900 0.186292 500.000000 18.867924
740 0.001735 0.149785 600.000000 18.072289
750 0.001370 0.023741 100.000000 23.255814
750 0.001158 0.576276 200.000000 22.471910
750 0.000734 0.399000 300.000000 20.833334
750 0.000529 0.316225 400.000000 19.047619
750 0.000988 0.172375 500.000000 18.518518
750 0.001173 0.185590 600.000000 17.751480
760 0.001918 0.272520 100.000000 22.727272
760 0.001108 0.578629 200.000000 21.978022
760 0.000732 0.410285 300.000000 20.000000
760 0.000992 0.277099 400.000000 18.604650
760 0.001000 0.163294 500.000000 18.050541
770 0.002143 0.758078 100.000000 22.222221
770 0.001100 0.582460 200.000000 21.505377
770 0.000701 0.429304 300.000000 19.230770
770 0.001130 0.254487 400.000000 18.181818
770 0.001706 0.167965 500.000000 17.605635
780 0.001904 1.148589 100.000000 21.739130
780 0.000933 0.583816 200.000000 20.833334
780 0.000247 0.421960 300.000000 18.518518
780 0.001210 0.224819 400.000000 17.857143
780 0.002128 0.169872 500.000000 17.241379
790 0.001216 1.148328 100.000000 21.276596
790 0.000539 0.580723 200.000000 19.801981
790 0.001006 0.395874 300.000000 17.964071
790 0.001451 0.179809 400.000000 17.543859
790 0.001604 0.193650 500.000000 16.891891
800 0.000431 1.012555 100.000000 20.833334
800 0.000193 0.508671 200.000000 18.867924
800 0.001785 0.310571 300.000000 17.441860
800 0.001677 0.102164 400.000000 17.167381
800 0.001791 0.190935 500.000000 16.666666
810 0.000145 0.568414 100.000000 20.408163
810 0.000087 0.284838 200.000000 18.018019
810 0.002138 0.162074 300.000000 17.142857
810 0.002460 0.030523 400.000000 16.806723
820 0.000046 0.217210 100.000000 19.607843
820 0.000855 0.137319 200.000000 17.241379
820 0.002207 0.126934 300.000000 16.853933
820 0.003410 0.119561 400.000000 16.393442
830 0.000067 0.010622 100.000000 18.518518
830 0.001592 0.114116 200.000000 16.666666
830 0.002254 0.192372 300.000000 16.574585
830 0.002540 0.203453 400.000000 16.129032
840 0.000069 0.011752 100.000000 17.241379
840 0.002364 0.167120 200.000000 16.129032
840 0.002366 0.210642 300.000000 16.304348
840 0.002316 0.211830 400.000000 15.873015
850 0.000068 0.013170 100.000000 16.393442
850 0.003113 0.269021 200.000000 15.873015
850 0.002652 0.225309 300.000000 15.957447
860 0.000117 0.012250 100.000000 15.625000
860 0.003299 0.260103 200.000000 15.625000
860 0.003408 0.227419 300.000000 15.625000
870 0.002034 0.126991 100.000000 14.925373
870 0.003311 0.265039 200.000000 15.503876
870 0.004643 0.226027 300.000000 15.384615
880 0.002895 0.214879 100.000000 14.705882
880 0.003340 0.280128 200.000000 15.503876
880 0.003783 0.263061 300.000000 15.306123
890 0.004186 0.271508 100.000000 14.705882
890 0.003427 0.298327 200.000000 15.625000
890 0.003021 0.280705 300.000000 15.306123
900 0.005248 0.351725 100.000000 14.925373
900 0.003528 0.319126 200.000000 15.625000
900 0.003089 0.275981 300.000000 15.306123
910 0.006321 0.525375 100.000000 14.925373
910 0.004132 0.335441 200.000000 15.503876
920 0.006547 0.512445 100.000000 15.384615
920 0.005124 0.339669 200.000000 15.503876
930 0.005913 0.457568 100.000000 15.625000
930 0.005431 0.326750 200.000000 15.503876
940 0.004300 0.422998 100.000000 15.873015
940 0.005056 0.255451 200.000000 15.384615
950 0.003380 0.335424 100.000000 16.129032
950 0.003373 0.253454 200.000000 15.384615
960 0.002640 0.305207 100.000000 16.129032
960 0.002389 0.242886 200.000000 15.384615
970 0.001410 0.120032 100.000000 15.873015
970 0.001829 0.211893 200.000000 15.384615
980 0.002692 0.028425 100.000000 15.625000
990 0.004357 0.030685 100.000000 15.151515
1000 0.005118 0.103269 100.000000 14.705882
1010 0.003411 0.249335 100.000000 14.492754
1020 0.002117 0.337139 100.000000 14.492754
1030 0.002248 0.339675 100.000000 14.705882
