0 0.000051 0.008643 100.000000 6.289308
0 0.000051 0.001835 200.000000 6.666667
0 0.000078 0.005300 300.000000 7.194244
0 0.000079 0.005994 400.000000 7.312614
0 0.000079 0.006520 500.000000 7.587254
10 0.000071 0.006663 100.000000 6.211180
10 0.000065 0.002950 200.000000 6.666667
10 0.000087 0.006451 300.000000 7.194244
10 0.000084 0.007814 400.000000 7.299270
10 0.000076 0.008901 500.000000 7.575758
20 0.000099 0.001972 100.000000 6.134969
20 0.000077 0.004956 200.000000 6.666667
20 0.000091 0.008987 300.000000 7.194244
20 0.000088 0.009339 400.000000 7.299270
20 0.000080 0.010530 500.000000 7.552870
30 0.000119 0.006368 100.000000 5.952381
30 0.000081 0.009290 200.000000 6.688963
30 0.000092 0.011445 300.000000 7.211538
30 0.000082 0.010522 400.000000 7.312614
30 0.000071 0.011757 500.000000 7.541478
40 0.000094 0.007895 100.000000 5.847953
40 0.000073 0.008991 200.000000 6.734007
40 0.000096 0.009998 300.000000 7.246377
40 0.000085 0.008819 400.000000 7.326007
40 0.000076 0.009716 500.000000 7.518797
50 0.000056 0.009136 100.000000 5.847953
50 0.000074 0.009846 200.000000 6.779661
50 0.000110 0.008741 300.000000 7.281553
50 0.000076 0.007700 400.000000 7.366483
50 0.000076 0.008492 500.000000 7.485030
60 0.000073 0.007620 100.000000 5.988024
60 0.000114 0.008654 200.000000 6.896552
60 0.000111 0.007881 300.000000 7.352941
60 0.000073 0.007381 400.000000 7.434944
60 0.000077 0.008550 500.000000 7.429420
70 0.000106 0.013172 100.000000 6.211180
70 0.000123 0.013887 200.000000 7.042253
70 0.000116 0.012240 300.000000 7.481297
70 0.000078 0.011115 400.000000 7.518797
70 0.000084 0.011306 500.000000 7.418397
80 0.000170 0.009231 100.000000 6.451613
80 0.000127 0.012607 200.000000 7.220217
80 0.000119 0.013799 300.000000 7.614213
80 0.000087 0.013625 400.000000 7.619048
80 0.000069 0.015259 500.000000 7.440476
90 0.000193 0.008524 100.000000 6.711410
90 0.000156 0.013541 200.000000 7.380074
90 0.000127 0.015676 300.000000 7.751938
90 0.000094 0.015939 400.000000 7.722008
90 0.000065 0.018115 500.000000 7.440476
100 0.000142 0.005628 100.000000 6.896552
100 0.000125 0.012045 200.000000 7.518797
100 0.000118 0.013693 300.000000 7.832898
100 0.000085 0.014055 400.000000 7.797271
100 0.000055 0.016074 500.000000 7.342144
110 0.000162 0.006153 100.000000 6.896552
110 0.000125 0.013531 200.000000 7.547170
110 0.000117 0.015221 300.000000 7.894737
110 0.000089 0.015800 400.000000 7.858546
120 0.000183 0.008768 100.000000 6.849315
120 0.000138 0.015028 200.000000 7.575758
120 0.000106 0.016295 300.000000 7.894737
120 0.000089 0.016673 400.000000 7.905138
130 0.000212 0.011484 100.000000 6.849315
130 0.000151 0.016199 200.000000 7.575758
130 0.000113 0.017702 300.000000 7.812500
130 0.000097 0.017505 400.000000 7.920792
140 0.000192 0.013167 100.000000 6.896552
140 0.000138 0.016105 200.000000 7.633588
140 0.000117 0.016990 300.000000 7.751938
140 0.000104 0.016842 400.000000 7.936508
150 0.000147 0.012584 100.000000 6.993007
150 0.000133 0.015224 200.000000 7.662835
150 0.000112 0.015028 300.000000 7.712082
150 0.000106 0.014587 400.000000 7.968128
160 0.000134 0.009657 100.000000 7.042253
160 0.000122 0.012074 200.000000 7.722008
160 0.000100 0.012132 300.000000 7.712082
160 0.000087 0.012137 400.000000 7.984032
170 0.000145 0.005905 100.000000 7.142857
170 0.000111 0.008356 200.000000 7.782101
170 0.000094 0.009217 300.000000 7.731959
170 0.000078 0.009804 400.000000 8.000000
180 0.000105 0.005214 100.000000 7.246377
180 0.000102 0.008061 200.000000 7.843137
180 0.000090 0.007948 300.000000 7.772021
180 0.000077 0.008590 400.000000 8.000000
190 0.000152 0.004081 100.000000 7.407407
190 0.000103 0.006675 200.000000 7.936508
190 0.000089 0.006762 300.000000 7.832898
190 0.000073 0.007658 400.000000 8.032128
200 0.000128 0.005587 100.000000 7.575758
200 0.000111 0.007382 200.000000 8.064516
200 0.000085 0.007344 300.000000 7.915567
200 0.000064 0.008659 400.000000 8.064516
210 0.000120 0.009327 100.000000 7.812500
210 0.000107 0.009430 200.000000 8.163265
210 0.000084 0.007885 300.000000 7.978724
210 0.000073 0.008642 400.000000 8.080808
220 0.000102 0.012083 100.000000 8.000000
220 0.000156 0.007959 200.000000 8.264462
220 0.000094 0.005398 300.000000 8.021390
220 0.000092 0.005952 400.000000 8.016032
230 0.000148 0.017075 100.000000 8.064516
230 0.000133 0.010004 200.000000 8.298756
230 0.000077 0.007623 300.000000 8.064516
230 0.000089 0.007022 400.000000 7.782101
240 0.000201 0.019183 100.000000 8.130081
240 0.000159 0.011487 200.000000 8.368201
240 0.000109 0.008948 300.000000 8.108109
240 0.000079 0.009092 400.000000 7.575758
250 0.000137 0.013524 100.000000 8.196721
250 0.000156 0.006243 200.000000 8.438819
250 0.000107 0.004434 300.000000 8.174387
260 0.000132 0.014841 100.000000 8.333333
260 0.000134 0.006621 200.000000 8.510638
260 0.000098 0.004478 300.000000 8.264462
270 0.000183 0.015019 100.000000 8.333333
270 0.000139 0.006457 200.000000 8.438819
270 0.000107 0.003360 300.000000 8.310249
280 0.000196 0.011143 100.000000 8.403361
280 0.000151 0.005175 200.000000 8.230453
280 0.000123 0.002566 300.000000 8.333333
290 0.000171 0.011072 100.000000 8.403361
290 0.000147 0.005066 200.000000 8.130081
290 0.000135 0.003120 300.000000 8.333333
300 0.000228 0.011572 100.000000 8.403361
300 0.000155 0.005675 200.000000 8.064516
300 0.000127 0.003184 300.000000 8.310249
310 0.000193 0.010882 100.000000 8.403361
310 0.000146 0.004974 200.000000 8.000000
310 0.000118 0.004143 300.000000 8.287292
320 0.000247 0.007340 100.000000 8.474576
320 0.000150 0.002956 200.000000 8.000000
320 0.000113 0.002863 300.000000 8.241758
330 0.000236 0.003172 100.000000 8.474576
330 0.000137 0.003657 200.000000 8.032128
330 0.000087 0.003072 300.000000 8.196721
340 0.000256 0.004680 100.000000 8.474576
340 0.000123 0.006006 200.000000 8.000000
340 0.000093 0.006172 300.000000 8.064516
350 0.000193 0.000884 100.000000 8.403361
350 0.000076 0.003144 200.000000 8.000000
350 0.000086 0.004195 300.000000 7.751938
360 0.000180 0.004254 100.000000 8.474576
360 0.000100 0.006891 200.000000 8.032128
360 0.000064 0.005987 300.000000 7.425743
370 0.000211 0.002535 100.000000 8.547009
370 0.000112 0.004825 200.000000 8.130081
380 0.000174 0.001907 100.000000 8.547009
380 0.000111 0.004535 200.000000 8.196721
390 0.000130 0.005784 100.000000 8.333333
390 0.000093 0.008478 200.000000 8.230453
400 0.000146 0.005008 100.000000 7.936508
400 0.000105 0.006108 200.000000 8.230453
410 0.000149 0.006693 100.000000 7.692307
410 0.000138 0.008523 200.000000 8.230453
420 0.000107 0.006090 100.000000 7.575758
420 0.000087 0.007252 200.000000 8.196721
430 0.000100 0.005494 100.000000 7.518797
430 0.000088 0.007579 200.000000 8.163265
440 0.000070 0.003563 100.000000 7.518797
440 0.000056 0.005991 200.000000 8.064516
450 0.000062 0.006681 100.000000 7.518797
450 0.000043 0.009487 200.000000 7.968128
460 0.000027 0.007817 100.000000 7.518797
460 0.000059 0.008601 200.000000 7.751938
470 0.000049 0.009236 100.000000 7.575758
470 0.000148 0.007391 200.000000 7.272727
480 0.000096 0.013211 100.000000 7.575758
480 0.000107 0.012054 200.000000 6.756757
490 0.000064 0.011849 100.000000 7.692307
500 0.000104 0.010021 100.000000 7.874016
510 0.000105 0.011012 100.000000 8.064516
520 0.000101 0.011896 100.000000 8.333333
530 0.000123 0.012566 100.000000 8.547009
540 0.000136 0.011568 100.000000 8.771930
550 0.000130 0.012825 100.000000 8.849558
560 0.000093 0.009728 100.000000 8.771930
570 0.000059 0.008798 100.000000 8.620689
580 0.000069 0.008719 100.000000 8.403361
590 0.000150 0.011788 100.000000 8.000000
600 0.000260 0.008912 100.000000 6.993007
610 0.000139 0.012600 100.000000 6.060606
