-0.000000 0.000000 0.000000 0.000000
-0.031067 2.888054 -0.032063 2.887183
-0.064585 5.738958 0.102916 5.712589
-0.101303 8.535486 0.100524 8.501135
-0.142195 11.339520 0.049460 11.257610
-0.184906 14.041360 -0.009042 13.979460
-0.236713 16.743090 -0.107364 16.667450
-0.293743 19.414190 -0.180950 19.325840
-0.351775 22.037930 -0.299963 21.929340
-0.412104 24.615430 -0.395809 24.469310
-0.469077 27.080370 -0.472156 26.903700
-0.537729 29.454710 -0.544090 29.253230
-0.609883 31.753310 -0.636338 31.522560
-0.707028 33.962280 -0.703450 33.730100
-0.822501 36.085730 -0.808853 35.800150
-0.935694 38.111240 -0.929042 37.789140
-1.022967 40.037480 -1.033033 39.711630
-1.107347 41.890890 -1.133862 41.499070
-1.156523 43.592390 -1.162724 43.141590
-1.165281 45.110470 -1.155705 44.595630
-1.139704 46.435620 -1.108234 45.852040
-1.077742 47.567320 -1.035388 46.888800
-1.006263 48.450880 -1.075242 47.729300
-0.897746 49.232390 -0.989069 48.501890
-0.757712 49.986150 -0.853766 49.249200
-0.562625 50.707270 -0.682025 49.971530
-0.317219 51.420200 -0.393237 50.654240
0.000274 52.129820 -0.082703 51.370670
0.427978 52.800310 0.335574 52.056240
0.965237 53.472800 0.892194 52.747680
1.658262 54.153430 1.637330 53.451490
2.612681 54.789880 2.606919 54.150120
3.766145 55.335410 3.803465 54.713620
5.103719 55.721430 5.138145 55.195970
6.612372 55.902800 6.657939 55.468340
8.209580 55.971350 8.308563 55.527970
9.933246 55.981820 10.072610 55.552640
11.755010 55.963040 11.923360 55.553360
13.673080 55.883300 13.877480 55.477130
15.697980 55.779010 15.934870 55.406390
17.784720 55.672100 18.053210 55.321350
19.978240 55.590270 20.264420 55.341530
22.167140 55.510110 22.454340 55.261180
24.373310 55.484540 24.663230 55.298490
26.568060 55.472620 26.856780 55.308380
28.777650 55.510270 29.067540 55.346150
30.985590 55.548590 31.284310 55.409390
33.207400 55.613480 33.508360 55.488240
35.442520 55.709300 35.755500 55.594030
37.704740 55.826600 38.022950 55.723080
40.002200 55.976310 40.337310 55.851300
42.339510 56.141300 42.691810 55.994510
44.713720 56.343910 45.062840 56.227330
47.122240 56.605330 47.476350 56.461210
49.540680 56.921620 49.917510 56.822040
51.989070 57.297260 52.335800 57.191290
54.343180 57.698510 54.663030 57.621810
56.645460 58.120330 56.939580 58.063970
58.876010 58.567270 59.139040 58.555860
61.013190 59.021080 61.234530 59.038230
63.055930 59.468430 63.249300 59.491910
65.032810 59.902180 65.190650 59.942790
66.922080 60.298360 67.059770 60.358800
68.724720 60.677920 68.806920 60.768660
70.449950 61.033000 70.509370 61.088280
72.086540 61.346730 72.132570 61.386280
73.701140 61.657010 73.745550 61.712510
75.335240 61.944750 75.382180 62.064600
76.992600 62.291350 77.065110 62.411120
78.692590 62.691950 78.775990 62.855420
80.453400 63.179850 80.537010 63.369090
82.265790 63.740490 82.382350 63.945380
84.194030 64.399810 84.343680 64.632310
86.224450 65.153770 86.405800 65.422870
88.357870 65.993410 88.556190 66.269030
90.502450 66.907090 90.713300 67.168910
92.609040 67.903710 92.811610 68.131550
94.633120 68.920130 94.797770 69.143530
96.583420 69.912990 96.737810 70.110590
98.435050 70.883890 98.573080 71.050520
100.212200 71.816210 100.338600 71.943790
101.905500 72.735820 102.033400 72.784070
103.511500 73.620900 103.672400 73.568580
105.060100 74.482340 105.225000 74.374470
106.565000 75.343110 106.745600 75.199410
108.028900 76.228830 108.243100 76.009990
109.484600 77.160920 109.662000 77.049720
111.012500 78.171090 111.199800 78.097620
112.582900 79.246780 112.764500 79.225120
114.228600 80.425890 114.428400 80.458610
115.947600 81.729260 116.172200 81.779160
117.700100 83.151090 117.933000 83.250050
119.523000 84.685210 119.832300 84.769880
121.433400 86.292660 121.761000 86.378970
123.377700 87.978210 123.668500 88.108180
125.311100 89.753620 125.589900 89.930860
127.275600 91.596860 127.519200 91.820200
129.224500 93.463900 129.438700 93.736020
131.149100 95.403230 131.377200 95.670280
133.059000 97.419260 133.246400 97.721680
134.953900 99.488560 135.199400 99.777240
136.852800 101.578900 137.039300 101.896400
138.768400 103.700800 138.938100 104.002800
140.668600 105.771500 140.804000 106.124600
142.593300 107.805600 142.715700 108.135800
144.499400 109.783900 144.606100 110.151400
146.448400 111.754000 146.466300 112.144200
148.396300 113.639400 148.409300 114.043000
150.376300 115.438400 150.326500 115.908700
152.404100 117.222400 152.311800 117.745500
154.478600 118.989300 154.352300 119.565200
156.645400 120.724500 156.473800 121.378500
158.905800 122.432200 158.686700 123.111700
161.194700 124.063600 160.919800 124.839900
163.498700 125.601900 163.156000 126.466000
165.800800 127.092000 165.329500 128.086100
168.046900 128.527100 167.466700 129.593100
170.193100 129.881700 169.587900 130.964100
172.320500 131.175000 171.696000 132.212100
174.354500 132.418200 173.695400 133.483500
176.353200 133.630800 175.648900 134.711300
178.293700 134.777800 177.575400 135.809100
180.174800 135.863800 179.437700 136.856300
181.990300 136.890800 181.214000 137.894000
183.746700 137.844100 182.986300 138.769500
185.502900 138.752600 184.763600 139.651200
187.316700 139.650000 186.560600 140.616400
189.197800 140.526600 188.455100 141.498800
191.166700 141.381000 190.429400 142.398500
193.245000 142.204500 192.521800 143.272400
195.460000 143.026300 194.760800 144.096700
197.772100 143.833600 197.109300 144.874900
200.145100 144.607400 199.532200 145.615500
202.692400 145.397600 202.102500 146.331600
205.249500 146.171900 204.693300 147.005000
207.860900 146.926000 207.315100 147.802900
210.549200 147.643600 210.015100 148.566500
213.300400 148.348200 212.783300 149.195300
216.084100 149.048900 215.576500 149.809200
218.860300 149.726200 218.364800 150.447500
221.644800 150.382100 221.134800 151.113600
224.412100 151.021800 223.888800 151.730900
227.167600 151.643200 226.657700 152.342100
229.918900 152.230300 229.394000 152.884000
232.689500 152.785800 232.182800 153.338900
235.449300 153.313200 234.945900 153.823600
238.199800 153.803200 237.674300 154.269600
240.934200 154.256400 240.410000 154.763900
243.668800 154.668400 243.129100 155.184400
246.368400 155.041200 245.819500 155.583600
249.069800 155.358200 248.494500 155.934000
251.725900 155.632800 251.156600 156.214600
254.402400 155.881300 253.813600 156.463400
257.042800 156.089700 256.448300 156.641900
259.660100 156.224000 259.053000 156.764200
262.271700 156.315800 261.660900 156.819300
264.865700 156.356900 264.246300 156.875800
267.459400 156.359600 266.836500 156.918600
270.039500 156.343700 269.401300 156.824200
272.588200 156.330000 271.943900 156.804900
275.056200 156.330100 274.367700 156.853400
277.448400 156.359600 276.726300 156.825200
279.738200 156.429500 278.983600 156.862400
281.938200 156.520200 281.155700 156.888400
284.012100 156.634000 283.180700 156.975000
285.967000 156.761600 285.097900 157.021000
287.810800 156.898300 286.917100 157.133700
289.549300 157.041600 288.617800 157.249400
291.199000 157.180400 290.234700 157.356700
292.759600 157.324200 291.759500 157.520900
294.237400 157.467800 293.221300 157.681900
295.702000 157.617000 294.696100 157.809900
297.209000 157.765400 296.211700 157.989600
298.767900 157.889400 297.802200 158.093300
300.432800 158.016900 299.498500 158.254500
302.189300 158.141600 301.268200 158.420800
304.038500 158.267800 303.152800 158.586300
305.995200 158.405700 305.130500 158.670200
308.048700 158.531900 307.210200 158.813800
310.174500 158.661100 309.360900 158.901500
312.381400 158.771100 311.600100 159.058500
314.676200 158.867600 313.908800 159.157200
317.037300 158.975500 316.297200 159.195700
319.477900 159.096700 318.752400 159.311800
321.983300 159.231700 321.285000 159.354400
324.556700 159.385400 323.888800 159.487300
327.199000 159.561700 326.545500 159.650000
329.888000 159.763100 329.244300 159.810500
332.606500 159.992500 331.970900 160.041400
335.346200 160.242300 334.713500 160.263200
338.087800 160.502200 337.453500 160.462400
340.808300 160.751300 340.168400 160.678800
343.520500 160.989100 342.870900 160.986400
346.223500 161.227200 345.561700 161.251500
348.906500 161.474100 348.253500 161.450400
351.590100 161.717700 350.928000 161.688900
354.273100 161.969400 353.598900 162.036300
356.966000 162.239900 356.277500 162.387700
359.666600 162.550200 358.979400 162.678600
362.375700 162.896300 361.680400 162.979600
365.062800 163.323000 364.348700 163.476900
367.727000 163.850800 366.993200 164.005500
370.348600 164.475400 369.610700 164.629100
372.964400 165.138700 372.212000 165.334700
375.599800 165.826700 374.850400 166.008000
378.229900 166.566100 377.472600 166.745400
380.801800 167.357500 380.019000 167.517200
383.318400 168.171800 382.533700 168.333100
385.808200 169.013900 385.027500 169.071300
388.246500 169.856400 387.462000 169.910800
390.650800 170.695000 389.850100 170.743300
393.014800 171.503500 392.230700 171.521100
395.404400 172.284100 394.592800 172.304700
397.780400 173.063700 396.978100 173.114500
400.205400 173.874000 399.424800 173.942600
402.725900 174.699400 401.918700 174.765600
405.238700 175.529800 404.489900 175.564200
407.810400 176.369600 407.064500 176.372600
410.380800 177.246300 409.656400 177.182000
412.944100 178.091800 412.252600 177.871900
415.502100 178.907300 414.807000 178.641600
417.987000 179.722000 417.218800 179.538000
420.400700 180.499000 419.584900 180.350300
422.723500 181.229600 421.876100 181.033400
424.970600 181.953100 424.115600 181.724700
427.191300 182.654700 426.283100 182.491200
429.364900 183.330700 428.442400 183.182000
431.542400 184.015100 430.598700 183.864800
433.709700 184.706100 432.780700 184.561200
435.894400 185.396800 434.899300 185.313600
437.987000 186.094800 436.992800 185.885300
439.976500 186.775400 438.955300 186.575500
441.889500 187.423200 440.850400 187.202000
443.709700 188.041300 442.660400 187.738500
445.449300 188.641500 444.299000 188.204400
447.056300 189.201200 445.877200 188.802500
448.590500 189.739900 447.337600 189.404000
450.015000 190.249300 448.693200 189.960000
451.352700 190.721500 450.004400 190.350200
452.596100 191.161200 451.188100 190.802000
453.710200 191.550200 452.298700 190.986600
454.731200 191.911400 453.286200 191.343900
455.653200 192.246800 454.181300 191.635700
456.505300 192.533700 454.991800 191.972900
457.319300 192.826200 455.808000 192.201700
458.109900 193.111500 456.615600 192.357400
458.896600 193.410900 457.436400 192.481800
459.697700 193.760100 458.229600 192.872200
460.531700 194.165900 459.112200 193.205400
461.370300 194.631800 459.912200 193.711900
462.158600 195.139900 460.595500 194.287300
462.899600 195.612800 461.299200 194.718900
463.586200 195.962000 461.972300 195.096100
464.354300 196.273600 462.691400 195.443900
465.139400 196.550800 463.486100 195.694900
465.948600 196.799800 464.295600 195.909300
466.714000 197.006300 465.037600 196.109200
467.409700 197.209000 465.704200 196.294500
468.004600 197.427000 466.243800 196.530700
468.491000 197.643300 466.701000 196.722600
468.884200 197.788300 467.065500 196.869100
469.204000 197.984300 467.353200 197.076200
469.473000 198.134800 467.598200 197.239100
469.708700 198.262200 467.802700 197.381400
469.857800 198.400100 467.923300 197.522600
469.984600 198.505100 467.996200 197.605600
470.093200 198.600100 468.117200 197.690900
