0.000000 -0.000000 0.000000 0.000000
-0.140643 2.574964 -0.092830 2.577293
-0.281220 5.148987 -0.157689 5.156418
-0.421837 7.724036 -0.266337 7.732299
-0.562431 10.298960 -0.405493 10.307850
-0.701879 12.869650 -0.413904 12.882070
-0.854664 15.479570 -0.466414 15.522080
-1.011589 18.173180 -0.743479 18.227680
-1.171840 20.913680 -0.925718 20.980820
-1.334841 23.709530 -1.117191 23.789280
-1.487044 26.544710 -1.289092 26.632570
-1.633363 29.422930 -1.516579 29.529700
-1.768976 32.357140 -1.615993 32.465990
-1.929780 35.330970 -1.844067 35.511340
-2.126953 38.471510 -1.985028 38.631340
-2.329940 41.561110 -2.343771 41.698580
-2.535885 44.597900 -2.579524 44.710960
-2.728914 47.592750 -2.799286 47.690580
-2.937935 50.537730 -3.111329 50.622240
-3.130185 53.464980 -3.327175 53.530410
-3.310922 56.350390 -3.560445 56.410200
-3.511313 59.225400 -3.844326 59.256470
-3.703384 62.006320 -4.148694 61.997790
-3.912602 64.697860 -4.321108 64.648430
-4.114442 67.264550 -4.557815 67.171540
-4.313021 69.714240 -4.845590 69.576720
-4.514875 72.037350 -5.276468 71.802680
-4.709494 74.175390 -5.552430 73.876290
-4.891889 76.138280 -5.930588 75.744680
-5.039038 77.925340 -6.126728 77.484360
-5.159772 79.592300 -6.276904 79.110200
-5.235209 81.135380 -6.303475 80.608630
-5.207469 82.555940 -6.091121 81.962600
-5.029560 83.885300 -5.692521 83.166160
-4.680938 85.118200 -5.165240 84.304870
-4.130089 86.200010 -4.750595 85.420620
-3.393066 87.095580 -4.055133 86.320980
-2.508137 87.820100 -3.245782 87.132190
-1.511055 88.343490 -2.311719 87.764980
-0.450022 88.747950 -1.256759 88.209390
0.676345 89.023150 -0.143822 88.532650
1.832910 89.277150 1.021248 88.848230
3.089762 89.418990 2.309000 89.046980
4.475771 89.556060 3.722194 89.270350
5.974572 89.621010 5.261277 89.387980
7.614093 89.671530 6.946640 89.560000
9.420230 89.707860 8.803930 89.690480
11.388370 89.721450 10.814210 89.819250
13.505010 89.738680 12.970980 90.001870
15.773680 89.805260 15.281830 90.161060
18.156510 89.929480 17.655820 90.481830
20.581930 90.082780 20.083600 90.760500
23.034320 90.227690 22.531040 90.966160
25.478370 90.365000 24.958140 91.179410
27.909920 90.499220 27.383420 91.426610
30.340320 90.588890 29.796380 91.600400
32.740690 90.598330 32.183590 91.726070
35.110390 90.529620 34.541680 91.694190
37.430830 90.386730 36.841110 91.565230
39.683630 90.176290 39.082320 91.513540
41.863240 89.910310 41.252430 91.414930
43.959460 89.634420 43.315470 91.240770
45.922800 89.378560 45.235440 91.133030
47.726310 89.193250 46.983990 91.030870
49.366470 89.121130 48.590400 90.998890
50.939410 89.191540 50.156750 91.089460
52.464070 89.450930 51.663030 91.413700
53.889450 89.945260 53.006290 92.054710
55.133190 90.660970 54.204210 92.776100
56.158450 91.620300 55.223440 93.734000
56.967930 92.764920 56.017870 94.899290
57.539920 94.061200 56.577220 96.213580
57.927200 95.446880 56.982310 97.617420
58.277310 96.884370 57.344780 99.066570
58.589460 98.403450 57.676730 100.610500
58.940360 100.002400 58.029170 102.236700
59.343230 101.692600 58.413930 103.977600
59.798800 103.499800 58.864100 105.825500
60.309140 105.392300 59.304810 107.755500
60.819120 107.363700 59.793510 109.780700
61.355080 109.477800 60.335820 111.925000
61.874140 111.669200 60.840650 114.152000
62.417580 113.964900 61.390360 116.486800
62.973720 116.373200 61.863020 118.943000
63.512460 118.836400 62.413890 121.413800
64.057360 121.342700 62.889510 123.948100
64.655860 123.876700 63.452500 126.503400
65.262090 126.422600 64.046000 129.055000
65.864770 128.941000 64.621150 131.542300
66.510510 131.382800 65.258020 134.022500
67.135460 133.867500 65.825210 136.471000
67.748220 136.262500 66.360620 138.898300
68.311480 138.668800 66.874080 141.315100
68.830800 141.066900 67.404440 143.694000
69.359830 143.451000 67.919040 146.064000
69.844620 145.829800 68.394470 148.461800
70.257380 148.240700 68.921630 150.830400
70.634070 150.615300 69.336250 153.213500
70.952630 153.048800 69.607780 155.648200
71.236680 155.482600 69.866220 158.100600
71.430750 157.958600 70.042420 160.573000
71.592060 160.420500 70.126400 163.032000
71.705560 162.889100 70.229220 165.522500
71.811250 165.386800 70.349770 167.994000
71.901490 167.846500 70.314610 170.474900
71.944200 170.358200 70.302060 172.993700
71.944230 172.867000 70.262220 175.491600
71.880770 175.411200 70.168870 178.057800
71.759300 177.947700 70.025440 180.576600
71.629380 180.489300 69.963870 183.142400
71.495820 183.069400 69.798670 185.707900
71.389860 185.611000 69.693810 188.261800
71.229200 188.181800 69.517680 190.810100
71.075770 190.694700 69.343780 193.325500
70.908190 193.208300 69.165270 195.829600
70.732240 195.676300 68.983760 198.278900
70.587330 197.902600 68.875770 200.399000
70.462020 200.022200 68.742950 202.517700
70.336670 202.141700 68.514500 204.626800
70.211280 204.261000 68.420980 206.747300
70.085900 206.379000 68.276770 208.864200
69.986060 208.445300 68.300530 210.872300
70.007780 210.375700 68.408000 212.789500
70.026080 212.295900 68.412970 214.719600
70.017620 214.252400 68.430700 216.677000
70.013230 216.217200 68.422390 218.666500
69.972110 218.270700 68.382740 220.737200
69.934360 220.317400 68.324600 222.743100
69.972850 222.305500 68.264970 224.765000
69.981630 224.353700 68.226860 226.803000
69.981870 226.399100 68.175200 228.865600
69.949190 228.454500 68.094910 230.900700
69.907170 230.454300 68.004090 232.886600
69.859830 232.418200 67.955810 234.814700
69.810200 234.247600 67.803810 236.586500
69.754960 235.896800 67.735140 238.184200
69.602960 237.437200 67.584350 239.714000
69.315000 238.920100 67.356950 241.187400
68.846420 240.276600 66.907400 242.534100
68.166090 241.479400 66.181140 243.684300
67.318270 242.492800 65.389390 244.728000
66.332240 243.344200 64.345430 245.482600
65.260110 243.991900 63.260790 246.073300
64.140300 244.474300 62.127780 246.554800
62.867510 244.772700 61.251740 247.225900
61.458940 244.926000 59.803720 247.269200
59.947420 244.952000 58.265350 247.184500
58.335370 244.902100 56.618870 247.100500
56.595980 244.824000 54.851280 246.819500
54.694040 244.743800 52.908870 246.543000
52.650420 244.604800 50.828310 246.384500
50.451970 244.390700 48.561030 246.096400
48.058070 244.235000 46.124180 245.877300
45.515050 244.100900 43.564420 245.581500
42.921790 243.969200 40.989010 245.285200
40.316590 243.840300 38.388570 245.027900
37.706940 243.722400 35.779960 244.782800
35.094890 243.629800 33.185110 244.506700
32.472950 243.489000 30.562640 244.192900
29.851950 243.348200 27.987230 243.783400
27.264200 243.258500 25.431130 243.468500
24.724050 243.174900 22.909540 243.201400
22.210390 243.091000 20.429660 242.886900
19.736330 242.979500 17.992880 242.589500
17.311070 242.850400 15.587650 242.279400
14.901790 242.682800 13.215820 241.903500
12.542000 242.455300 10.899230 241.512900
10.258080 242.218100 8.668416 241.112500
8.077281 241.997300 6.553328 240.767400
6.032146 241.805400 4.567910 240.444000
4.114420 241.647100 2.706671 240.216100
2.325909 241.523700 0.976835 239.985800
0.684853 241.422100 -0.579273 239.736600
-0.804697 241.361800 -2.015457 239.740600
-2.147061 241.322400 -3.294030 239.549200
-3.335045 241.321100 -4.418157 239.441600
-4.362696 241.347700 -5.377391 239.304800
-5.195608 241.375100 -6.129803 239.282200
-5.787975 241.411000 -6.640867 239.314500
-6.148943 241.435700 -6.760683 239.313800
-6.347609 241.453500 -6.854541 239.314400
-6.441034 241.457400 -6.928442 239.330400
-6.441440 241.456100 -6.991288 239.356700
-6.439927 241.462600 -6.991288 239.356700
-6.440440 241.482800 -6.991288 239.356700
-6.480607 241.498100 -6.991288 239.356700
-6.560264 241.507700 -7.045948 239.366800
-6.742488 241.516100 -7.120248 239.374600
-7.099251 241.541700 -7.146581 239.378300
-7.627305 241.597900 -7.153572 239.378800
-8.293171 241.705000 -7.161738 239.381000
-9.050632 241.890800 -7.184284 239.387600
-9.863606 242.207700 -7.227652 239.400000
-10.727660 242.661600 -7.301108 239.432300
-11.566170 243.294100 -7.454584 239.528900
-12.317670 244.121800 -7.697606 239.788500
-12.969870 245.164100 -8.014193 240.210100
-13.469580 246.441200 -8.292466 240.823300
-13.828110 247.877300 -8.562293 241.555200
-14.057520 249.558000 -8.785142 242.396800
-14.176210 251.405900 -8.944988 243.360500
-14.264690 253.405000 -9.080182 244.404000
-14.328890 255.544200 -9.120018 245.519700
-14.399650 257.837600 -9.258934 246.744300
-14.471380 260.263200 -9.336250 248.115300
-14.561590 262.807800 -9.453728 249.590500
-14.652820 265.491700 -9.650331 251.261800
-14.739760 268.254400 -9.889518 253.098400
-14.858340 271.134800 -10.162830 255.078200
-14.973530 274.134700 -10.448180 257.198300
-15.069550 277.175700 -10.793820 259.465300
-15.175210 280.293600 -11.263550 261.845800
-15.297230 283.446400 -11.636900 264.360700
-15.436590 286.619600 -11.996530 267.018500
-15.585790 289.810900 -12.414750 269.748500
-15.736240 292.959600 -12.845700 272.598700
-15.885310 296.071900 -13.275120 275.567600
-16.046970 299.165600 -13.887380 278.547000
-16.219660 302.246300 -14.603400 281.583500
-16.389710 305.314100 -15.239290 284.673100
-16.559690 308.378300 -15.787080 287.802300
-16.709350 311.458900 -16.373360 290.939600
-16.839300 314.563300 -16.968470 294.034000
-16.972270 317.709200 -17.585490 297.088000
-17.118400 320.893100 -18.197700 300.124700
-17.281700 324.127200 -18.788710 303.151700
-17.454380 327.375400 -19.309230 306.178400
-17.614190 330.593900 -19.887720 309.192000
-17.775860 333.802500 -20.426140 312.228600
-17.959610 336.995200 -21.052800 315.271600
-18.128440 340.134300 -21.580570 318.375800
-18.295640 343.191900 -22.265970 321.487300
-18.453080 346.169000 -22.893390 324.663200
-18.632610 349.056200 -23.607860 327.834300
-18.817710 351.841100 -24.198370 330.995800
-18.986450 354.488400 -24.699620 334.159100
-19.124870 356.982400 -25.199090 337.316700
-19.220930 359.289500 -25.995260 340.357800
-19.310450 361.377700 -26.699830 343.337000
-19.390050 363.254000 -26.704420 346.267200
-19.458340 364.945900 -27.510940 349.041800
-19.552440 366.417400 -28.081680 351.758900
-19.716910 367.755600 -28.690120 354.304400
-19.992010 369.044200 -29.464850 356.670600
-20.413100 370.267200 -30.412770 358.752900
-20.994480 371.390500 -31.840820 360.264500
-21.767920 372.412000 -33.120600 361.637300
-22.740410 373.381300 -34.558470 362.529000
-23.931400 374.199500 -35.878190 363.184200
-25.311900 374.775400 -37.191860 363.490600
-26.849130 375.102700 -38.502420 363.618800
-28.541320 375.088500 -39.784180 363.448300
-30.331610 374.930400 -41.021520 363.182600
-32.178580 374.714400 -42.256950 362.835100
-34.124600 374.519300 -43.591800 362.497400
-36.192510 374.312000 -45.001120 362.157300
-38.360350 374.089000 -46.460100 361.793000
-40.674090 373.890900 -47.976970 361.382700
-43.125350 373.717400 -49.637160 361.035500
-45.733890 373.570600 -51.400040 360.685200
-48.422050 373.450300 -53.227640 360.343300
-51.153580 373.336900 -55.154010 360.002200
-53.919190 373.217300 -57.190430 359.586800
-56.668140 373.082400 -59.337760 359.214800
-59.399580 372.949600 -61.614830 358.762900
-62.128270 372.797100 -64.032180 358.321300
-64.827270 372.599800 -66.593580 357.802200
-67.509200 372.402100 -69.220810 357.216100
-70.186170 372.208700 -71.888930 356.621200
-72.845340 372.028400 -74.603290 356.080300
-75.495320 371.886100 -77.309970 355.572300
-78.116050 371.787300 -79.994310 355.045400
-80.717850 371.718500 -82.702070 354.663000
-83.311780 371.694800 -85.383280 354.299900
-85.842710 371.709900 -88.041510 353.915000
-88.215690 371.734100 -90.692120 353.535800
-90.402660 371.755300 -93.339680 353.219700
-92.376860 371.747200 -95.948010 352.728300
-94.181170 371.700000 -98.520230 352.214600
-95.954170 371.610100 -101.077500 351.758000
-97.692900 371.484000 -103.595500 351.145400
-99.428840 371.332400 -106.029600 350.474300
-101.212400 371.150100 -108.339400 349.934300
-103.049100 370.929900 -110.471200 349.443600
-104.963700 370.712900 -112.360800 348.871500
-106.999900 370.469800 -114.119800 348.474400
-109.147400 370.218500 -115.849900 348.085100
-111.413900 369.990500 -117.569800 347.853800
-113.850400 369.787500 -119.281900 347.539600
-116.381500 369.587900 -121.038300 347.182300
-119.079000 369.402000 -122.864400 346.893000
-121.870500 369.312400 -124.755200 346.518600
-124.798000 369.251000 -126.788200 346.247900
-127.749200 369.222000 -128.923700 345.903800
-130.738100 369.191300 -131.179700 345.562500
-133.724900 369.151000 -133.601800 345.216600
-136.693200 369.116700 -136.103900 344.774400
-139.640200 369.026200 -138.766900 344.293300
-142.545400 368.909400 -141.506500 343.744800
-145.452900 368.800400 -144.387000 343.210700
-148.326000 368.653700 -147.273500 342.587400
-151.184500 368.483700 -150.195400 341.953200
-154.029500 368.306700 -153.096400 341.235100
-156.834000 368.110800 -156.011600 340.668400
-159.601600 367.929800 -158.881600 340.001900
-162.352900 367.769700 -161.702700 339.294600
-165.025300 367.622800 -164.545300 338.671600
-167.587100 367.473600 -167.363400 338.083500
-169.989700 367.347100 -170.184500 337.584800
-172.229800 367.237400 -172.989400 337.067200
-174.255000 367.118500 -175.725900 336.435700
-176.113500 366.976300 -178.403000 335.709300
-177.851600 366.825100 -181.087900 335.093900
-179.482200 366.619100 -183.634500 334.263600
-181.041000 366.257200 -186.054900 333.403500
-182.506900 365.700900 -188.156800 332.239100
-183.830900 364.922700 -189.900300 330.831900
-184.967900 363.901900 -191.159500 329.245300
-185.900600 362.645300 -192.027800 327.604800
-186.575700 361.163300 -192.492800 325.927800
-186.999600 359.497900 -192.677700 324.299500
-187.152300 357.675600 -192.607800 322.703600
-187.206000 355.773500 -192.444400 321.145200
-187.197400 353.800900 -192.230600 319.621400
-187.078300 351.712900 -191.953000 318.112900
-186.904300 349.515700 -191.613500 316.579200
-186.700200 347.199500 -191.236100 314.994600
-186.441500 344.761700 -190.836800 313.322700
-186.138100 342.245600 -190.381900 311.551500
-185.836200 339.600700 -189.936500 309.702400
-185.558800 336.870000 -189.430000 307.796000
-185.300200 334.088400 -188.900200 305.777400
-185.053400 331.295700 -188.422800 303.628600
-184.825700 328.513100 -187.920900 301.362800
-184.626700 325.706700 -187.430000 298.964800
-184.418100 322.895600 -186.914100 296.485500
-184.219300 320.049800 -186.338700 293.889100
-184.077900 317.187100 -185.792000 291.204000
-183.933200 314.300800 -185.285000 288.462600
-183.761600 311.460200 -184.746000 285.717700
-183.601800 308.616200 -184.148200 282.993400
-183.458100 305.794900 -183.594100 280.236900
-183.343100 303.000200 -183.092300 277.464500
-183.261300 300.211900 -182.594500 274.658400
-183.178800 297.450000 -182.142100 271.829900
-183.090500 294.684900 -181.679100 268.978000
-182.927300 291.908300 -181.114200 266.189800
-182.766600 289.099200 -180.537000 263.403600
-182.613800 286.267300 -180.038600 260.624800
-182.441900 283.385600 -179.493600 257.884500
-182.300400 280.490600 -178.969900 255.147900
-182.149900 277.557000 -178.443100 252.441200
-182.001400 274.627800 -177.913500 249.729300
-181.823500 271.689000 -177.345000 247.012400
-181.638500 268.767800 -176.794400 244.260300
-181.424600 265.787800 -176.171700 241.499400
-181.219800 262.838200 -175.543400 238.685200
-181.009300 259.844900 -174.912900 235.857200
-180.770400 256.828000 -174.249700 232.996800
-180.561000 253.860400 -173.647500 230.129500
-180.372700 250.908200 -173.103000 227.237600
-180.191000 247.979500 -172.489600 224.376300
-180.025600 245.104800 -171.881600 221.452100
-179.890000 242.301100 -171.312800 218.553500
-179.765100 239.629200 -170.732000 215.614900
-179.603400 237.077700 -170.113600 212.652900
-179.486600 234.610600 -169.572200 209.728700
-179.426200 232.293500 -169.109900 206.809300
-179.384800 230.153000 -168.657200 203.914100
-179.372900 228.203000 -168.245800 201.068600
-179.353200 226.445600 -167.750300 198.308100
-179.284500 224.889700 -167.218400 195.688900
-179.159500 223.520400 -166.644600 193.203000
-178.892900 222.222300 -165.842200 190.872800
-178.440800 221.019500 -164.744700 188.841000
-177.799300 219.912400 -163.470900 187.121600
-176.993100 218.868700 -162.163900 185.684000
-175.953700 217.908600 -160.768600 184.621800
-174.646400 217.098800 -159.365700 183.953500
-173.037500 216.423500 -158.050200 183.559900
-171.242400 215.987700 -156.728000 183.464100
-169.251700 215.748100 -155.442000 183.479000
-167.160900 215.651300 -154.170300 183.622200
-164.983800 215.579200 -152.862300 183.806300
-162.753200 215.542200 -151.458500 183.996700
-160.419600 215.517400 -149.930000 184.189700
-157.986900 215.494400 -148.210800 184.499000
-155.493900 215.476600 -146.382400 184.764700
-152.924600 215.528800 -144.404700 185.095800
-150.250300 215.556200 -142.334300 185.404000
-147.567100 215.656900 -140.189500 185.788400
-144.855900 215.751900 -138.000900 186.210500
-142.145800 215.896800 -135.713000 186.671200
-139.455100 216.087400 -133.329000 187.161600
-136.768400 216.330800 -130.905200 187.747900
-134.103700 216.562300 -128.409500 188.361300
-131.505400 216.803000 -125.805400 188.971700
-128.992800 217.018200 -123.184100 189.555300
-126.584900 217.191000 -120.533500 190.138100
-124.357100 217.330100 -117.863400 190.628600
-122.326100 217.418900 -115.197500 191.043100
-120.463500 217.466200 -112.530000 191.436800
-118.653600 217.497200 -109.887200 191.835900
-116.849600 217.495900 -107.293400 192.113500
-115.067800 217.514000 -104.792100 192.424800
-113.324000 217.535300 -102.395500 192.718800
-111.616000 217.623100 -100.200500 193.128400
-109.927700 217.875300 -98.255720 193.708000
-108.290900 218.301300 -96.504910 194.342300
-106.749500 218.945400 -94.912320 195.196500
-105.349200 219.793800 -93.461670 196.266700
-104.115500 220.834900 -92.231140 197.550400
-103.036000 222.051200 -91.099590 198.852400
-102.179100 223.400100 -90.341920 200.357100
-101.543200 224.848700 -89.886500 201.996400
-101.115700 226.383800 -89.673990 203.669900
-100.830600 227.968600 -89.629410 205.335600
-100.531100 229.501100 -89.362800 206.951300
-100.252100 231.017900 -89.199650 208.556400
-99.883990 232.463500 -88.852030 210.139600
-99.425550 233.824100 -88.488810 211.699800
-98.775880 234.872900 -87.947870 213.184800
-98.086100 235.806300 -87.159030 214.564300
-97.174270 236.468700 -85.966980 215.644000
-96.254150 236.931100 -84.697490 216.547000
-95.283150 237.358800 -83.348710 217.289600
-94.185080 237.674800 -81.954730 217.818600
-92.955310 237.898800 -80.567900 218.194700
-91.596850 238.102700 -79.374380 218.511100
-90.074690 238.248300 -78.238880 218.777000
-88.387450 238.391700 -77.136680 219.045500
-86.486290 238.540100 -76.131390 219.280100
-84.443490 238.650800 -75.093190 219.501600
-82.253860 238.746800 -73.977510 219.749600
-79.940140 238.872300 -72.757830 220.022100
-77.539590 239.011100 -71.423180 220.345900
-75.087440 239.150700 -69.914090 220.596200
-72.574930 239.313900 -68.247410 220.897200
-69.991910 239.446400 -66.360870 221.173600
-67.351620 239.548800 -64.355780 221.580400
-64.666360 239.657700 -62.198900 221.970300
-61.998030 239.808800 -59.927840 222.427400
-59.311750 239.952600 -57.572480 222.905700
-56.701950 240.109100 -55.158080 223.353100
-54.151130 240.267600 -52.697950 223.890100
-51.625940 240.427100 -50.159550 224.387100
-49.127390 240.564300 -47.576030 224.941700
-46.665870 240.712700 -44.938900 225.480800
-44.240570 240.886300 -42.322170 226.035900
-41.878960 241.088900 -39.699460 226.658300
-39.649020 241.312800 -37.171930 227.334400
-37.552430 241.539400 -34.692470 227.954300
-35.488740 241.743100 -32.226820 228.528200
-33.456700 241.939000 -29.783800 229.078300
-31.533090 242.124800 -27.390780 229.675800
-29.764560 242.287900 -25.013880 230.195400
-28.172420 242.408100 -22.697650 230.696100
-26.747170 242.468900 -20.484930 231.040700
-25.460260 242.473300 -18.389830 231.228200
-24.318710 242.437400 -16.354330 231.616100
-23.324200 242.322300 -14.322420 231.783000
-22.483780 242.186900 -12.409760 231.974300
-21.843230 242.069500 -11.209090 231.955100
-21.357270 241.937100 -10.460420 232.418200
-20.874950 241.791000 -9.427392 232.380800
-20.410090 241.641000 -8.950611 232.128800
-19.938580 241.453200 -8.078730 232.054900
-19.330890 241.150500 -7.257164 231.305600
-18.603550 240.674100 -6.281664 230.921400
-17.817550 240.000300 -5.494784 230.492200
-17.047940 239.130000 -4.939290 230.033100
-16.371440 238.041100 -4.579782 229.641900
-15.819140 236.731500 -4.340849 229.200500
-15.431720 235.164300 -4.185823 228.737200
-15.160930 233.366900 -4.040943 228.269200
-14.985430 231.359800 -3.911565 227.673200
-14.879450 229.166100 -3.756309 226.869300
-14.834570 226.783800 -3.608722 225.912700
-14.805910 224.227300 -3.431453 224.810100
-14.776150 221.503700 -3.223400 223.593300
-14.726190 218.625200 -3.008202 222.200300
-14.646810 215.602400 -2.736392 220.686900
-14.509690 212.459600 -2.417600 218.973100
-14.353480 209.201300 -2.086249 217.054200
-14.179740 205.869600 -1.703587 214.959800
-13.962380 202.478800 -1.222509 212.685600
-13.739120 199.045100 -0.729407 210.239800
-13.514930 195.572200 -0.202458 207.621300
-13.275440 192.054900 0.404627 204.859200
-13.052000 188.499600 0.976691 201.938800
-12.854570 184.884700 1.588529 198.894900
-12.675140 181.220200 2.213273 195.736400
-12.508030 177.502000 2.857856 192.484400
-12.341190 173.718700 3.535026 189.175600
-12.175010 169.898000 4.174140 185.808600
-12.018250 166.028100 4.827345 182.407500
-11.841350 162.134100 5.438261 178.953400
-11.655180 158.220500 6.106793 175.473100
-11.466580 154.287300 6.754081 171.931800
-11.281310 150.320000 7.511084 168.363000
-11.057620 146.379100 8.292503 164.738300
-10.815240 142.443600 9.065857 161.059600
-10.570550 138.517900 9.908163 157.344600
-10.333980 134.639100 10.747300 153.583900
-10.123240 130.785800 11.554730 149.772100
-9.914350 127.027500 12.416370 145.964500
-9.696148 123.395700 13.235650 142.119500
-9.493383 119.914400 14.054880 138.243400
-9.310280 116.607700 14.817400 134.359800
-9.151332 113.442300 15.593180 130.487800
-9.017561 110.482000 16.352250 126.631800
-8.888960 107.744800 17.087300 122.793400
-8.774269 105.222900 17.802780 118.987600
-8.679794 102.918000 18.576290 115.276200
-8.504861 100.812800 19.420000 111.688900
-8.163715 98.919720 20.539570 108.344400
-7.618518 97.243660 22.077800 105.361600
-6.858427 95.725240 23.798260 102.637400
-5.899838 94.392380 25.685890 100.286300
-4.759829 93.253900 27.876740 98.521970
-3.450087 92.348760 30.252050 97.479710
-1.973871 91.691730 32.555790 96.949410
-0.436803 91.261860 34.725520 96.774460
1.138073 91.026340 36.700720 96.852380
2.751248 90.881970 38.493060 97.071580
4.431705 90.766140 40.185670 97.315630
6.211745 90.683570 41.823290 97.569840
8.081090 90.578530 43.424750 97.844760
10.076580 90.469280 44.998710 98.093920
12.205890 90.365360 46.599520 98.365550
14.489810 90.290310 48.182020 98.612550
16.910510 90.321490 49.739710 98.924380
19.453620 90.459650 51.306030 99.280510
22.045730 90.671110 52.910130 99.661050
24.644280 90.895340 54.588670 100.169000
27.207850 91.064010 56.378720 100.580300
29.764780 91.130150 58.295990 100.972000
32.287690 91.085550 60.348170 101.325300
34.803420 90.937800 62.562050 101.624100
37.325120 90.728940 64.924090 101.831200
39.896170 90.508470 67.409480 102.181200
42.547960 90.289960 69.972510 102.539000
45.244630 90.097810 72.574330 102.782400
47.943020 89.903610 75.140920 103.065700
50.617990 89.629730 77.699550 103.226400
53.252150 89.185630 80.232290 103.213600
55.814150 88.557720 82.746340 103.051200
58.313300 87.791630 85.243440 102.676100
60.805470 86.920740 87.766310 102.250900
63.322020 85.994100 90.350570 101.733400
65.833720 85.055040 93.001330 101.258200
68.406220 84.080780 95.659810 100.744500
70.998610 83.045350 98.303530 100.193700
73.578520 81.879280 100.888700 99.501130
76.170160 80.586970 103.434700 98.762210
78.819830 79.219290 105.932000 97.966560
81.480420 77.842690 108.428000 97.171130
84.108690 76.469870 110.978400 96.338990
86.695220 75.055290 113.516100 95.517270
89.188920 73.556030 116.063500 94.525290
91.573040 71.968490 118.603600 93.402230
93.850380 70.285940 121.115200 92.126460
96.020560 68.521450 123.597800 90.699940
98.103890 66.740880 126.141300 89.176640
100.107700 65.034010 128.721700 87.655160
101.996900 63.459780 131.321200 86.207470
103.764900 62.070330 133.901000 84.779770
105.408600 60.801050 136.462000 83.361000
107.003200 59.530310 138.996900 81.996550
108.589500 58.247390 141.458500 80.578400
110.134700 56.970520 143.885700 79.166170
111.717500 55.637520 146.266200 77.768190
113.353400 54.247110 148.595200 76.448010
115.077800 52.831180 150.786300 75.199710
116.904200 51.439420 152.849600 74.137840
118.836800 50.054850 154.740200 73.189680
120.853600 48.602090 156.555400 72.251130
122.938000 47.083700 158.398300 71.366430
125.092700 45.485300 160.181300 70.437890
127.330000 43.820780 161.987900 69.494920
129.637600 42.087830 163.872500 68.530890
131.967100 40.344760 165.826400 67.496190
134.297900 38.609850 167.823300 66.418170
136.621900 36.849050 169.905900 65.321610
138.949900 35.131110 172.067000 64.189110
141.293500 33.464730 174.371800 63.084720
143.603900 31.795640 176.724800 61.889060
145.871800 30.121580 179.176700 60.625220
148.133300 28.418200 181.665200 59.240050
150.347600 26.750990 184.251800 57.888990
152.506100 25.137140 186.805000 56.522940
154.521200 23.603510 189.343100 55.075280
156.409800 22.104300 191.868900 53.656700
158.102600 20.729550 194.393900 52.271550
159.605700 19.470090 196.872200 50.848010
161.034400 18.328640 199.292000 49.387040
162.527500 17.369930 201.876300 48.253860
164.102000 16.690040 204.575100 47.536290
165.725700 16.231240 207.270600 47.196000
167.465400 15.980230 209.867900 47.187740
169.275300 15.912810 212.298100 47.414060
171.157200 15.957740 214.540100 47.785240
173.098700 15.972680 216.535200 48.103240
175.120500 15.945180 218.387000 48.319710
177.167200 15.872150 220.158000 48.516230
179.305300 15.756280 221.903200 48.654300
181.477000 15.604010 223.590500 48.751360
183.703700 15.412020 225.322800 48.848560
185.980700 15.238130 227.107600 48.960570
188.280500 15.072990 228.962500 49.083230
190.577500 14.896800 230.875200 49.168170
192.894300 14.714610 232.872900 49.305240
195.244200 14.510220 234.904100 49.416800
197.633500 14.283820 237.013600 49.508350
200.090000 14.030130 239.180400 49.642530
202.592100 13.785300 241.388900 49.767250
205.104900 13.534110 243.655800 49.918100
207.640700 13.310070 245.950200 50.068720
210.148900 13.111090 248.253500 50.230930
212.697300 12.915740 250.553200 50.373390
215.224700 12.737830 252.902000 50.538420
217.808000 12.513180 255.275900 50.694010
220.389500 12.282700 257.717200 50.845590
223.037500 12.068550 260.217800 50.953740
225.699900 11.872960 262.733400 51.081310
228.380800 11.657570 265.264000 51.322620
231.063800 11.400770 267.780200 51.462580
233.768800 11.157120 270.332700 51.627590
236.452700 10.908570 272.857300 51.756690
239.115400 10.628320 275.432000 51.891820
241.756200 10.390980 278.017400 52.017510
244.376200 10.177670 280.636500 52.330410
246.942400 9.977031 283.297400 52.466340
249.503100 9.796410 285.977200 52.623890
251.962400 9.616742 288.673600 52.805810
254.329800 9.452561 291.366800 53.019850
256.557200 9.297183 294.073000 53.194760
258.681500 9.140396 296.741900 53.386070
260.487900 8.870715 299.412600 53.548360
262.171000 8.558198 302.038100 53.616770
263.852900 8.246051 304.638600 53.642990
265.533700 7.934305 307.205500 53.456830
267.212200 7.623220 309.701800 53.232540
268.719700 7.309828 312.094100 53.008230
269.768600 7.040605 314.374100 52.805490
270.654800 6.869143 316.519800 52.675460
271.433400 6.780906 318.471900 52.681210
272.188300 6.798910 320.127500 53.066500
272.939800 6.915555 321.750700 53.603880
273.674100 7.139266 323.239500 54.435040
274.435500 7.486302 324.623000 55.434100
275.206100 8.021776 325.833900 56.617140
275.841400 9.123003 326.529900 57.524180
276.399700 10.403880 326.954400 58.385130
276.938800 11.672800 327.184300 59.163620
277.461700 12.927990 327.268700 59.928030
277.969300 14.165350 327.368700 60.687750
278.402000 15.600760 327.393200 61.453030
278.675500 17.540870 327.368900 62.226240
278.887100 19.689590 327.314700 63.126860
279.050300 22.004090 327.233000 64.290270
279.153100 24.513040 327.057300 65.681860
279.310000 27.147550 326.920800 67.061390
279.492000 29.910160 326.783800 68.421650
279.682000 32.722430 326.689500 69.763610
279.891600 35.618700 326.583500 71.082650
280.117300 38.587970 326.446700 72.995990
280.340800 41.563150 326.264500 75.068230
280.553900 44.602790 326.052800 77.337550
280.757500 47.669170 325.842900 79.778780
280.966700 50.717990 325.626400 82.371140
281.189800 53.763250 325.481600 85.099460
281.387500 56.840290 325.268400 87.892980
281.609200 59.915920 325.041400 90.756660
281.892800 62.993940 324.825400 93.714410
282.168100 66.061440 324.607400 96.682110
282.386200 69.137860 324.357400 99.710820
282.581400 72.205720 324.066400 102.751400
282.741100 75.260420 323.730000 105.801100
282.945600 78.300480 323.391400 108.836900
283.185400 81.322840 323.101500 111.909400
283.441700 84.363870 322.843500 114.979600
283.683800 87.353300 322.573200 118.058000
283.940100 90.352150 322.397400 121.124700
284.231300 93.355260 322.246000 124.223800
284.541900 96.345100 322.092000 127.279800
284.938000 99.320580 322.013200 130.353100
285.395000 102.259500 322.048200 133.397700
285.844100 105.163200 321.991400 136.450400
286.321900 108.053700 321.958600 139.476300
286.793800 110.912200 321.985200 142.514500
287.216900 113.736500 322.042000 145.504900
287.630900 116.518500 321.949200 148.533500
288.058700 119.219300 321.865600 151.528000
288.448800 121.780900 321.971200 154.543900
288.846400 124.280600 321.999000 157.525200
289.285300 126.630100 322.394800 160.414400
289.743500 128.835400 322.250400 163.340300
290.213000 130.821100 322.660300 166.197200
290.683600 132.626000 322.878500 169.068000
291.166200 134.262000 323.136400 171.872600
291.580800 135.832500 323.304800 174.642100
291.961700 137.426400 323.411600 177.259800
292.194000 139.020100 323.336000 179.814400
292.237900 140.604400 323.050800 182.233900
291.762300 142.158200 322.337400 184.419500
290.662500 143.578100 321.454500 186.344600
289.562400 144.964600 320.329000 187.892200
288.468100 146.318100 318.997800 189.044700
287.386000 147.641500 317.603600 189.892000
286.399400 148.976200 316.091200 190.514900
284.571900 149.919400 314.545500 191.004100
282.598600 150.835500 313.025100 191.447600
280.553400 151.805400 311.457400 191.821400
278.418500 152.847000 309.719600 192.293600
276.187000 153.972900 308.008100 192.776400
273.848800 155.201700 306.323800 193.252600
271.423500 156.516000 304.688900 193.785400
268.909500 157.880900 303.085200 194.311100
266.393100 159.278800 301.294400 194.902300
263.831700 160.712200 299.250200 195.585100
261.343100 162.229400 297.186600 196.431600
258.927700 163.839100 295.077600 197.425200
256.567900 165.515700 292.874800 198.510300
254.220600 167.219800 290.547800 199.653100
251.812400 168.915300 288.086200 200.820500
249.342900 170.564800 285.480000 201.920400
246.829700 172.171100 282.802600 202.956700
244.268800 173.728400 280.097400 204.050000
241.687800 175.211100 277.375000 205.131400
239.066600 176.646400 274.624900 206.065600
236.435100 178.027700 271.873000 206.969100
233.828600 179.391700 269.115900 207.837800
231.251200 180.752600 266.329600 208.758500
228.707700 182.113100 263.511200 209.686800
226.214900 183.484500 260.707600 210.646200
223.769900 184.811700 257.854800 211.600600
221.367300 186.107100 255.026400 212.538600
219.059200 187.344000 252.180700 213.420300
216.843700 188.521200 249.361600 214.395100
214.730300 189.612200 246.573700 215.354400
212.761600 190.600600 243.730300 216.054900
210.934100 191.518800 240.937700 216.654600
209.293500 192.364900 238.290700 217.721000
207.831400 193.113300 235.530800 218.096400
206.576700 193.798300 232.891400 218.809900
205.539900 194.395600 230.374500 219.547000
204.729700 194.901600 228.001700 220.425400
204.122300 195.321500 225.905100 221.658600
203.546300 195.745200 223.858900 222.573400
203.042900 196.282400 221.952400 223.365200
202.515700 196.788100 220.363000 224.432400
201.945400 197.325500 218.959400 225.387600
201.195300 198.000000 217.719800 226.239700
200.227400 198.808500 216.628100 226.879800
199.076800 199.760000 215.732700 227.409300
197.730700 200.791700 215.037800 227.778700
196.253000 201.872000 214.411200 228.123900
194.623700 202.967100 213.755200 228.447400
192.619800 204.117900 213.088700 228.737600
190.615300 205.269000 212.392000 229.023200
188.611600 206.419500 211.533600 229.345900
186.608000 207.569800 210.421900 229.752500
184.604500 208.720100 209.095500 230.240400
182.452000 209.923800 207.555100 230.794200
180.162600 211.202300 205.896600 231.456000
177.855000 212.473600 204.118700 232.169500
175.554100 213.761200 202.068300 232.991000
173.260900 215.031900 199.911400 233.820600
171.006800 216.296100 197.775700 234.699800
168.770100 217.549300 195.615300 235.510000
166.635700 218.725900 193.468400 236.355600
164.640400 219.823800 191.227400 237.139200
162.800000 220.792300 188.783300 238.023200
161.109900 221.618400 186.282100 238.843600
159.510500 222.334400 183.750000 239.529300
157.845500 222.860900 181.156800 239.926800
156.181300 223.202900 178.563900 240.066900
154.511100 223.364000 176.006400 239.907300
152.786900 223.350100 173.550500 239.488500
150.969000 223.245000 171.271600 238.999200
149.048400 223.060600 169.172800 238.546000
146.999200 222.886700 167.284500 238.065900
144.811400 222.709100 165.557100 237.666200
142.452400 222.507300 163.865600 237.233900
139.985700 222.307100 162.192600 236.856700
137.342300 222.162600 160.548400 236.531400
134.568800 222.029900 158.874900 236.201900
131.695500 221.932100 157.110300 235.900700
128.711000 221.803000 155.250100 235.550300
125.647300 221.650100 153.267200 235.187800
122.615400 221.500000 151.156000 234.797400
119.543800 221.309500 148.887700 234.346300
116.511500 221.102100 146.489300 233.897900
113.516800 220.903600 143.946500 233.394200
110.545200 220.708000 141.261200 232.864000
107.636200 220.532300 138.466300 232.337900
104.717200 220.373700 135.583600 231.746700
101.840600 220.218600 132.582800 231.155000
98.994700 220.067300 129.595700 230.603200
96.181550 219.895100 126.577100 230.056800
93.438620 219.686500 123.584900 229.401800
90.855460 219.500600 120.660300 228.737500
88.388610 219.326300 117.731400 228.092400
86.123680 219.157800 114.859100 227.510700
84.049970 219.045300 112.002100 226.964700
82.152880 219.016300 109.195200 226.496600
80.388010 219.115100 106.380800 226.156300
78.664760 219.366200 103.582600 225.813900
77.016290 219.796000 100.831400 226.113000
75.461480 220.446100 98.274990 226.797800
74.069090 221.411200 96.014850 227.899400
72.862850 222.604000 94.154230 229.313800
71.841850 224.015300 92.728210 230.894400
71.023420 225.699900 91.613030 232.496500
70.421670 227.540000 90.845110 234.119700
70.034550 229.518400 90.286100 235.774900
69.813760 231.610700 89.904930 237.442200
69.670080 233.800300 89.561860 239.100900
69.603690 236.022800 89.352310 240.769800
69.545910 238.342600 89.067490 242.460100
69.499400 240.719700 88.779960 244.158400
69.469400 243.192800 88.458660 245.961600
69.384530 245.776400 88.149730 247.844100
69.232580 248.432800 87.779450 249.776900
69.094640 251.146000 87.424470 251.814100
68.950990 253.982700 87.015520 253.945900
68.811860 256.917100 86.656930 256.126600
68.650580 259.920100 86.266310 258.372800
68.462200 263.082100 85.839290 260.692900
68.288560 266.252800 85.393930 263.088400
68.096650 269.464100 84.914170 265.590900
67.903830 272.683000 84.402880 268.174900
67.721470 275.872400 83.970790 270.830700
67.525460 279.043300 83.433610 273.573800
67.317450 282.219100 82.905910 276.427400
67.111650 285.343500 82.297550 279.341300
66.901350 288.508400 81.749010 282.414200
66.688140 291.652400 81.220380 285.525100
66.478800 294.782200 80.629500 288.677700
66.289190 297.878200 80.082980 291.850000
66.078070 300.944500 79.457600 294.982000
65.826270 304.008500 78.782790 298.094100
65.573590 307.018200 78.093630 301.199900
65.274710 310.032300 77.331780 304.240400
64.924470 313.030600 76.488410 307.279300
64.540610 315.995300 75.768200 310.345500
64.089990 318.947600 74.960820 313.377600
63.671720 321.903700 74.060140 316.351600
63.304260 324.895900 73.356500 319.340000
62.967580 327.898100 72.579260 322.313800
62.699080 330.909200 71.935910 325.270900
62.553590 333.929000 71.342580 328.242400
62.402330 336.963400 70.758270 331.186600
62.266570 340.021300 70.178610 334.126800
62.116500 343.035800 69.642290 337.058200
61.993500 346.032900 69.106780 339.989200
61.866370 348.989100 68.571220 342.940300
61.760870 351.857800 68.041590 345.912700
61.679290 354.611700 67.615840 348.886600
61.586300 357.261400 67.327350 351.906700
61.550600 359.776900 66.903450 354.890000
61.577240 362.145700 66.496970 357.898600
61.603020 364.290800 66.070550 360.910600
61.628690 366.323100 65.660130 363.860300
61.649880 368.352400 65.338400 366.811700
61.624730 370.355800 65.008350 369.702100
61.511180 372.339500 64.493380 372.434800
61.271590 374.388200 63.978900 375.066800
60.966710 376.528400 63.276050 377.528500
60.637150 378.796200 62.670760 379.873700
60.324540 381.208000 62.151790 382.025900
60.065570 383.741300 61.715720 384.028500
59.884830 386.413700 61.374120 386.019500
59.789830 389.195600 61.062030 388.010800
59.765420 392.106700 60.813120 389.972900
59.766400 395.121300 60.529500 391.982200
59.728620 398.268800 60.257220 394.086600
59.673270 401.492900 59.982500 396.306400
59.575390 404.694600 59.575180 398.659800
59.425140 407.916600 59.173890 401.117800
59.267000 411.104300 58.747990 403.727900
59.084670 414.257800 58.320310 406.428300
58.913680 417.417100 57.872520 409.267100
58.748810 420.528100 57.330020 412.182700
58.574140 423.604200 56.803080 415.245300
58.437200 426.635400 56.295540 418.406500
58.286850 429.523300 55.784340 421.567700
58.117570 432.280500 55.207940 424.737000
57.924100 434.902000 54.598590 427.867900
57.663190 437.382700 53.947880 430.959600
57.368250 439.710400 53.270170 434.044400
57.036690 441.889000 52.373450 437.043800
56.656850 443.874800 51.476640 439.995900
56.323860 445.645400 49.850530 441.799700
56.148660 447.270100 49.528510 444.721500
56.616130 448.530800 49.713470 447.512700
57.333540 449.649800 50.377310 450.087200
58.025620 450.723300 51.688760 452.225400
58.683230 451.752100 53.243510 454.041100
59.300760 452.745900 55.004480 455.442300
60.051910 453.493100 56.852210 456.414600
61.232100 453.863600 58.637900 456.960400
62.575150 454.072200 60.288580 457.228000
64.075560 454.193600 61.772510 457.337000
65.729870 454.237800 63.112400 457.434000
67.536180 454.320400 64.404710 457.458300
69.481920 454.413600 65.647650 457.557400
71.568440 454.517900 66.828090 457.651100
73.783230 454.637300 67.969390 457.731900
76.158670 454.789800 69.180910 457.839200
78.646770 454.943100 70.481280 457.953900
81.225870 455.115600 71.919970 458.097900
83.916780 455.302300 73.523460 458.245000
86.702020 455.456700 75.272260 458.390500
89.526350 455.578300 77.165670 458.526700
92.412350 455.733700 79.207540 458.697600
95.328570 455.895400 81.362610 458.922900
98.249890 456.054300 83.687810 459.153900
101.184100 456.224200 86.134330 459.346800
104.093100 456.393100 88.687690 459.531100
106.998900 456.525600 91.326800 459.778400
109.897200 456.654500 94.094420 459.974600
112.749700 456.816600 96.896090 460.179400
115.610200 456.965500 99.757210 460.392400
118.400100 457.099300 102.672700 460.496300
121.145900 457.258900 105.576700 460.789600
123.876500 457.448100 108.502200 461.047300
126.583800 457.666500 111.405200 461.429000
129.241600 457.972700 114.273600 461.877400
131.877300 458.360200 117.151900 462.316300
134.472300 458.810900 119.955500 462.926000
137.047800 459.328100 122.754500 463.550600
139.578900 459.909300 125.476000 464.270300
142.082300 460.548100 128.155700 464.946800
144.536100 461.240400 130.756900 465.792400
146.935100 462.035700 133.332200 466.688400
149.323900 462.890800 135.837600 467.676100
151.645200 463.789700 138.318100 468.638600
153.953700 464.746000 140.748900 469.715600
156.216300 465.719100 143.110900 470.836000
158.442000 466.755000 145.465900 471.992300
160.610800 467.844100 147.733800 473.210300
162.721500 468.976400 149.989500 474.454900
164.765200 470.136200 152.207700 475.660400
166.772400 471.335900 154.375000 476.987900
168.632200 472.526000 156.451000 478.385100
170.346500 473.697400 158.593200 479.655100
171.909300 474.797000 160.592200 481.110800
173.302800 475.783300 162.584500 482.555900
174.556500 476.625400 164.600700 483.921000
175.656700 477.273900 166.722600 485.073500
176.667400 477.791400 168.778200 486.227200
177.693700 478.199200 170.958300 487.113200
178.769200 478.445200 173.115700 487.784400
179.820200 478.560500 175.217900 488.085400
180.911200 478.531600 177.187900 488.071600
182.068600 478.323700 178.947400 487.821800
183.262200 477.935100 180.460500 487.384700
184.488300 477.285200 181.679900 486.787600
185.759400 476.306800 182.615000 486.106600
187.077400 475.006900 183.454100 485.361500
188.478700 473.464500 184.232200 484.564800
189.953700 471.703500 184.939600 483.754600
191.518900 469.725200 185.617100 482.948400
193.208300 467.608400 186.361500 482.071100
195.017400 465.320900 187.150200 481.114300
196.863700 462.933100 188.007800 480.085100
198.729100 460.522700 188.978300 478.904600
200.614200 458.121400 190.089900 477.531900
202.510500 455.730200 191.340900 475.965200
204.411000 453.358300 192.772300 474.263800
206.321800 451.001000 194.373300 472.413300
208.222000 448.665100 196.105100 470.410400
210.114400 446.337900 197.965100 468.252400
211.976500 444.014500 199.897000 465.966500
213.836200 441.706600 201.838200 463.622200
215.683700 439.420500 203.798300 461.284100
217.555600 437.143300 205.801600 458.985600
219.471300 434.824100 207.761500 456.651400
221.450500 432.447100 209.746700 454.361500
223.466700 430.017100 211.753100 452.107400
225.486700 427.604100 213.696400 449.821000
227.506500 425.191500 215.682300 447.591000
229.526100 422.779100 217.648200 445.373700
231.545400 420.367100 219.623100 443.184400
233.564400 417.955300 221.563700 440.984700
235.559300 415.588300 223.567300 438.766600
237.436800 413.389000 225.574900 436.452600
238.780200 411.507400 227.636700 434.099900
239.937800 409.690800 229.680400 431.686900
241.095100 407.877000 231.601900 429.195700
242.251200 406.068000 233.329700 426.569500
243.408000 404.262500 234.656700 423.718800
244.011000 402.484000 235.283600 420.647200
244.001400 400.839200 235.318000 417.504500
243.616800 399.284000 234.691600 414.637100
242.890100 397.828700 233.686200 412.303200
241.873600 396.462000 232.694300 410.394100
240.631500 395.201500 231.228500 408.820600
239.221600 394.033800 229.602700 407.418300
237.618600 392.957600 227.857300 406.172000
235.793400 391.994800 226.126200 405.184500
233.764600 391.138800 224.596600 404.522100
231.526900 390.407500 222.951500 403.966600
229.101900 389.773400 221.414200 403.519500
226.502900 389.204300 219.783800 403.147100
223.725900 388.759000 218.084100 402.788500
220.797800 388.372500 216.307500 402.439900
217.710700 387.983400 214.438600 402.129200
214.530600 387.607200 212.433900 401.870500
211.281800 387.245500 210.298500 401.551800
207.989900 386.906600 208.016100 401.303200
204.658000 386.595500 205.576200 400.978800
201.286800 386.304300 202.987800 400.664300
197.918900 386.031200 200.232100 400.356300
194.555800 385.786300 197.339000 400.083000
191.207200 385.554600 194.286500 399.805900
187.886200 385.358400 191.119600 399.548500
184.599200 385.187900 187.890600 399.219400
181.348200 385.028900 184.598400 398.948500
178.125300 384.880300 181.266300 398.764800
174.940200 384.732200 177.910200 398.453500
171.787000 384.605200 174.541700 398.196900
168.667500 384.479200 171.168000 397.961600
165.610000 384.375800 167.825500 397.618900
162.651900 384.300900 164.497400 397.499500
159.841600 384.253100 161.190500 397.381100
157.212800 384.244100 157.926100 397.306000
154.757500 384.238100 154.697700 397.047000
152.465500 384.177300 151.506300 396.865300
150.349500 384.033300 148.361000 396.501500
148.462800 383.774700 145.262400 396.045600
146.861800 383.342900 142.347400 395.087600
145.493000 382.652100 139.764700 393.572400
144.342900 381.710300 137.578000 391.727600
143.476000 380.548800 135.921100 389.617100
142.885900 379.215000 135.005900 387.289400
142.512900 377.743300 134.473400 385.004200
142.317800 376.136600 134.249600 382.836500
142.188100 374.395800 134.140800 380.851700
142.147200 372.567400 134.131000 379.108200
142.122900 370.607400 134.152200 377.528200
142.117600 368.494900 134.143100 376.010500
142.130800 366.233800 134.179000 374.552000
142.204400 363.814600 134.229800 373.098800
142.299400 361.231000 134.294400 371.616200
142.415300 358.474700 134.364600 370.047500
142.582500 355.558100 134.514100 368.355200
142.739700 352.539000 134.635100 366.557500
142.891900 349.439100 134.740200 364.647900
143.064500 346.281300 134.848400 362.586100
143.227100 343.091000 134.979300 360.381800
143.425200 339.887400 135.166400 358.016600
143.616200 336.700500 135.339600 355.493100
143.795900 333.502200 135.508900 352.798100
144.005700 330.337500 135.712500 349.938200
144.230000 327.130600 135.884700 346.939400
144.419100 323.896200 136.081700 343.866900
144.587400 320.591100 136.226100 340.727400
144.754600 317.239000 136.398800 337.548400
144.941900 313.833000 136.588000 334.345900
145.157300 310.363000 136.734700 331.151400
145.368500 306.861100 136.926800 327.953400
145.569800 303.322100 137.060800 324.780000
145.779600 299.781500 137.243700 321.582200
145.995800 296.224300 137.430300 318.365000
146.232800 292.723700 137.655100 315.078500
146.466500 289.221500 137.949400 311.755000
146.685200 285.746000 138.137400 308.361400
146.893800 282.281200 138.288700 304.909800
147.103700 278.834100 138.625500 301.426800
147.309200 275.380000 138.947400 297.910700
147.469000 272.014900 139.207100 294.368900
147.644100 268.640500 139.435300 290.813500
147.828000 265.287400 139.746300 287.294100
148.018700 262.011300 140.038500 283.806000
148.191600 258.776500 140.301900 280.319700
148.362500 255.568000 140.542700 276.855300
148.542700 252.484800 140.779300 273.415900
148.699400 249.530100 140.997300 269.955700
148.855100 246.697000 141.275300 266.553700
149.012000 244.059600 141.534400 263.203800
149.177500 241.565300 141.786100 259.836400
149.354100 239.240800 142.075200 256.540600
149.518500 237.141100 142.427300 253.308900
149.688400 235.241100 142.884600 250.117200
149.831600 233.536700 143.186300 246.989500
149.906300 232.004900 143.146400 243.998400
149.838700 230.619900 143.150900 241.113400
149.635100 229.344100 142.800300 238.439000
149.241300 228.150200 142.062400 235.997600
148.716100 227.039600 141.162800 233.789800
148.000700 226.008200 140.026800 231.930400
147.075700 225.048900 138.775600 230.406600
145.937600 224.217300 137.434600 229.256100
144.564400 223.496400 136.114500 228.373100
143.010800 222.963900 134.818800 227.764100
141.316600 222.568700 133.559300 227.433000
139.454500 222.334500 132.312700 227.209200
137.425000 222.166300 131.067600 227.011300
135.205500 222.050100 129.831100 226.878800
132.804000 221.961500 128.527400 226.730100
130.267400 221.919300 127.143100 226.621500
127.508700 221.882500 125.670400 226.521900
124.622700 221.854300 124.058100 226.408400
121.664000 221.830100 122.350100 226.251200
118.657200 221.763300 120.522800 226.093900
115.641600 221.685500 118.548000 225.912900
112.627300 221.570300 116.399700 225.687600
109.673500 221.356100 114.067800 225.397000
106.754900 221.166500 111.602300 225.093100
103.815900 220.977200 108.931400 224.797100
100.933900 220.822800 106.088200 224.466300
98.075460 220.656000 103.171500 224.165700
95.253020 220.487500 100.195500 223.826200
92.486910 220.344500 97.201940 223.401200
89.875370 220.223200 94.200070 223.055100
87.458400 220.103100 91.238460 222.696000
85.308900 219.940400 88.330020 222.328900
83.404740 219.814900 85.428580 221.848400
81.811460 219.719400 82.552160 221.512700
80.386560 219.682400 79.697390 221.289400
79.003730 219.767200 76.883860 221.464900
77.660700 220.007600 74.101240 221.791100
76.371580 220.406400 71.503100 222.072400
75.155860 220.960300 69.251630 223.147600
74.011040 221.726500 67.308360 224.242000
72.923470 222.715600 65.748820 225.458600
71.978870 223.872400 64.593440 226.690300
71.184520 225.266700 63.794630 227.925600
70.559680 226.755300 63.199420 229.176400
70.106430 228.212400 62.750250 230.486700
69.780350 229.717400 62.406430 231.782900
69.611080 231.273600 62.216800 233.123200
69.507330 232.885000 62.049880 234.459500
69.413710 234.508900 61.890050 235.897100
69.343880 236.144900 61.741870 237.379200
69.165330 237.775100 61.524210 238.945000
68.850580 239.377200 61.193650 240.533200
68.411010 240.827300 60.772430 242.022900
67.727420 242.111200 59.935920 243.305100
66.803100 243.182900 58.833690 244.396000
65.701790 244.107800 57.570510 245.358100
64.448250 244.782200 56.098970 246.051100
63.080800 245.260000 54.539340 246.528300
61.580750 245.474700 52.910690 246.700300
60.021940 245.545100 51.276670 246.746800
58.373630 245.501300 49.691480 246.757800
56.557790 245.387700 48.255390 246.641100
54.575700 245.267600 46.819900 246.531000
52.422320 245.171900 45.384540 246.491600
50.087930 245.081900 43.945230 246.432700
47.581640 245.008900 42.513930 246.309200
44.918970 244.937600 41.008090 246.245700
42.122820 244.817200 39.471390 246.096000
39.164720 244.672400 37.861570 245.973200
36.057060 244.510700 36.102350 245.841300
32.840100 244.318200 34.191000 245.615600
29.595440 244.119000 32.102120 245.371500
26.356030 243.938500 29.843060 245.083800
23.136280 243.778100 27.393580 244.894900
19.923890 243.574600 24.788820 244.637200
16.771670 243.333700 22.050130 244.324000
13.661940 243.082500 19.173910 243.933500
10.666390 242.818300 16.136030 243.449700
7.814747 242.555200 12.964260 243.135600
5.139292 242.325200 9.728499 242.762900
2.679849 242.118700 6.534752 242.265500
0.450309 241.930700 3.321231 241.876100
-1.528966 241.776000 0.129201 241.497000
-3.228819 241.670700 -3.024365 241.211700
-4.618300 241.633500 -6.149767 240.978000
-5.727634 241.635600 -9.188345 240.862500
-6.594910 241.676300 -12.091130 240.784100
-7.316062 241.736500 -14.835960 240.831000
-7.999830 241.824600 -17.298080 241.473500
-8.668434 241.971800 -19.516970 242.110000
-9.310473 242.159800 -21.551210 242.512700
-10.040280 242.489600 -23.126410 243.386000
-10.900630 242.986700 -24.375350 244.199700
-11.788840 243.696900 -25.353560 244.883200
-12.605680 244.629900 -25.993100 245.569800
-13.325190 245.805400 -26.411140 246.201200
-13.876090 247.212100 -26.690650 246.839300
-14.262280 248.903900 -26.881260 247.498300
-14.456720 250.843200 -26.998420 248.157600
-14.534350 252.994100 -27.065620 248.886600
-14.597030 255.350200 -27.138900 249.817400
-14.667090 257.910700 -27.205380 250.908000
-14.735990 260.649600 -27.263730 252.110800
-14.849520 263.575900 -27.358570 253.428800
-14.957480 266.729800 -27.483700 254.924100
-15.059630 270.015600 -27.631870 256.583900
-15.182710 273.477200 -27.812380 258.441600
-15.303150 277.021400 -28.035330 260.503100
-15.440230 280.658500 -28.327600 262.773300
-15.590580 284.351600 -28.633430 265.246900
-15.764490 288.068200 -28.917630 267.915000
-15.946800 291.811700 -29.311570 270.747700
-16.099940 295.543400 -29.633370 273.820400
-16.260060 299.308400 -29.798160 277.052200
-16.425310 303.105800 -30.210040 280.434800
-16.590140 306.893300 -30.565970 283.941300
-16.756680 310.705900 -30.963840 287.524500
-16.910250 314.536100 -31.412830 291.196000
-17.062160 318.371600 -31.853780 294.869100
-17.211700 322.183300 -32.301220 298.588700
-17.359600 325.995800 -32.692340 302.308100
-17.503240 329.777900 -33.090300 306.041300
-17.652950 333.537700 -33.514170 309.807200
-17.803470 337.274400 -33.872440 313.585800
-17.965510 340.928300 -34.368000 317.358200
-18.139020 344.467400 -34.808220 321.162500
-18.309560 347.827300 -35.133300 324.986500
-18.498430 351.069300 -35.594810 328.780900
-18.657830 354.177800 -36.238180 332.540300
-18.779270 357.113600 -36.732500 336.309800
-18.870160 359.864000 -37.134610 340.050800
-18.946200 362.402300 -37.381990 343.795000
-18.990920 364.711200 -37.686290 347.434400
-19.050610 366.784400 -37.967090 351.007000
-19.150770 368.599600 -38.403010 354.391200
-19.288630 370.232600 -38.693350 357.652800
-19.600770 371.746300 -39.633590 360.671500
-20.181060 373.134000 -40.924590 363.376200
-21.046240 374.352900 -42.712420 365.538800
-22.127780 375.353800 -44.704510 367.232700
-23.457040 376.098400 -46.841320 368.237500
-24.934490 376.556700 -48.961690 368.604900
-26.555040 376.670400 -50.858600 368.582000
-28.276760 376.521700 -52.524070 368.251100
-30.056280 376.231600 -54.054680 367.859900
-31.975970 375.881500 -55.547280 367.463300
-34.041570 375.538800 -57.023710 367.137300
-36.312400 375.174700 -58.467400 366.809600
-38.740670 374.815500 -59.912180 366.385000
-41.349510 374.513500 -61.437520 366.118600
-44.097790 374.260800 -62.995920 365.868100
-47.011360 374.040700 -64.692130 365.668200
-50.040150 373.823900 -66.440930 365.442000
-53.185680 373.618900 -68.339370 365.242400
-56.406270 373.421900 -70.363220 365.025000
-59.653410 373.251300 -72.585210 364.776400
-62.943060 373.083600 -74.977810 364.515600
-66.219570 372.909300 -77.536340 364.288400
-69.486870 372.732000 -80.219670 363.861000
-72.726120 372.532900 -83.069260 363.506100
-75.949990 372.348800 -86.044440 363.103900
-79.132360 372.198800 -89.121660 362.654600
-82.276670 372.085900 -92.304940 362.253600
-85.318380 372.021300 -95.543640 362.011200
-88.202870 371.999200 -98.813620 361.771800
-90.927450 371.989600 -102.101700 361.605300
-93.555550 371.974900 -105.371400 361.407900
-96.169310 371.894100 -108.619800 361.183200
-98.735200 371.699400 -111.836300 360.799700
-101.335900 371.405700 -114.994700 360.289000
-104.006100 371.090100 -118.107400 359.744000
-106.771100 370.792200 -121.154800 359.225800
-109.682200 370.477800 -124.021800 358.595800
-112.739100 370.228500 -126.775400 358.320400
-115.931600 370.036400 -129.407800 358.083300
-119.286600 369.828600 -132.012200 357.812600
-122.729500 369.724600 -134.582700 357.565000
-126.288700 369.671200 -137.172900 357.386400
-129.839700 369.662300 -139.834000 357.233500
-133.385600 369.650900 -142.570700 357.070500
-136.894400 369.634000 -145.458400 356.916200
-140.398100 369.514400 -148.440900 356.601200
-143.862100 369.340500 -151.596900 356.198500
-147.327600 369.166400 -154.880900 355.805700
-150.737000 368.971100 -158.255500 355.401500
-154.158600 368.781900 -161.770000 354.895800
-157.533900 368.539100 -165.297400 354.476300
-160.863100 368.281900 -168.821500 353.997100
-164.185700 368.025000 -172.311300 353.639900
-167.432800 367.748600 -175.802300 353.210200
-170.642400 367.488400 -179.245100 352.728200
-173.841400 367.227100 -182.680000 352.197700
-177.023700 366.951400 -186.061900 351.655200
-180.244500 366.730400 -189.475800 351.233800
-183.473900 366.580900 -192.849600 350.880600
-186.744800 366.472000 -196.189000 350.576900
-190.033500 366.367300 -199.516700 350.289300
-193.355400 366.250500 -202.780700 349.978700
-196.716900 366.188600 -206.018000 349.745700
-200.121200 366.182600 -209.215600 349.626400
-203.540500 366.199800 -212.410700 349.477300
-206.952700 366.227500 -215.630900 349.298100
-210.347900 366.285500 -218.857600 349.184800
-213.706200 366.365900 -222.112800 349.162800
-217.009500 366.481900 -225.400600 349.079800
-220.179700 366.654500 -228.715900 349.065200
-223.191200 366.879000 -232.061000 349.185800
-226.097000 367.114900 -235.453800 349.275700
-228.814800 367.345400 -238.873400 349.325500
-231.386300 367.584000 -242.288900 349.581600
-233.712600 367.887700 -245.673500 349.918200
-235.782000 368.275800 -249.009900 350.396200
-237.675400 368.737900 -252.261300 351.128900
-239.369400 369.206200 -255.407000 351.829900
-240.923900 369.617600 -258.399200 352.532300
-242.343700 369.946600 -261.300300 353.054500
-243.617800 370.200700 -264.059000 353.445100
-244.859400 370.340600 -266.696200 353.699900
-246.077300 370.391700 -269.110300 353.805100
-247.267700 370.379800 -271.281200 353.738600
-248.493500 370.333700 -273.282600 353.634100
-249.783700 370.306600 -275.088200 353.491300
-251.078800 370.299200 -276.732100 353.349300
-252.358200 370.349900 -278.240300 353.349800
-253.632100 370.436500 -279.565500 353.555300
-254.850600 370.581800 -280.816500 353.611500
-255.940600 370.729900 -282.046200 353.686200
-256.915700 370.895600 -283.237000 353.788100
-257.880300 371.026600 -284.435500 353.856900
-258.825300 371.074700 -285.691300 353.680100
-259.790200 371.036700 -286.987900 353.641500
-260.853800 370.865000 -288.225600 353.300600
-261.981300 370.525600 -289.383200 352.769800
-263.149900 369.955400 -290.459600 352.135200
-264.334300 369.128800 -291.338900 351.401500
-265.453200 367.983800 -292.009500 350.650700
-266.451000 366.525200 -292.523400 349.817700
-267.251800 364.723800 -292.895600 348.941400
-267.949500 362.709300 -293.147700 348.032200
-268.506500 360.485200 -293.335300 347.009200
-268.941500 358.026800 -293.472700 345.872800
-269.220400 355.348600 -293.512900 344.612200
-269.448800 352.477300 -293.548400 343.214300
-269.718000 349.407100 -293.588700 341.657400
-269.985700 346.177700 -293.600700 339.942500
-270.257600 342.841000 -293.628500 338.051700
-270.518100 339.408900 -293.681100 335.974400
-270.754500 335.850800 -293.668500 333.726000
-270.955500 332.279200 -293.702000 331.294000
-271.100700 328.699800 -293.695800 328.661100
-271.205200 325.126400 -293.602300 325.853100
-271.267700 321.587300 -293.436800 322.836200
-271.275200 318.070500 -293.260900 319.647400
-271.222900 314.582000 -293.051400 316.333700
-271.120000 311.120600 -292.769200 312.941400
-270.978000 307.683800 -292.429800 309.436600
-270.782700 304.265600 -292.067100 305.857200
-270.528600 300.853100 -291.559400 302.332500
-270.242000 297.429400 -291.028100 298.781800
-269.919600 293.989900 -290.602000 295.255300
-269.545200 290.528500 -290.032700 291.778000
-269.141700 287.042100 -289.490400 288.323300
-268.688300 283.528200 -288.883900 284.900600
-268.188900 279.998100 -288.245600 281.516200
-267.644900 276.438400 -287.536700 278.164900
-267.060700 272.864800 -286.818200 274.819200
-266.415600 269.267600 -286.013400 271.487000
-265.703700 265.659900 -285.261800 268.123700
-264.933700 262.028500 -284.417000 264.756300
-264.083600 258.356100 -283.447500 261.392600
-263.198600 254.694500 -282.369000 258.031200
-262.249500 251.044300 -281.318000 254.636100
-261.237300 247.429800 -280.106500 251.260800
-260.189300 243.839800 -278.894500 247.857300
-259.094000 240.246100 -277.649400 244.436400
-257.955600 236.666200 -276.328500 241.012400
-256.772700 233.104800 -274.957500 237.582100
-255.531300 229.548500 -273.551500 234.101500
-254.248400 226.028100 -272.086500 230.631200
-252.919100 222.544000 -270.577400 227.190800
-251.574800 219.079600 -269.012500 223.759900
-250.208800 215.633800 -267.426700 220.375400
-248.823500 212.212300 -265.821800 216.983400
-247.396200 208.816100 -264.124400 213.634100
-245.924600 205.438400 -262.429400 210.287600
-244.407500 202.096000 -260.667300 206.960700
-242.864900 198.761700 -258.920400 203.640600
-241.279000 195.474400 -257.100200 200.386600
-239.649300 192.235800 -255.219900 197.178000
-237.983200 189.035400 -253.319900 193.999400
-236.298900 185.858800 -251.427400 190.822500
-234.588400 182.702700 -249.442000 187.722000
-232.835600 179.589900 -247.423600 184.641900
-231.009300 176.491000 -245.348900 181.614700
-229.111700 173.245900 -243.318500 178.557300
-227.176300 170.021800 -241.256300 175.536000
-225.177100 166.838100 -239.166800 172.564300
-223.121100 163.678300 -237.025700 169.660500
-221.021800 160.583500 -234.850700 166.794700
-218.906700 157.528200 -232.678700 163.943000
-216.758300 154.516100 -230.452100 161.148200
-214.598900 151.542200 -228.221600 158.341500
-212.419400 148.613400 -225.860200 155.483800
-210.228200 145.723000 -223.403200 152.654300
-207.984500 142.875200 -220.935000 149.823200
-205.709300 140.044600 -218.408200 147.024800
-203.367700 137.252600 -215.863900 144.282100
-200.986900 134.476000 -213.365100 141.527800
-198.545200 131.709700 -210.780000 138.879200
-196.059300 128.939500 -208.161200 136.294100
-193.510200 126.196800 -205.567300 133.730500
-190.897300 123.468900 -202.914300 131.246800
-188.227400 120.762000 -200.290200 128.758600
-185.497000 118.076800 -197.596500 126.329300
-182.724000 115.414700 -194.897900 123.892100
-179.874900 112.756200 -192.146000 121.504200
-176.963500 110.129700 -189.323900 119.153300
-174.022700 107.478800 -186.449400 116.809800
-171.062700 104.830200 -183.552600 114.465200
-168.072200 102.205400 -180.649400 112.073000
-165.063500 99.572080 -177.719600 109.664600
-162.094200 96.925240 -174.733700 107.301600
-159.158100 94.245620 -171.812600 104.813100
-156.222000 91.591220 -168.838300 102.333600
-153.302600 88.949020 -165.840800 99.837930
-150.415700 86.290970 -162.825800 97.287160
-147.525700 83.616700 -159.845400 94.670930
-144.616800 80.967880 -156.790000 92.130940
-141.680000 78.334030 -153.723900 89.579280
-138.744900 75.701910 -150.688800 87.003880
-135.803000 73.066790 -147.660500 84.437430
-132.863800 70.434610 -144.613000 81.912320
-129.933000 67.796650 -141.612400 79.361230
-127.009300 65.165490 -138.573100 76.876610
-124.094300 62.565200 -135.561800 74.356080
-121.185800 59.961850 -132.551800 71.823200
-118.275800 57.358150 -129.549600 69.277380
-115.383500 54.746480 -126.543200 66.734930
-112.487100 52.132910 -123.547200 64.167910
-109.563100 49.507800 -120.524400 61.634390
-106.649400 46.882310 -117.536800 59.075290
-103.717200 44.240620 -114.523300 56.547680
-100.776700 41.607720 -111.503300 54.059130
-97.815960 38.955960 -108.493700 51.585440
-94.863170 36.299440 -105.517500 49.062080
-91.884440 33.643060 -102.528300 46.561310
-88.909720 30.989760 -99.553780 44.049230
-85.917480 28.322680 -96.514500 41.568380
-82.929050 25.668410 -93.497200 39.083270
-79.941980 23.038030 -90.432480 36.600950
-76.962720 20.421650 -87.392000 34.101400
-74.007520 17.823510 -84.318600 31.584910
-71.092400 15.226900 -81.295990 29.020330
-68.209240 12.634500 -78.232120 26.479930
-65.354250 10.051970 -75.189530 23.903070
-62.542350 7.481356 -72.166670 21.285940
-59.754040 4.927046 -69.091670 18.732300
-57.009180 2.422195 -66.056630 16.154650
-54.340090 0.009828 -63.048610 13.565030
-51.766990 -2.296378 -60.049420 11.007500
-49.260900 -4.526641 -57.096150 8.440726
-46.853800 -6.677798 -54.167840 5.900210
-44.569730 -8.685225 -51.151520 3.488857
-42.404320 -10.528340 -48.222420 1.046086
-40.364200 -12.198710 -45.225990 -1.279828
-38.389800 -13.695430 -42.188460 -3.461434
-36.423220 -15.003710 -39.060090 -5.308403
-34.423200 -16.097900 -35.936820 -6.893537
-32.364650 -16.913830 -32.757260 -7.998206
-30.265120 -17.411740 -29.563960 -8.688274
-28.163420 -17.604910 -26.484180 -8.971966
-26.110560 -17.459960 -23.609090 -8.602409
-24.143360 -16.987220 -21.012940 -7.883962
-22.296980 -16.217800 -18.714260 -6.881344
-20.604650 -15.231400 -16.645080 -5.685305
-19.008910 -14.153640 -14.790880 -4.331346
-17.427180 -13.090130 -12.973100 -3.037852
-15.874640 -12.069320 -11.190880 -1.797337
-14.363580 -11.106930 -9.412918 -0.642279
-12.922670 -10.242620 -7.661095 0.469030
-11.574780 -9.466819 -6.030639 1.656309
-10.317910 -8.788752 -4.244495 2.556935
-9.188230 -8.193104 -2.489204 3.454137
-8.211014 -7.716742 -0.767841 4.282404
-7.426664 -7.335419 0.877241 5.239912
-6.732949 -7.004384 2.561456 6.058378
-6.081177 -6.624412 4.018863 7.123343
-5.489078 -6.233971 5.398513 8.039593
-4.934984 -5.802268 6.441244 9.234073
-4.339961 -5.285216 7.694604 9.935803
-3.697865 -4.592905 8.523762 10.969330
-3.037676 -3.769289 9.222984 11.878960
-2.408137 -2.790908 9.698615 12.691940
-1.801721 -1.625169 10.141040 13.235010
-1.269630 -0.215074 10.380670 13.961620
-0.812186 1.417145 10.511660 14.671070
-0.577413 3.304554 10.563370 15.371550
-0.470925 5.426109 10.549300 16.115100
-0.476637 7.694492 10.494260 17.007550
-0.570738 10.119870 10.377160 18.027520
-0.648451 12.686750 10.226030 19.145420
-0.748385 15.378500 10.058070 20.391720
-0.860824 18.191740 9.869427 21.821170
-0.998219 21.084400 9.722450 23.448510
-1.176238 24.100490 9.545407 25.269590
-1.395968 27.224660 9.283460 27.306040
-1.640741 30.420880 8.975983 29.508850
-1.879320 33.664680 8.517924 31.839750
-2.150183 36.923590 8.090953 34.326180
-2.397389 40.249040 7.651659 36.939990
-2.638864 43.594280 7.246696 39.693970
-2.848280 46.962570 6.789804 42.519550
-3.041372 50.356970 6.344497 45.465690
-3.212653 53.820380 5.870096 48.533360
-3.380992 57.307360 5.391417 51.670940
-3.567609 60.834770 4.867109 54.886490
-3.786600 64.385720 4.408098 58.104220
-3.981904 67.973540 3.984894 61.393370
-4.173959 71.565920 3.496520 64.709070
-4.396788 75.106490 3.066419 68.036860
-4.593996 78.623730 2.542984 71.393280
-4.800834 82.136440 2.010696 74.796010
-5.016400 85.597270 1.651852 78.254470
-5.214554 89.008160 1.142151 81.747650
-5.369648 92.435540 0.715481 85.257070
-5.524006 95.827610 0.380500 88.825990
