20.000000 0.000668
40.000000 0.000450
60.000000 0.000361
80.000000 0.000311
100.000000 0.000284
120.000000 0.000261
140.000000 0.000246
160.000000 0.000232
180.000000 0.000218
200.000000 0.000208
220.000000 0.000200
240.000000 0.000193
260.000000 0.000188
280.000000 0.000182
300.000000 0.000176
320.000000 0.000172
340.000000 0.000168
360.000000 0.000164
380.000000 0.000161
400.000000 0.000158
420.000000 0.000153
440.000000 0.000150
460.000000 0.000148
480.000000 0.000144
500.000000 0.000141
520.000000 0.000139
540.000000 0.000136
560.000000 0.000133
580.000000 0.000131
600.000000 0.000128
620.000000 0.000127
640.000000 0.000125
660.000000 0.000123
680.000000 0.000121
700.000000 0.000118
720.000000 0.000116
740.000000 0.000113
760.000000 0.000111
780.000000 0.000108
800.000000 0.000106
820.000000 0.000103
840.000000 0.000101
860.000000 0.000099
880.000000 0.000098
900.000000 0.000096
920.000000 0.000095
940.000000 0.000093
960.000000 0.000091
980.000000 0.000089
1000.000000 0.000088
1020.000000 0.000087
1040.000000 0.000085
1060.000000 0.000085
1080.000000 0.000085
1100.000000 0.000082
1120.000000 0.000081
1140.000000 0.000081
1160.000000 0.000081
1180.000000 0.000080
1200.000000 0.000080
1220.000000 0.000079
1240.000000 0.000079
1260.000000 0.000078
1280.000000 0.000078
1300.000000 0.000077
1320.000000 0.000077
1340.000000 0.000076
1360.000000 0.000076
1380.000000 0.000076
1400.000000 0.000075
1420.000000 0.000075
1440.000000 0.000075
1460.000000 0.000075
1480.000000 0.000076
1500.000000 0.000075
1520.000000 0.000075
1540.000000 0.000075
1560.000000 0.000075
1580.000000 0.000074
1600.000000 0.000073
1620.000000 0.000072
1640.000000 0.000071
1660.000000 0.000070
1680.000000 0.000069
1700.000000 0.000068
1720.000000 0.000068
1740.000000 0.000067
1760.000000 0.000065
1780.000000 0.000064
1800.000000 0.000062
1820.000000 0.000061
1840.000000 0.000060
1860.000000 0.000058
1880.000000 0.000057
1900.000000 0.000056
1920.000000 0.000055
1940.000000 0.000053
1960.000000 0.000052
1980.000000 0.000051
2000.000000 0.000050
2020.000000 0.000049
2040.000000 0.000049
2060.000000 0.000047
2080.000000 0.000046
2100.000000 0.000046
2120.000000 0.000045
2140.000000 0.000045
2160.000000 0.000044
2180.000000 0.000042
2200.000000 0.000042
2220.000000 0.000041
2240.000000 0.000040
2260.000000 0.000040
2280.000000 0.000039
2300.000000 0.000039
2320.000000 0.000038
2340.000000 0.000038
2360.000000 0.000037
2380.000000 0.000037
2400.000000 0.000036
2420.000000 0.000036
2440.000000 0.000036
2460.000000 0.000036
2480.000000 0.000035
2500.000000 0.000035
2520.000000 0.000035
2540.000000 0.000035
2560.000000 0.000035
2580.000000 0.000035
2600.000000 0.000035
2620.000000 0.000035
2640.000000 0.000035
2660.000000 0.000035
2680.000000 0.000035
2700.000000 0.000035
2720.000000 0.000034
2740.000000 0.000034
2760.000000 0.000034
2780.000000 0.000034
2800.000000 0.000034
2820.000000 0.000034
2840.000000 0.000034
2860.000000 0.000034
2880.000000 0.000034
2900.000000 0.000034
2920.000000 0.000034
2940.000000 0.000034
2960.000000 0.000034
2980.000000 0.000034
3000.000000 0.000034
3020.000000 0.000034
3040.000000 0.000034
3060.000000 0.000034
3080.000000 0.000034
3100.000000 0.000034
3120.000000 0.000033
3140.000000 0.000033
3160.000000 0.000032
3180.000000 0.000032
3200.000000 0.000032
3220.000000 0.000031
3240.000000 0.000031
3260.000000 0.000030
3280.000000 0.000030
3300.000000 0.000030
3320.000000 0.000029
3340.000000 0.000029
3360.000000 0.000030
3380.000000 0.000030
3400.000000 0.000031
3420.000000 0.000031
3440.000000 0.000031
3460.000000 0.000032
3480.000000 0.000032
3500.000000 0.000032
3520.000000 0.000032
3540.000000 0.000032
3560.000000 0.000032
3580.000000 0.000031
3600.000000 0.000031
3620.000000 0.000030
3640.000000 0.000030
3660.000000 0.000029
3680.000000 0.000029
3700.000000 0.000029
