20.000000 0.206062
40.000000 0.171079
60.000000 0.138076
80.000000 0.112977
100.000000 0.098696
120.000000 0.089458
140.000000 0.079368
160.000000 0.072778
180.000000 0.068025
200.000000 0.063599
220.000000 0.058224
240.000000 0.053926
260.000000 0.052315
280.000000 0.051417
300.000000 0.050266
320.000000 0.048673
340.000000 0.047041
360.000000 0.045634
380.000000 0.044566
400.000000 0.043520
420.000000 0.042891
440.000000 0.042786
460.000000 0.042220
480.000000 0.041228
500.000000 0.040443
520.000000 0.039903
540.000000 0.039185
560.000000 0.038350
580.000000 0.037661
600.000000 0.036758
620.000000 0.035608
640.000000 0.034356
660.000000 0.033571
680.000000 0.032934
700.000000 0.032149
720.000000 0.031475
740.000000 0.030973
760.000000 0.030235
780.000000 0.029492
800.000000 0.028747
820.000000 0.028014
840.000000 0.027135
860.000000 0.026570
880.000000 0.026085
900.000000 0.025742
920.000000 0.025203
940.000000 0.024806
960.000000 0.024667
980.000000 0.024439
1000.000000 0.024000
1020.000000 0.023669
1040.000000 0.023733
1060.000000 0.023674
1080.000000 0.023667
1100.000000 0.023549
1120.000000 0.023639
1140.000000 0.023683
1160.000000 0.023589
1180.000000 0.023480
1200.000000 0.023482
1220.000000 0.023241
1240.000000 0.022939
1260.000000 0.022801
1280.000000 0.022713
1300.000000 0.022519
1320.000000 0.022218
1340.000000 0.022255
1360.000000 0.022305
1380.000000 0.022160
1400.000000 0.021967
1420.000000 0.021680
1440.000000 0.021493
1460.000000 0.021234
1480.000000 0.021080
1500.000000 0.020875
1520.000000 0.020588
1540.000000 0.020276
1560.000000 0.019997
1580.000000 0.019530
1600.000000 0.018994
1620.000000 0.018625
1640.000000 0.018460
1660.000000 0.018077
1680.000000 0.017501
1700.000000 0.016984
1720.000000 0.016647
1740.000000 0.016534
1760.000000 0.016158
1780.000000 0.015794
1800.000000 0.015594
1820.000000 0.015544
1840.000000 0.015351
1860.000000 0.015092
1880.000000 0.014777
1900.000000 0.014345
1920.000000 0.014032
1940.000000 0.013952
1960.000000 0.014007
1980.000000 0.013975
2000.000000 0.013815
2020.000000 0.013620
2040.000000 0.013531
2060.000000 0.013453
2080.000000 0.013264
2100.000000 0.013204
2120.000000 0.013164
2140.000000 0.013045
2160.000000 0.012844
2180.000000 0.012694
2200.000000 0.012539
2220.000000 0.012594
2240.000000 0.012551
2260.000000 0.012428
2280.000000 0.012248
2300.000000 0.012045
2320.000000 0.011978
2340.000000 0.011936
2360.000000 0.011980
2380.000000 0.011974
2400.000000 0.012111
2420.000000 0.012300
2440.000000 0.012449
2460.000000 0.012532
2480.000000 0.012560
2500.000000 0.012644
2520.000000 0.012629
2540.000000 0.012644
2560.000000 0.012814
2580.000000 0.012890
2600.000000 0.012858
2620.000000 0.012902
2640.000000 0.012932
2660.000000 0.012911
2680.000000 0.012844
2700.000000 0.012786
2720.000000 0.012874
2740.000000 0.012948
2760.000000 0.012948
2780.000000 0.012888
2800.000000 0.012781
2820.000000 0.012616
2840.000000 0.012508
2860.000000 0.012371
2880.000000 0.012283
2900.000000 0.012115
2920.000000 0.011953
2940.000000 0.011779
2960.000000 0.011549
2980.000000 0.011246
3000.000000 0.011048
3020.000000 0.010829
3040.000000 0.010497
3060.000000 0.010152
3080.000000 0.009727
3100.000000 0.009282
3120.000000 0.008835
3140.000000 0.008488
3160.000000 0.008079
3180.000000 0.007649
3200.000000 0.007147
3220.000000 0.006545
3240.000000 0.006149
3260.000000 0.005676
3280.000000 0.005230
3300.000000 0.005008
3320.000000 0.004990
3340.000000 0.004991
3360.000000 0.005032
3380.000000 0.005119
3400.000000 0.005208
3420.000000 0.005277
3440.000000 0.005288
3460.000000 0.005368
3480.000000 0.005393
3500.000000 0.005256
3520.000000 0.005297
3540.000000 0.005357
3560.000000 0.005171
3580.000000 0.005072
3600.000000 0.005228
3620.000000 0.005395
3640.000000 0.005295
3660.000000 0.005341
3680.000000 0.005409
3700.000000 0.005461
