20.000000 0.000457
40.000000 0.000287
60.000000 0.000228
80.000000 0.000197
100.000000 0.000174
120.000000 0.000157
140.000000 0.000146
160.000000 0.000135
180.000000 0.000123
200.000000 0.000117
220.000000 0.000110
240.000000 0.000104
260.000000 0.000097
280.000000 0.000094
300.000000 0.000090
320.000000 0.000086
340.000000 0.000082
360.000000 0.000080
380.000000 0.000077
400.000000 0.000076
420.000000 0.000073
440.000000 0.000071
460.000000 0.000071
480.000000 0.000069
500.000000 0.000066
520.000000 0.000065
540.000000 0.000064
560.000000 0.000062
580.000000 0.000061
600.000000 0.000060
620.000000 0.000059
640.000000 0.000058
660.000000 0.000057
680.000000 0.000056
700.000000 0.000056
720.000000 0.000055
740.000000 0.000054
760.000000 0.000053
780.000000 0.000052
800.000000 0.000052
820.000000 0.000051
840.000000 0.000051
860.000000 0.000050
880.000000 0.000049
900.000000 0.000049
920.000000 0.000048
940.000000 0.000048
960.000000 0.000046
980.000000 0.000046
1000.000000 0.000045
1020.000000 0.000045
1040.000000 0.000045
1060.000000 0.000044
1080.000000 0.000044
1100.000000 0.000043
1120.000000 0.000043
1140.000000 0.000043
1160.000000 0.000043
1180.000000 0.000043
1200.000000 0.000043
1220.000000 0.000043
1240.000000 0.000043
1260.000000 0.000043
1280.000000 0.000043
1300.000000 0.000042
1320.000000 0.000042
1340.000000 0.000042
1360.000000 0.000042
1380.000000 0.000041
1400.000000 0.000041
1420.000000 0.000041
1440.000000 0.000041
1460.000000 0.000041
1480.000000 0.000040
1500.000000 0.000040
1520.000000 0.000040
1540.000000 0.000040
1560.000000 0.000039
1580.000000 0.000039
1600.000000 0.000039
1620.000000 0.000038
1640.000000 0.000038
1660.000000 0.000038
1680.000000 0.000038
1700.000000 0.000037
1720.000000 0.000037
1740.000000 0.000037
1760.000000 0.000036
1780.000000 0.000036
1800.000000 0.000035
1820.000000 0.000035
1840.000000 0.000035
1860.000000 0.000034
1880.000000 0.000034
1900.000000 0.000034
1920.000000 0.000033
1940.000000 0.000033
1960.000000 0.000033
1980.000000 0.000032
2000.000000 0.000032
2020.000000 0.000031
2040.000000 0.000031
2060.000000 0.000031
2080.000000 0.000031
2100.000000 0.000030
2120.000000 0.000030
2140.000000 0.000030
2160.000000 0.000030
2180.000000 0.000029
2200.000000 0.000029
2220.000000 0.000029
2240.000000 0.000028
2260.000000 0.000029
2280.000000 0.000028
2300.000000 0.000028
2320.000000 0.000028
2340.000000 0.000028
2360.000000 0.000027
2380.000000 0.000027
2400.000000 0.000027
2420.000000 0.000027
2440.000000 0.000026
2460.000000 0.000026
2480.000000 0.000026
2500.000000 0.000026
2520.000000 0.000026
2540.000000 0.000026
2560.000000 0.000025
2580.000000 0.000025
2600.000000 0.000025
2620.000000 0.000025
2640.000000 0.000025
2660.000000 0.000024
2680.000000 0.000024
2700.000000 0.000024
2720.000000 0.000024
2740.000000 0.000023
2760.000000 0.000023
2780.000000 0.000023
2800.000000 0.000023
2820.000000 0.000023
2840.000000 0.000023
2860.000000 0.000023
2880.000000 0.000023
2900.000000 0.000023
2920.000000 0.000023
2940.000000 0.000024
2960.000000 0.000024
2980.000000 0.000024
3000.000000 0.000024
3020.000000 0.000024
3040.000000 0.000024
3060.000000 0.000024
3080.000000 0.000024
3100.000000 0.000024
3120.000000 0.000024
3140.000000 0.000024
3160.000000 0.000025
3180.000000 0.000025
3200.000000 0.000025
3220.000000 0.000025
3240.000000 0.000025
3260.000000 0.000025
3280.000000 0.000025
3300.000000 0.000025
3320.000000 0.000025
3340.000000 0.000025
3360.000000 0.000025
3380.000000 0.000025
3400.000000 0.000025
3420.000000 0.000025
3440.000000 0.000025
3460.000000 0.000025
3480.000000 0.000024
3500.000000 0.000024
3520.000000 0.000024
3540.000000 0.000024
3560.000000 0.000024
3580.000000 0.000024
3600.000000 0.000024
3620.000000 0.000025
3640.000000 0.000027
3660.000000 0.000026
3680.000000 0.000026
3700.000000 0.000025
