20.000000 0.114456
40.000000 0.092961
60.000000 0.074090
80.000000 0.061000
100.000000 0.054075
120.000000 0.049399
140.000000 0.044169
160.000000 0.040964
180.000000 0.038776
200.000000 0.036468
220.000000 0.033771
240.000000 0.031935
260.000000 0.030924
280.000000 0.030099
300.000000 0.028927
320.000000 0.027820
340.000000 0.027022
360.000000 0.026117
380.000000 0.025182
400.000000 0.024452
420.000000 0.023742
440.000000 0.023149
460.000000 0.022430
480.000000 0.021710
500.000000 0.021009
520.000000 0.020364
540.000000 0.019692
560.000000 0.019077
580.000000 0.018570
600.000000 0.018022
620.000000 0.017691
640.000000 0.017049
660.000000 0.016588
680.000000 0.016183
700.000000 0.015755
720.000000 0.015520
740.000000 0.015344
760.000000 0.014959
780.000000 0.014656
800.000000 0.014393
820.000000 0.014125
840.000000 0.013893
860.000000 0.013669
880.000000 0.013468
900.000000 0.013369
920.000000 0.013159
940.000000 0.012933
960.000000 0.012821
980.000000 0.012703
1000.000000 0.012422
1020.000000 0.012199
1040.000000 0.012055
1060.000000 0.011850
1080.000000 0.011708
1100.000000 0.011582
1120.000000 0.011594
1140.000000 0.011656
1160.000000 0.011715
1180.000000 0.011718
1200.000000 0.011765
1220.000000 0.011809
1240.000000 0.011833
1260.000000 0.011858
1280.000000 0.011880
1300.000000 0.011846
1320.000000 0.011880
1340.000000 0.012056
1360.000000 0.012169
1380.000000 0.012216
1400.000000 0.012321
1420.000000 0.012432
1440.000000 0.012526
1460.000000 0.012535
1480.000000 0.012549
1500.000000 0.012582
1520.000000 0.012606
1540.000000 0.012609
1560.000000 0.012542
1580.000000 0.012469
1600.000000 0.012392
1620.000000 0.012351
1640.000000 0.012328
1660.000000 0.012326
1680.000000 0.012369
1700.000000 0.012331
1720.000000 0.012204
1740.000000 0.012086
1760.000000 0.012023
1780.000000 0.011952
1800.000000 0.011884
1820.000000 0.011802
1840.000000 0.011665
1860.000000 0.011587
1880.000000 0.011538
1900.000000 0.011478
1920.000000 0.011457
1940.000000 0.011421
1960.000000 0.011385
1980.000000 0.011399
2000.000000 0.011315
2020.000000 0.011177
2040.000000 0.011152
2060.000000 0.011039
2080.000000 0.010909
2100.000000 0.010790
2120.000000 0.010644
2140.000000 0.010557
2160.000000 0.010431
2180.000000 0.010293
2200.000000 0.010206
2220.000000 0.010127
2240.000000 0.009997
2260.000000 0.009850
2280.000000 0.009779
2300.000000 0.009809
2320.000000 0.009759
2340.000000 0.009659
2360.000000 0.009521
2380.000000 0.009422
2400.000000 0.009366
2420.000000 0.009326
2440.000000 0.009281
2460.000000 0.009268
2480.000000 0.009318
2500.000000 0.009371
2520.000000 0.009481
2540.000000 0.009575
2560.000000 0.009662
2580.000000 0.009793
2600.000000 0.009971
2620.000000 0.010119
2640.000000 0.010153
2660.000000 0.010188
2680.000000 0.010222
2700.000000 0.010281
2720.000000 0.010316
2740.000000 0.010507
2760.000000 0.010636
2780.000000 0.010722
2800.000000 0.010827
2820.000000 0.010986
2840.000000 0.011138
2860.000000 0.011190
2880.000000 0.011253
2900.000000 0.011297
2920.000000 0.011308
2940.000000 0.011290
2960.000000 0.011261
2980.000000 0.011196
3000.000000 0.011150
3020.000000 0.011069
3040.000000 0.010995
3060.000000 0.010968
3080.000000 0.010811
3100.000000 0.010678
3120.000000 0.010531
3140.000000 0.010371
3160.000000 0.010207
3180.000000 0.009976
3200.000000 0.009755
3220.000000 0.009599
3240.000000 0.009381
3260.000000 0.008973
3280.000000 0.008586
3300.000000 0.008275
3320.000000 0.008010
3340.000000 0.007802
3360.000000 0.007840
3380.000000 0.007606
3400.000000 0.007436
3420.000000 0.007278
3440.000000 0.007116
3460.000000 0.006959
3480.000000 0.006707
3500.000000 0.006421
3520.000000 0.006157
3540.000000 0.005881
3560.000000 0.005516
3580.000000 0.005240
3600.000000 0.005082
3620.000000 0.004969
3640.000000 0.004705
3660.000000 0.004616
3680.000000 0.004690
3700.000000 0.004830
