0.000000 -0.000000 0.000000 0.000000
-0.140643 2.574964 -0.036810 2.578575
-0.281220 5.148987 -0.106615 5.157528
-0.421837 7.724036 -0.224334 7.734914
-0.562431 10.298960 -0.361899 10.310580
-0.701879 12.869650 -0.520919 12.884510
-0.854664 15.479570 -0.700025 15.522530
-1.011589 18.173180 -0.873518 18.237270
-1.171840 20.913680 -1.063437 20.992850
-1.334841 23.709530 -1.279873 23.801240
-1.487044 26.544710 -1.478682 26.643150
-1.633363 29.422930 -1.638735 29.545320
-1.768976 32.357140 -1.805117 32.482260
-1.929780 35.330970 -1.969923 35.536740
-2.126953 38.471510 -2.163022 38.656560
-2.329940 41.561110 -2.383186 41.736340
-2.535885 44.597900 -2.598707 44.752450
-2.728914 47.592750 -2.793819 47.734090
-2.937935 50.537730 -3.039413 50.671560
-3.130185 53.464980 -3.288815 53.576630
-3.310922 56.350390 -3.474809 56.461570
-3.511313 59.225400 -3.699776 59.314450
-3.703384 62.006320 -3.942573 62.062260
-3.912602 64.697860 -4.191801 64.709450
-4.114442 67.264550 -4.422887 67.234390
-4.313021 69.714240 -4.660673 69.646390
-4.514875 72.037350 -4.888711 71.904720
-4.709494 74.175390 -5.088230 73.988860
-4.891889 76.138280 -5.314861 75.883110
-5.039038 77.925340 -5.443618 77.631200
-5.159772 79.592300 -5.552644 79.251770
-5.235209 81.135380 -5.670969 80.749140
-5.207469 82.555940 -5.635084 82.137800
-5.029560 83.885300 -5.485191 83.454630
-4.680938 85.118200 -5.156803 84.671220
-4.130089 86.200010 -4.587973 85.719900
-3.393066 87.095580 -3.889629 86.612540
-2.508137 87.820100 -3.023363 87.362730
-1.511055 88.343490 -2.028520 87.899420
-0.450022 88.747950 -0.975391 88.341830
0.676345 89.023150 0.147772 88.626940
1.832910 89.277150 1.324792 88.887220
3.089762 89.418990 2.618499 89.049150
4.475771 89.556060 4.039834 89.206200
5.974572 89.621010 5.579953 89.296820
7.614093 89.671530 7.271684 89.363680
9.420230 89.707860 9.131945 89.423980
11.388370 89.721450 11.144930 89.484110
13.505010 89.738680 13.312860 89.552330
15.773680 89.805260 15.629500 89.645590
18.156510 89.929480 18.029810 89.751340
20.581930 90.082780 20.463750 89.983780
23.034320 90.227690 22.914610 90.140760
25.478370 90.365000 25.348440 90.323130
27.909920 90.499220 27.781430 90.441200
30.340320 90.588890 30.199180 90.557950
32.740690 90.598330 32.589320 90.610430
35.110390 90.529620 34.947170 90.594420
37.430830 90.386730 37.250530 90.496260
39.683630 90.176290 39.485010 90.334900
41.863240 89.910310 41.646310 90.123380
43.959460 89.634420 43.706270 89.894700
45.922800 89.378560 45.620880 89.681660
47.726310 89.193250 47.369510 89.567960
49.366470 89.121130 48.975000 89.549870
50.939410 89.191540 50.541410 89.631640
52.464070 89.450930 52.060140 89.898790
53.889450 89.945260 53.476090 90.347740
55.133190 90.660970 54.650580 91.105380
56.158450 91.620300 55.646790 92.093260
56.967930 92.764920 56.432880 93.260640
57.539920 94.061200 56.992840 94.577150
57.927200 95.446880 57.375680 95.987540
58.277310 96.884370 57.689630 97.449820
58.589460 98.403450 58.000380 98.998650
58.940360 100.002400 58.353920 100.627400
59.343230 101.692600 58.713440 102.373100
59.798800 103.499800 59.141690 104.226500
60.309140 105.392300 59.652770 106.139500
60.819120 107.363700 60.144860 108.165700
61.355080 109.477800 60.659030 110.317000
61.874140 111.669200 61.112460 112.555200
62.417580 113.964900 61.641410 114.894800
62.973720 116.373200 62.169550 117.340000
63.512460 118.836400 62.653550 119.824500
64.057360 121.342700 63.179010 122.348400
64.655860 123.876700 63.763830 124.898400
65.262090 126.422600 64.311550 127.459300
65.864770 128.941000 64.914170 129.940600
66.510510 131.382800 65.495420 132.435500
67.135460 133.867500 66.034550 134.890100
67.748220 136.262500 66.577620 137.315800
68.311480 138.668800 67.043510 139.742500
68.830800 141.066900 67.485700 142.143000
69.359830 143.451000 67.940810 144.524400
69.844620 145.829800 68.365750 146.931900
70.257380 148.240700 68.680960 149.339500
70.634070 150.615300 69.012280 151.735500
70.952630 153.048800 69.272950 154.173500
71.236680 155.482600 69.505050 156.628800
71.430750 157.958600 69.662470 159.103200
71.592060 160.420500 69.771500 161.562700
71.705560 162.889100 69.885220 164.052800
71.811250 165.386800 69.941640 166.527500
71.901490 167.846500 69.991160 169.007600
71.944200 170.358200 70.025250 171.527400
71.944230 172.867000 69.964480 174.025000
71.880770 175.411200 69.878070 176.592400
71.759300 177.947700 69.688110 179.108100
71.629380 180.489300 69.529120 181.672300
71.495820 183.069400 69.335970 184.236400
71.389860 185.611000 69.128200 186.784300
71.229200 188.181800 68.937110 189.331700
71.075770 190.694700 68.727940 191.844700
70.908190 193.208300 68.497820 194.345100
70.732240 195.676300 68.291200 196.792900
70.587330 197.902600 68.104380 198.908100
70.462020 200.022200 67.937180 201.024800
70.336670 202.141700 67.758870 203.140200
70.211280 204.261000 67.618540 205.258500
70.085900 206.379000 67.525600 207.378300
69.986060 208.445300 67.443450 209.385200
70.007780 210.375700 67.412110 211.306600
70.026080 212.295900 67.392620 213.237300
70.017620 214.252400 67.417130 215.195100
70.013230 216.217200 67.397370 217.185200
69.972110 218.270700 67.371610 219.256900
69.934360 220.317400 67.305890 221.263000
69.972850 222.305500 67.254600 223.285600
69.981630 224.353700 67.194950 225.323100
69.981870 226.399100 67.118610 227.385100
69.949190 228.454500 67.031750 229.420500
69.907170 230.454300 66.941380 231.406800
69.859830 232.418200 66.876200 233.335400
69.810200 234.247600 66.897190 235.108000
69.754960 235.896800 66.818110 236.707100
69.602960 237.437200 66.639310 238.233500
69.315000 238.920100 66.363010 239.698800
68.846420 240.276600 65.848690 241.020200
68.166090 241.479400 65.147250 242.187800
67.318270 242.492800 64.290700 243.175400
66.332240 243.344200 63.256150 243.936400
65.260110 243.991900 62.196760 244.573600
64.140300 244.474300 61.063220 245.055600
62.867510 244.772700 59.723720 245.228400
61.458940 244.926000 58.282650 245.382000
59.947420 244.952000 56.742380 245.401800
58.335370 244.902100 55.098600 245.226200
56.595980 244.824000 53.312750 245.084100
54.694040 244.743800 51.354490 244.970000
52.650420 244.604800 49.268070 244.859200
50.451970 244.390700 46.984220 244.740000
48.058070 244.235000 44.542390 244.619300
45.515050 244.100900 41.966050 244.535000
42.921790 243.969200 39.376860 244.409300
40.316590 243.840300 36.763250 244.297700
37.706940 243.722400 34.148280 244.136200
35.094890 243.629800 31.548620 243.926200
32.472950 243.489000 28.915620 243.724900
29.851950 243.348200 26.314100 243.526200
27.264200 243.258500 23.744100 243.365200
24.724050 243.174900 21.210990 243.244000
22.210390 243.091000 18.713680 243.120500
19.736330 242.979500 16.259280 242.987700
17.311070 242.850400 13.839170 242.815700
14.901790 242.682800 11.446750 242.631800
12.542000 242.455300 9.111655 242.377200
10.258080 242.218100 6.859150 242.121200
8.077281 241.997300 4.729904 241.879700
6.032146 241.805400 2.727462 241.678000
4.114420 241.647100 0.860030 241.489700
2.325909 241.523700 -0.881445 241.330300
0.684853 241.422100 -2.470092 241.253800
-0.804697 241.361800 -3.903151 241.236600
-2.147061 241.322400 -5.194315 241.199700
-3.335045 241.321100 -6.327384 241.186000
-4.362696 241.347700 -7.291530 241.241400
-5.195608 241.375100 -8.050173 241.254700
-5.787975 241.411000 -8.562484 241.276000
-6.148943 241.435700 -8.679552 241.298300
-6.347609 241.453500 -8.773497 241.301500
-6.441034 241.457400 -8.773497 241.301500
-6.441440 241.456100 -8.773497 241.301500
-6.439927 241.462600 -8.773497 241.301500
-6.440440 241.482800 -8.773497 241.301500
-6.480607 241.498100 -8.849136 241.306100
-6.560264 241.507700 -8.849136 241.306100
-6.742488 241.516100 -8.916930 241.304700
-7.099251 241.541700 -9.017286 241.308100
-7.627305 241.597900 -9.066462 241.313800
-8.293171 241.705000 -9.080780 241.315700
-9.050632 241.890800 -9.089089 241.317900
-9.863606 242.207700 -9.110721 241.327100
-10.727660 242.661600 -9.150813 241.347900
-11.566170 243.294100 -9.214706 241.396400
-12.317670 244.121800 -9.338862 241.529800
-12.969870 245.164100 -9.529631 241.831200
-13.469580 246.441200 -9.741534 242.317400
-13.828110 247.877300 -9.900502 242.972500
-14.057520 249.558000 -10.015890 243.743800
-14.176210 251.405900 -10.084010 244.613800
-14.264690 253.405000 -10.145790 245.588800
-14.328890 255.544200 -10.182360 246.640700
-14.399650 257.837600 -10.232790 247.759400
-14.471380 260.263200 -10.247350 248.993100
-14.561590 262.807800 -10.356070 250.361900
-14.652820 265.491700 -10.396160 251.841900
-14.739760 268.254400 -10.420000 253.538900
-14.858340 271.134800 -10.511710 255.388100
-14.973530 274.134700 -10.609280 257.386300
-15.069550 277.175700 -10.678440 259.525500
-15.175210 280.293600 -10.805610 261.816500
-15.297230 283.446400 -10.953220 264.237600
-15.436590 286.619600 -11.086660 266.779200
-15.585790 289.810900 -11.241530 269.459500
-15.736240 292.959600 -11.462000 272.213700
-15.885310 296.071900 -11.610970 275.091700
-16.046970 299.165600 -11.826030 278.085800
-16.219660 302.246300 -12.082790 281.117100
-16.389710 305.314100 -12.257070 284.232700
-16.559690 308.378300 -12.499130 287.376600
-16.709350 311.458900 -12.675540 290.546500
-16.839300 314.563300 -12.946750 293.730300
-16.972270 317.709200 -13.192580 296.872700
-17.118400 320.893100 -13.408950 299.981100
-17.281700 324.127200 -13.522210 303.075000
-17.454380 327.375400 -13.705040 306.154500
-17.614190 330.593900 -13.889360 309.220800
-17.775860 333.802500 -14.066540 312.283300
-17.959610 336.995200 -14.194930 315.364700
-18.128440 340.134300 -14.392000 318.465400
-18.295640 343.191900 -14.594470 321.607100
-18.453080 346.169000 -14.790790 324.788700
-18.632610 349.056200 -14.998630 328.020600
-18.817710 351.841100 -15.262710 331.263000
-18.986450 354.488400 -15.473510 334.478400
-19.124870 356.982400 -15.699600 337.683100
-19.220930 359.289500 -15.867900 340.876400
-19.310450 361.377700 -15.991160 344.009900
-19.390050 363.254000 -16.235500 347.057100
-19.458340 364.945900 -16.459500 350.020100
-19.552440 366.417400 -16.693440 352.897600
-19.716910 367.755600 -17.000540 355.670400
-19.992010 369.044200 -17.561630 358.262800
-20.413100 370.267200 -18.382590 360.613300
-20.994480 371.390500 -19.547930 362.605100
-21.767920 372.412000 -20.789770 364.275500
-22.740410 373.381300 -22.172530 365.545200
-23.931400 374.199500 -23.542940 366.536800
-25.311900 374.775400 -24.912000 367.077900
-26.849130 375.102700 -26.238720 367.319800
-28.541320 375.088500 -27.555780 367.320200
-30.331610 374.930400 -28.847810 367.228400
-32.178580 374.714400 -30.105740 367.081200
-34.124600 374.519300 -31.386610 366.973900
-36.192510 374.312000 -32.757620 366.838900
-38.360350 374.089000 -34.197750 366.673600
-40.674090 373.890900 -35.697600 366.564800
-43.125350 373.717400 -37.270120 366.452500
-45.733890 373.570600 -38.962200 366.337600
-48.422050 373.450300 -40.757970 366.255300
-51.153580 373.336900 -42.616070 366.167100
-53.919190 373.217300 -44.570930 366.081800
-56.668140 373.082400 -46.645950 365.964600
-59.399580 372.949600 -48.822850 365.866600
-62.128270 372.797100 -51.140630 365.723400
-64.827270 372.599800 -53.590730 365.523600
-67.509200 372.402100 -56.197260 365.320600
-70.186170 372.208700 -58.881460 365.107400
-72.845340 372.028400 -61.613300 364.959000
-75.495320 371.886100 -64.377150 364.784700
-78.116050 371.787300 -67.129020 364.675500
-80.717850 371.718500 -69.864780 364.613800
-83.311780 371.694800 -72.597950 364.524000
-85.842710 371.709900 -75.305700 364.566800
-88.215690 371.734100 -77.991460 364.624600
-90.402660 371.755300 -80.674150 364.703400
-92.376860 371.747200 -83.340280 364.647000
-94.181170 371.700000 -85.992250 364.566200
-95.954170 371.610100 -88.614370 364.500700
-97.692900 371.484000 -91.203030 364.225900
-99.428840 371.332400 -93.780710 363.945800
-101.212400 371.150100 -96.293820 363.639800
-103.049100 370.929900 -98.648980 363.342600
-104.963700 370.712900 -100.819800 363.077300
-106.999900 370.469800 -102.782000 362.858400
-109.147400 370.218500 -104.577800 362.677400
-111.413900 369.990500 -106.340100 362.471300
-113.850400 369.787500 -108.073700 362.292800
-116.381500 369.587900 -109.810100 362.153200
-119.079000 369.402000 -111.598300 362.019900
-121.870500 369.312400 -113.448000 362.001100
-124.798000 369.251000 -115.372800 362.015900
-127.749200 369.222000 -117.424700 362.022800
-130.738100 369.191300 -119.588900 362.028400
-133.724900 369.151000 -121.870700 362.020800
-136.693200 369.116700 -124.318500 361.997800
-139.640200 369.026200 -126.858500 361.901600
-142.545400 368.909400 -129.564200 361.838500
-145.452900 368.800400 -132.356500 361.737800
-148.326000 368.653700 -135.281100 361.567100
-151.184500 368.483700 -138.229700 361.404600
-154.029500 368.306700 -141.216400 361.261200
-156.834000 368.110800 -144.200400 361.108100
-159.601600 367.929800 -147.165600 360.942700
-162.352900 367.769700 -150.111900 360.794800
-165.025300 367.622800 -153.017100 360.660200
-167.587100 367.473600 -155.921300 360.468800
-169.989700 367.347100 -158.798500 360.363400
-172.229800 367.237400 -161.660900 360.235300
-174.255000 367.118500 -164.506500 360.037900
-176.113500 366.976300 -167.317300 359.917300
-177.851600 366.825100 -170.085200 359.733400
-179.482200 366.619100 -172.823400 359.415800
-181.041000 366.257200 -175.416600 358.745400
-182.506900 365.700900 -177.801600 357.800500
-183.830900 364.922700 -179.865000 356.569600
-184.967900 363.901900 -181.541800 355.083900
-185.900600 362.645300 -182.766200 353.472200
-186.575700 361.163300 -183.527900 351.775200
-186.999600 359.497900 -183.974200 350.092200
-187.152300 357.675600 -184.148600 348.459100
-187.206000 355.773500 -184.241100 346.862600
-187.197400 353.800900 -184.289800 345.293400
-187.078300 351.712900 -184.247900 343.752900
-186.904300 349.515700 -184.158600 342.221000
-186.700200 347.199500 -184.063600 340.652000
-186.441500 344.761700 -183.922800 339.027900
-186.138100 342.245600 -183.789100 337.312900
-185.836200 339.600700 -183.641000 335.488800
-185.558800 336.870000 -183.502800 333.589800
-185.300200 334.088400 -183.353600 331.623100
-185.053400 331.295700 -183.207200 329.538300
-184.825700 328.513100 -183.072800 327.340800
-184.626700 325.706700 -182.965800 325.020300
-184.418100 322.895600 -182.825300 322.573800
-184.219300 320.049800 -182.730900 320.042500
-184.077900 317.187100 -182.664700 317.384100
-183.933200 314.300800 -182.601400 314.643500
-183.761600 311.460200 -182.515100 311.852800
-183.601800 308.616200 -182.420800 309.051400
-183.458100 305.794900 -182.323100 306.261800
-183.343100 303.000200 -182.266000 303.449300
-183.261300 300.211900 -182.224000 300.631900
-183.178800 297.450000 -182.175300 297.779900
-183.090500 294.684900 -182.123600 294.914300
-182.927300 291.908300 -181.998400 292.027900
-182.766600 289.099200 -181.874600 289.184700
-182.613800 286.267300 -181.793200 286.338000
-182.441900 283.385600 -181.677600 283.518400
-182.300400 280.490600 -181.581800 280.724200
-182.149900 277.557000 -181.513100 277.936500
-182.001400 274.627800 -181.445100 275.175300
-181.823500 271.689000 -181.399200 272.411500
-181.638500 268.767800 -181.276700 269.634200
-181.424600 265.787800 -181.117800 266.826000
-181.219800 262.838200 -180.970500 263.995700
-181.009300 259.844900 -180.817700 261.112100
-180.770400 256.828000 -180.607500 258.221500
-180.561000 253.860400 -180.456500 255.287000
-180.372700 250.908200 -180.316000 252.356800
-180.191000 247.979500 -180.191700 249.415500
-180.025600 245.104800 -180.126500 246.488600
-179.890000 242.301100 -180.056800 243.501500
-179.765100 239.629200 -179.972800 240.545400
-179.603400 237.077700 -179.803600 237.550900
-179.486600 234.610600 -179.735000 234.524600
-179.426200 232.293500 -179.727200 231.550000
-179.384800 230.153000 -179.782200 228.593500
-179.372900 228.203000 -179.803900 225.659800
-179.353200 226.445600 -179.827400 222.781200
-179.284500 224.889700 -179.754800 219.975900
-179.159500 223.520400 -179.588300 217.306300
-178.892900 222.222300 -179.146100 214.790100
-178.440800 221.019500 -178.328000 212.462900
-177.799300 219.912400 -177.246000 210.413600
-176.993100 218.868700 -175.935900 208.733900
-175.953700 217.908600 -174.641400 207.290800
-174.646400 217.098800 -173.200900 206.287500
-173.037500 216.423500 -171.800000 205.606700
-171.242400 215.987700 -170.478600 205.229900
-169.251700 215.748100 -169.166300 205.039100
-167.160900 215.651300 -167.883700 204.949400
-164.983800 215.579200 -166.605200 204.895100
-162.753200 215.542200 -165.284900 204.848700
-160.419600 215.517400 -163.868600 204.821400
-157.986900 215.494400 -162.328300 204.785900
-155.493900 215.476600 -160.581000 204.760000
-152.924600 215.528800 -158.733000 204.750800
-150.250300 215.556200 -156.727900 204.714400
-147.567100 215.656900 -154.634400 204.707200
-144.855900 215.751900 -152.456100 204.770100
-142.145800 215.896800 -150.227400 204.878100
-139.455100 216.087400 -147.894100 204.959800
-136.768400 216.330800 -145.464700 205.111300
-134.103700 216.562300 -142.979100 205.312100
-131.505400 216.803000 -140.415700 205.509300
-128.992800 217.018200 -137.744300 205.657200
-126.584900 217.191000 -135.062300 205.786100
-124.357100 217.330100 -132.350700 205.887600
-122.326100 217.418900 -129.636800 205.968200
-120.463500 217.466200 -126.938400 205.920400
-118.653600 217.497200 -124.242600 205.828600
-116.849600 217.495900 -121.570800 205.697700
-115.067800 217.514000 -118.964600 205.585000
-113.324000 217.535300 -116.445800 205.475700
-111.616000 217.623100 -114.031600 205.548700
-109.927700 217.875300 -111.807000 205.757400
-108.290900 218.301300 -109.814200 206.169700
-106.749500 218.945400 -108.049100 206.770700
-105.349200 219.793800 -106.446400 207.612100
-104.115500 220.834900 -105.021900 208.713100
-103.036000 222.051200 -103.791800 209.999500
-102.179100 223.400100 -102.801700 211.431300
-101.543200 224.848700 -102.039500 212.953800
-101.115700 226.383800 -101.548900 214.587400
-100.830600 227.968600 -101.212500 216.242400
-100.531100 229.501100 -100.834900 217.869100
-100.252100 231.017900 -100.457700 219.461400
-99.883990 232.463500 -100.002200 221.010800
-99.425550 233.824100 -99.404460 222.523700
-98.775880 234.872900 -98.535430 223.868700
-98.086100 235.806300 -97.477780 225.049800
-97.174270 236.468700 -96.139840 225.915300
-96.254150 236.931100 -94.683210 226.602600
-95.283150 237.358800 -93.194790 227.071900
-94.185080 237.674800 -91.678690 227.354400
-92.955310 237.898800 -90.194710 227.511600
-91.596850 238.102700 -88.763170 227.639900
-90.074690 238.248300 -87.530080 227.708900
-88.387450 238.391700 -86.363960 227.736000
-86.486290 238.540100 -85.229470 227.762400
-84.443490 238.650800 -84.197440 227.793100
-82.253860 238.746800 -83.136050 227.823600
-79.940140 238.872300 -81.993390 227.848600
-77.539590 239.011100 -80.743500 227.832900
-75.087440 239.150700 -79.370200 227.810700
-72.574930 239.313900 -77.840560 227.811600
-69.991910 239.446400 -76.147120 227.798600
-67.351620 239.548800 -74.240520 227.784600
-64.666360 239.657700 -72.194220 227.811600
-61.998030 239.808800 -70.002890 227.864700
-59.311750 239.952600 -67.686270 227.917300
-56.701950 240.109100 -65.282780 227.962700
-54.151130 240.267600 -62.827330 228.012900
-51.625940 240.427100 -60.310430 228.087400
-49.127390 240.564300 -57.724880 228.163700
-46.665870 240.712700 -55.084450 228.262000
-44.240570 240.886300 -52.393310 228.295000
-41.878960 241.088900 -49.719430 228.386800
-39.649020 241.312800 -47.025890 228.487000
-37.552430 241.539400 -44.411260 228.580600
-35.488740 241.743100 -41.855200 228.676400
-33.456700 241.939000 -39.325220 228.786300
-31.533090 242.124800 -36.821180 228.862800
-29.764560 242.287900 -34.354590 228.951200
-28.172420 242.408100 -31.920980 228.939200
-26.747170 242.468900 -29.551220 228.852500
-25.460260 242.473300 -27.312290 228.748000
-24.318710 242.437400 -25.210570 228.585500
-23.324200 242.322300 -23.163910 228.260300
-22.483780 242.186900 -21.158400 227.883100
-21.843230 242.069500 -19.292550 227.390200
-21.357270 241.937100 -17.569160 226.965700
-20.874950 241.791000 -16.053280 226.481700
-20.410090 241.641000 -14.745310 225.914200
-19.938580 241.453200 -13.557470 225.425500
-19.330890 241.150500 -12.504480 224.983200
-18.603550 240.674100 -11.679170 224.425100
-17.817550 240.000300 -11.019320 223.884600
-17.047940 239.130000 -10.608940 223.378300
-16.371440 238.041100 -10.364370 222.938200
-15.819140 236.731500 -10.205270 222.460100
-15.431720 235.164300 -10.112490 221.981600
-15.160930 233.366900 -10.071090 221.476300
-14.985430 231.359800 -10.042620 220.797800
-14.879450 229.166100 -10.040770 219.925400
-14.834570 226.783800 -10.068690 218.888400
-14.805910 224.227300 -10.125550 217.727000
-14.776150 221.503700 -10.185370 216.446400
-14.726190 218.625200 -10.227010 215.025200
-14.646810 215.602400 -10.263040 213.412600
-14.509690 212.459600 -10.260220 211.596500
-14.353480 209.201300 -10.258860 209.583800
-14.179740 205.869600 -10.261970 207.389500
-13.962380 202.478800 -10.260890 205.009000
-13.739120 199.045100 -10.236270 202.453900
-13.514930 195.572200 -10.206250 199.730900
-13.275440 192.054900 -10.184240 196.853500
-13.052000 188.499600 -10.160150 193.831900
-12.854570 184.884700 -10.162390 190.689000
-12.675140 181.220200 -10.140100 187.431100
-12.508030 177.502000 -10.169500 184.098500
-12.341190 173.718700 -10.163560 180.703100
-12.175010 169.898000 -10.182060 177.266100
-12.018250 166.028100 -10.247840 173.790300
-11.841350 162.134100 -10.333900 170.269600
-11.655180 158.220500 -10.340010 166.711300
-11.466580 154.287300 -10.356700 163.093800
-11.281310 150.320000 -10.373340 159.427800
-11.057620 146.379100 -10.402560 155.709600
-10.815240 142.443600 -10.407880 151.927600
-10.570550 138.517900 -10.399200 148.107300
-10.333980 134.639100 -10.387170 144.239500
-10.123240 130.785800 -10.396410 140.347400
-9.914350 127.027500 -10.350770 136.436500
-9.696148 123.395700 -10.322140 132.503000
-9.493383 119.914400 -10.347100 128.536300
-9.310280 116.607700 -10.341950 124.591700
-9.151332 113.442300 -10.433120 120.652000
-9.017561 110.482000 -10.481000 116.721200
-8.888960 107.744800 -10.551730 112.838600
-8.774269 105.222900 -10.635140 108.983700
-8.679794 102.918000 -10.716640 105.224100
-8.504861 100.812800 -10.625000 101.593000
-8.163715 98.919720 -10.307570 98.125850
-7.618518 97.243660 -9.486548 94.922120
-6.858427 95.725240 -8.185541 92.042120
-5.899838 94.392380 -6.475073 89.632200
-4.759829 93.253900 -4.628901 87.612160
-3.450087 92.348760 -2.641105 86.067090
-1.973871 91.691730 -0.572537 85.053050
-0.436803 91.261860 1.434551 84.401290
1.138073 91.026340 3.322608 84.032070
2.751248 90.881970 5.067901 83.779320
4.431705 90.766140 6.755692 83.581620
6.211745 90.683570 8.392308 83.440100
8.081090 90.578530 9.995799 83.271600
10.076580 90.469280 11.580160 83.099080
12.205890 90.365360 13.190610 82.944810
14.489810 90.290310 14.783700 82.827860
16.910510 90.321490 16.374310 82.747740
19.453620 90.459650 17.993680 82.703270
22.045730 90.671110 19.677210 82.769070
24.644280 90.895340 21.458910 82.824110
27.207850 91.064010 23.331330 82.796910
29.764780 91.130150 25.328370 82.698620
32.287690 91.085550 27.449360 82.477680
34.803420 90.937800 29.719820 82.219300
37.325120 90.728940 32.117360 81.878610
39.896170 90.508470 34.631130 81.464160
42.547960 90.289960 37.209990 81.122040
45.244630 90.097810 39.793060 80.741500
47.943020 89.903610 42.341890 80.405860
50.617990 89.629730 44.869290 80.001360
53.252150 89.185630 47.328210 79.430000
55.814150 88.557720 49.738330 78.692410
58.313300 87.791630 52.113310 77.816930
60.805470 86.920740 54.487650 76.803740
63.322020 85.994100 56.920720 75.725930
65.833720 85.055040 59.393980 74.631540
68.406220 84.080780 61.854550 73.503490
70.998610 83.045350 64.294680 72.370740
73.578520 81.879280 66.645040 71.098950
76.170160 80.586970 68.920070 69.761700
78.819830 79.219290 71.154100 68.402480
81.480420 77.842690 73.404950 67.023160
84.108690 76.469870 75.710690 65.655040
86.695220 75.055290 77.959720 64.195890
89.188920 73.556030 80.206000 62.609710
91.573040 71.968490 82.418010 60.908810
93.850380 70.285940 84.577870 59.079520
96.020560 68.521450 86.683400 57.092210
98.103890 66.740880 88.828730 55.022320
100.107700 65.034010 90.963630 52.922400
101.996900 63.459780 93.105440 50.872320
103.764900 62.070330 95.278190 48.881910
105.408600 60.801050 97.477640 46.978160
107.003200 59.530310 99.579460 45.032770
108.589500 58.247390 101.643600 43.095200
110.134700 56.970520 103.681800 41.181640
111.717500 55.637520 105.643700 39.270410
113.353400 54.247110 107.533500 37.440090
115.077800 52.831180 109.299000 35.730300
116.904200 51.439420 110.980400 34.241170
118.836800 50.054850 112.563600 32.899940
120.853600 48.602090 114.103300 31.564480
122.938000 47.083700 115.650700 30.236730
125.092700 45.485300 117.176300 28.938690
127.330000 43.820780 118.741800 27.586820
129.637600 42.087830 120.347500 26.163520
131.967100 40.344760 122.035500 24.708260
134.297900 38.609850 123.769000 23.203750
136.621900 36.849050 125.554900 21.637100
138.949900 35.131110 127.426900 20.003520
141.293500 33.464730 129.392600 18.336160
143.603900 31.795640 131.430600 16.595220
145.871800 30.121580 133.537100 14.771040
148.133300 28.418200 135.716000 12.881260
150.347600 26.750990 137.897000 10.958420
152.506100 25.137140 140.086000 9.048564
154.521200 23.603510 142.288900 7.139832
156.409800 22.104300 144.408900 5.172067
158.102600 20.729550 146.482600 3.181635
159.605700 19.470090 148.531500 1.201079
161.034400 18.328640 150.631400 -0.675826
162.527500 17.369930 152.892900 -2.372245
164.102000 16.690040 155.357800 -3.638624
165.725700 16.231240 157.879100 -4.589027
167.465400 15.980230 160.346500 -5.149534
169.275300 15.912810 162.737900 -5.457514
171.157200 15.957740 164.912200 -5.624198
173.098700 15.972680 166.865200 -5.803551
175.120500 15.945180 168.686500 -5.977489
177.167200 15.872150 170.450300 -6.188879
179.305300 15.756280 172.154100 -6.399711
181.477000 15.604010 173.825200 -6.649482
183.703700 15.412020 175.560300 -6.943712
185.980700 15.238130 177.351200 -7.220462
188.280500 15.072990 179.214600 -7.492042
190.577500 14.896800 181.134600 -7.785537
192.894300 14.714610 183.136200 -8.076701
195.244200 14.510220 185.157900 -8.409517
197.633500 14.283820 187.269500 -8.772934
200.090000 14.030130 189.411100 -9.168689
202.592100 13.785300 191.614200 -9.553075
205.104900 13.534110 193.860100 -9.971320
207.640700 13.310070 196.138300 -10.329680
210.148900 13.111090 198.417100 -10.670540
212.697300 12.915740 200.716000 -11.013270
215.224700 12.737830 203.047100 -11.376800
217.808000 12.513180 205.419200 -11.748750
220.389500 12.282700 207.852900 -12.172040
223.037500 12.068550 210.332600 -12.592320
225.699900 11.872960 212.827600 -12.988040
228.380800 11.657570 215.343600 -13.380340
231.063800 11.400770 217.826800 -13.794380
233.768800 11.157120 220.353700 -14.187870
236.452700 10.908570 222.857500 -14.580440
239.115400 10.628320 225.411400 -15.028370
241.756200 10.390980 227.974400 -15.417670
244.376200 10.177670 230.603200 -15.808690
246.942400 9.977031 233.241300 -16.219500
249.503100 9.796410 235.902900 -16.611960
251.962400 9.616742 238.564100 -17.044420
254.329800 9.452561 241.252300 -17.434930
256.557200 9.297183 243.925300 -17.788220
258.681500 9.140396 246.572700 -18.194160
260.487900 8.870715 249.193000 -18.611980
262.171000 8.558198 251.774100 -19.120840
263.852900 8.246051 254.276900 -19.730910
265.533700 7.934305 256.752300 -20.418100
267.212200 7.623220 259.116000 -21.126860
268.719700 7.309828 261.373700 -21.863930
269.768600 7.040605 263.500000 -22.550140
270.654800 6.869143 265.573700 -23.033360
271.433400 6.780906 267.371600 -23.363680
272.188300 6.798910 269.081900 -23.389140
272.939800 6.915555 270.788100 -23.283040
273.674100 7.139266 272.445800 -22.877990
274.435500 7.486302 274.028400 -22.244740
275.206100 8.021776 275.367500 -21.498000
275.841400 9.123003 276.158500 -20.767160
276.399700 10.403880 276.715100 -20.061090
276.938800 11.672800 277.080100 -19.368830
277.461700 12.927990 277.360800 -18.668480
277.969300 14.165350 277.608200 -17.949420
278.402000 15.600760 277.819500 -17.211340
278.675500 17.540870 277.988300 -16.393110
278.887100 19.689590 278.134300 -15.466170
279.050300 22.004090 278.291500 -14.189220
279.153100 24.513040 278.453100 -12.805040
279.310000 27.147550 278.629800 -11.441930
279.492000 29.910160 278.827600 -10.101180
279.682000 32.722430 279.043700 -8.785979
279.891600 35.618700 279.291100 -7.306573
280.117300 38.587970 279.593200 -5.374368
280.340800 41.563150 279.946200 -3.252137
280.553900 44.602790 280.316900 -0.970328
280.757500 47.669170 280.693400 1.504702
280.966700 50.717990 281.111500 4.104190
281.189800 53.763250 281.550700 6.828963
281.387500 56.840290 281.986000 9.603123
281.609200 59.915920 282.419400 12.465440
281.892800 62.993940 282.910800 15.391750
282.168100 66.061440 283.422400 18.322130
282.386200 69.137860 283.879900 21.326450
282.581400 72.205720 284.351900 24.349280
282.741100 75.260420 284.780400 27.364830
282.945600 78.300480 285.270900 30.364770
283.185400 81.322840 285.741600 33.399480
283.441700 84.363870 286.223600 36.431840
283.683800 87.353300 286.715900 39.472460
283.940100 90.352150 287.249400 42.489530
284.231300 93.355260 287.833100 45.505280
284.541900 96.345100 288.407100 48.511660
284.938000 99.320580 289.058300 51.488030
285.395000 102.259500 289.806500 54.432130
285.844100 105.163200 290.505600 57.369810
286.321900 108.053700 291.280100 60.308540
286.793800 110.912200 292.027700 63.200650
287.216900 113.736500 292.712800 66.121570
287.630900 116.518500 293.372700 69.053880
288.058700 119.219300 294.084700 71.962620
288.448800 121.780900 294.751100 74.879170
288.846400 124.280600 295.427000 77.764560
289.285300 126.630100 296.267500 80.565770
289.743500 128.835400 297.104700 83.361810
290.213000 130.821100 298.022700 86.096920
290.683600 132.626000 298.990300 88.772410
291.166200 134.262000 299.836600 91.427230
291.580800 135.832500 300.662100 94.017470
291.961700 137.426400 301.466000 96.461380
292.194000 139.020100 301.939800 98.929440
292.237900 140.604400 302.278600 101.283200
291.762300 142.158200 302.220000 103.521600
290.662500 143.578100 301.812700 105.506200
289.562400 144.964600 301.171700 107.249100
288.468100 146.318100 300.254500 108.678500
287.386000 147.641500 299.180200 109.891900
286.399400 148.976200 297.920300 110.936700
284.571900 149.919400 296.577800 111.824500
282.598600 150.835500 295.240200 112.673500
280.553400 151.805400 293.810300 113.558000
278.418500 152.847000 292.295500 114.520800
276.187000 153.972900 290.827700 115.506500
273.848800 155.201700 289.392100 116.487500
271.423500 156.516000 287.995600 117.469400
268.909500 157.880900 286.637000 118.427400
266.393100 159.278800 284.955500 119.609200
263.831700 160.712200 283.175800 120.853600
261.343100 162.229400 281.400200 122.251100
258.927700 163.839100 279.566700 123.751700
256.567900 165.515700 277.697100 125.402900
254.220600 167.219800 275.764800 127.196200
251.812400 168.915300 273.693700 129.011800
249.342900 170.564800 271.475100 130.810600
246.829700 172.171100 269.231600 132.606400
244.268800 173.728400 266.874900 134.349900
241.687800 175.211100 264.489700 136.018900
239.066600 176.646400 262.138300 137.711500
236.435100 178.027700 259.738900 139.326100
233.828600 179.391700 257.330100 140.938400
231.251200 180.752600 254.889900 142.581300
228.707700 182.113100 252.427100 144.235600
226.214900 183.484500 249.972800 145.926700
223.769900 184.811700 247.524800 147.651800
221.367300 186.107100 245.057700 149.309300
219.059200 187.344000 242.597400 150.999300
216.843700 188.521200 240.125600 152.640000
214.730300 189.612200 237.671900 154.253100
212.761600 190.600600 235.239400 155.849300
210.934100 191.518800 232.836600 157.436400
209.293500 192.364900 230.440700 158.959800
207.831400 193.113300 228.136700 160.511200
206.576700 193.798300 225.885100 162.045400
205.539900 194.395600 223.745400 163.548300
204.729700 194.901600 221.807900 165.131200
204.122300 195.321500 220.011500 166.667900
203.546300 195.745200 218.395700 168.156600
203.042900 196.282400 217.026300 169.671300
202.515700 196.788100 215.704100 170.947700
201.945400 197.325500 214.566700 172.122300
201.195300 198.000000 213.579700 173.147500
200.227400 198.808500 212.736800 173.993100
199.076800 199.760000 212.062900 174.665500
197.730700 200.791700 211.523400 175.167700
196.253000 201.872000 211.001100 175.654200
194.623700 202.967100 210.435100 176.124200
192.619800 204.117900 209.858800 176.571600
190.615300 205.269000 209.231800 177.040000
188.611600 206.419500 208.410900 177.624200
186.608000 207.569800 207.382000 178.351800
184.604500 208.720100 206.153200 179.196600
182.452000 209.923800 204.760300 180.160700
180.162600 211.202300 203.270800 181.220000
177.855000 212.473600 201.647800 182.320600
175.554100 213.761200 199.761000 183.648100
173.260900 215.031900 197.863900 184.964100
171.006800 216.296100 195.972600 186.286900
168.770100 217.549300 194.094000 187.622700
166.635700 218.725900 192.187600 188.920600
164.640400 219.823800 190.175700 190.340600
162.800000 220.792300 188.001600 191.798200
161.109900 221.618400 185.745300 193.137600
159.510500 222.334400 183.475800 194.470000
157.845500 222.860900 181.102300 195.571700
156.181300 223.202900 178.637000 196.333100
154.511100 223.364000 176.117500 196.798000
152.786900 223.350100 173.690600 197.019000
150.969000 223.245000 171.418300 197.158700
149.048400 223.060600 169.340900 197.242600
146.999200 222.886700 167.460300 197.280400
144.811400 222.709100 165.708200 197.311400
142.452400 222.507300 163.961800 197.370400
139.985700 222.307100 162.262100 197.412100
137.342300 222.162600 160.585400 197.504200
134.568800 222.029900 158.863600 197.615900
131.695500 221.932100 157.047400 197.763400
128.711000 221.803000 155.119500 197.882900
125.647300 221.650100 153.062900 197.993000
122.615400 221.500000 150.868200 198.099400
119.543800 221.309500 148.500800 198.205900
116.511500 221.102100 146.026500 198.314100
113.516800 220.903600 143.379700 198.423500
110.545200 220.708000 140.604000 198.562600
107.636200 220.532300 137.732000 198.717100
104.717200 220.373700 134.748000 198.865600
101.840600 220.218600 131.684600 199.062100
98.994700 220.067300 128.651900 199.227900
96.181550 219.895100 125.577800 199.378400
93.438620 219.686500 122.538500 199.485900
90.855460 219.500600 119.537200 199.573400
88.388610 219.326300 116.557700 199.621400
86.123680 219.157800 113.643500 199.712300
84.049970 219.045300 110.732300 199.959100
82.152880 219.016300 107.863800 200.218900
80.388010 219.115100 105.045000 200.638300
78.664760 219.366200 102.284000 201.113900
77.016290 219.796000 99.694790 202.032300
75.461480 220.446100 97.389880 203.207600
74.069090 221.411200 95.502710 204.786100
72.862850 222.604000 94.074050 206.539200
71.841850 224.015300 93.064070 208.342900
71.023420 225.699900 92.466000 210.130500
70.421670 227.540000 92.126490 211.853600
70.034550 229.518400 92.043710 213.577200
69.813760 231.610700 92.095350 215.268300
69.670080 233.800300 92.216380 216.939400
69.603690 236.022800 92.368990 218.623900
69.545910 238.342600 92.516050 220.305200
69.499400 240.719700 92.700000 222.023400
69.469400 243.192800 92.930600 223.863100
69.384530 245.776400 93.086450 225.777200
69.232580 248.432800 93.204330 227.775600
69.094640 251.146000 93.347050 229.859200
68.950990 253.982700 93.484930 232.032000
68.811860 256.917100 93.686600 234.231100
68.650580 259.920100 93.874950 236.527100
68.462200 263.082100 94.057860 238.879600
68.288560 266.252800 94.254670 241.330600
68.096650 269.464100 94.446950 243.890200
67.903830 272.683000 94.664510 246.523000
67.721470 275.872400 94.853470 249.210600
67.525460 279.043300 95.003490 252.023200
67.317450 282.219100 95.186380 254.931100
67.111650 285.343500 95.324980 257.914200
66.901350 288.508400 95.530340 261.050600
66.688140 291.652400 95.747380 264.195000
66.478800 294.782200 95.971750 267.378600
66.289190 297.878200 96.216710 270.567600
66.078070 300.944500 96.438120 273.727700
65.826270 304.008500 96.564710 276.878900
65.573590 307.018200 96.732030 280.033700
65.274710 310.032300 96.823100 283.134100
64.924470 313.030600 96.884720 286.278400
64.540610 315.995300 96.892910 289.402800
64.089990 318.947600 96.815230 292.510500
63.671720 321.903700 96.771600 295.583700
63.304260 324.895900 96.791490 298.632000
62.967580 327.898100 96.855360 301.681100
62.699080 330.909200 96.986920 304.671300
62.553590 333.929000 97.222890 307.660400
62.402330 336.963400 97.445140 310.641200
62.266570 340.021300 97.607260 313.599200
62.116500 343.035800 97.842160 316.549100
61.993500 346.032900 98.057340 319.499100
61.866370 348.989100 98.280030 322.480700
61.760870 351.857800 98.518020 325.466400
61.679290 354.611700 98.788320 328.450600
61.586300 357.261400 99.019850 331.436000
61.550600 359.776900 99.345900 334.425600
61.577240 362.145700 99.724020 337.434600
61.603020 364.290800 100.135200 340.399700
61.628690 366.323100 100.505000 343.341200
61.649880 368.352400 100.893700 346.246700
61.624730 370.355800 101.231300 349.067400
61.511180 372.339500 101.449700 351.784600
61.271590 374.388200 101.459700 354.411700
60.966710 376.528400 101.398400 356.901800
60.637150 378.796200 101.295700 359.247300
60.324540 381.208000 101.304400 361.373700
60.065570 383.741300 101.345600 363.389200
59.884830 386.413700 101.455600 365.396700
59.789830 389.195600 101.589600 367.377100
59.765420 392.106700 101.772500 369.335700
59.766400 395.121300 101.976700 371.370500
59.728620 398.268800 102.220900 373.498500
59.673270 401.492900 102.423100 375.760800
59.575390 404.694600 102.603400 378.164300
59.425140 407.916600 102.766700 380.681700
59.267000 411.104300 102.957000 383.329000
59.084670 414.257800 103.125000 386.082200
58.913680 417.417100 103.313600 388.961900
58.748810 420.528100 103.547500 391.943100
58.574140 423.604200 103.722500 395.058700
58.437200 426.635400 103.945500 398.244600
58.286850 429.523300 104.135100 401.413300
58.117570 432.280500 104.292800 404.603600
57.924100 434.902000 104.406400 407.763800
57.663190 437.382700 104.488700 410.893200
57.368250 439.710400 104.417200 414.030600
57.036690 441.889000 104.320000 417.111600
56.656850 443.874800 104.135200 420.158900
56.323860 445.645400 103.955300 423.165700
56.148660 447.270100 104.034900 426.032300
56.616130 448.530800 104.424800 428.735800
57.333540 449.649800 105.353100 431.165700
58.025620 450.723300 106.814500 433.158800
58.683230 451.752100 108.491300 434.781500
59.300760 452.745900 110.393500 435.881000
60.051910 453.493100 112.293900 436.554200
61.232100 453.863600 114.067400 436.822800
62.575150 454.072200 115.702000 436.816400
64.075560 454.193600 117.103000 436.748300
65.729870 454.237800 118.429500 436.641500
67.536180 454.320400 119.703500 436.528100
69.481920 454.413600 120.921900 436.431100
71.568440 454.517900 122.091600 436.364800
73.783230 454.637300 123.221600 436.303300
76.158670 454.789800 124.469900 436.236300
78.646770 454.943100 125.830000 436.179700
81.225870 455.115600 127.336000 436.121000
83.916780 455.302300 128.990300 436.062600
86.702020 455.456700 130.796700 435.970500
89.526350 455.578300 132.740500 435.835300
92.412350 455.733700 134.826000 435.698300
95.328570 455.895400 137.041200 435.560900
98.249890 456.054300 139.417600 435.400100
101.184100 456.224200 141.906400 435.235300
104.093100 456.393100 144.488100 435.081700
106.998900 456.525600 147.180800 434.889900
109.897200 456.654500 149.965100 434.693100
112.749700 456.816600 152.787900 434.527600
115.610200 456.965500 155.674500 434.369500
118.400100 457.099300 158.586400 434.123600
121.145900 457.258900 161.509400 433.957900
123.876500 457.448100 164.445600 433.804800
126.583800 457.666500 167.359100 433.711000
129.241600 457.972700 170.269400 433.710200
131.877300 458.360200 173.170800 433.765400
134.472300 458.810900 176.024200 433.953000
137.047800 459.328100 178.880100 434.195700
139.578900 459.909300 181.654300 434.525600
142.082300 460.548100 184.386100 434.864300
144.536100 461.240400 187.093800 435.282600
146.935100 462.035700 189.758100 435.809100
149.323900 462.890800 192.365300 436.410600
151.645200 463.789700 194.943500 437.081900
153.953700 464.746000 197.483600 437.778300
156.216300 465.719100 200.017700 438.469300
158.442000 466.755000 202.469300 439.315700
160.610800 467.844100 204.895600 440.194900
162.721500 468.976400 207.248800 441.161400
164.765200 470.136200 209.572100 442.146300
166.772400 471.335900 211.848000 443.260000
168.632200 472.526000 214.079800 444.353700
170.346500 473.697400 216.280500 445.525000
171.909300 474.797000 218.413300 446.742500
173.302800 475.783300 220.528800 447.978400
174.556500 476.625400 222.672700 449.109600
175.656700 477.273900 224.857800 450.075800
176.667400 477.791400 227.097100 450.778700
177.693700 478.199200 229.378300 451.305000
178.769200 478.445200 231.573900 451.533500
179.820200 478.560500 233.651900 451.485200
180.911200 478.531600 235.548200 451.240100
182.068600 478.323700 237.180700 450.733400
183.262200 477.935100 238.542500 450.083700
184.488300 477.285200 239.592200 449.357800
185.759400 476.306800 240.393300 448.560900
187.077400 475.006900 241.082000 447.702700
188.478700 473.464500 241.727900 446.810000
189.953700 471.703500 242.298900 445.922900
191.518900 469.725200 242.875500 444.998300
193.208300 467.608400 243.492800 443.999400
195.017400 465.320900 244.140200 442.924300
196.863700 462.933100 244.847500 441.736100
198.729100 460.522700 245.680900 440.373200
200.614200 458.121400 246.644700 438.801500
202.510500 455.730200 247.747600 437.044900
204.411000 453.358300 248.951900 435.102600
206.321800 451.001000 250.296600 432.979500
208.222000 448.665100 251.765600 430.716400
210.114400 446.337900 253.322900 428.267200
211.976500 444.014500 254.948300 425.738700
213.836200 441.706600 256.567300 423.172200
215.683700 439.420500 258.153700 420.582000
217.555600 437.143300 259.819500 418.043200
219.471300 434.824100 261.456700 415.502500
221.450500 432.447100 263.100400 412.969400
223.466700 430.017100 264.754300 410.470300
225.486700 427.604100 266.372600 407.963300
227.506500 425.191500 267.980500 405.476300
229.526100 422.779100 269.591400 403.003700
231.545400 420.367100 271.243100 400.586300
233.564400 417.955300 272.902000 398.161900
235.559300 415.588300 274.568200 395.672800
237.436800 413.389000 276.282700 393.113700
238.780200 411.507400 278.021200 390.496000
239.937800 409.690800 279.648800 387.817000
241.095100 407.877000 281.145000 385.068400
242.251200 406.068000 282.491600 382.244700
243.408000 404.262500 283.364600 379.252500
244.011000 402.484000 283.693300 376.140700
244.001400 400.839200 283.317600 373.093000
243.616800 399.284000 282.201200 370.443200
242.890100 397.828700 281.041500 368.461800
241.873600 396.462000 279.574900 366.901300
240.631500 395.201500 277.931900 365.530600
239.221600 394.033800 276.129700 364.379700
237.618600 392.957600 274.220400 363.422300
235.793400 391.994800 272.445000 362.737500
233.764600 391.138800 270.842100 362.330100
231.526900 390.407500 269.266600 362.019500
229.101900 389.773400 267.650600 361.811900
226.502900 389.204300 265.954800 361.633500
223.725900 388.759000 264.182700 361.584200
220.797800 388.372500 262.347300 361.565700
217.710700 387.983400 260.410100 361.565400
214.530600 387.607200 258.340900 361.555000
211.281800 387.245500 256.133300 361.552900
207.989900 386.906600 253.774800 361.572500
204.658000 386.595500 251.264200 361.606800
201.286800 386.304300 248.599800 361.672100
197.918900 386.031200 245.785100 361.785800
194.555800 385.786300 242.831400 361.913900
191.207200 385.554600 239.723200 362.092000
187.886200 385.358400 236.525100 362.288700
184.599200 385.187900 233.262000 362.501400
181.348200 385.028900 229.957300 362.699500
178.125300 384.880300 226.619200 362.932600
174.940200 384.732200 223.242700 363.168000
171.787000 384.605200 219.873400 363.430400
168.667500 384.479200 216.515000 363.736700
165.610000 384.375800 213.171700 364.049200
162.651900 384.300900 209.859300 364.378200
159.841600 384.253100 206.586800 364.733200
157.212800 384.244100 203.354000 365.124000
154.757500 384.238100 200.159700 365.574000
152.465500 384.177300 197.000200 366.009400
150.349500 384.033300 193.844700 366.111200
148.462800 383.774700 190.727100 365.936400
146.861800 383.342900 187.706400 365.462600
145.493000 382.652100 184.951000 364.396800
144.342900 381.710300 182.582600 362.910500
143.476000 380.548800 180.754700 361.043900
142.885900 379.215000 179.495100 358.971400
142.512900 377.743300 178.693700 356.841800
142.317800 376.136600 178.205600 354.794500
142.188100 374.395800 177.825900 352.941000
142.147200 372.567400 177.600300 351.305300
142.122900 370.607400 177.403500 349.790200
142.117600 368.494900 177.223500 348.317700
142.130800 366.233800 177.057700 346.884000
142.204400 363.814600 176.899300 345.440600
142.299400 361.231000 176.802600 343.933900
142.415300 358.474700 176.669800 342.329900
142.582500 355.558100 176.591200 340.597900
142.739700 352.539000 176.475800 338.785100
142.891900 349.439100 176.340800 336.840400
143.064500 346.281300 176.231700 334.744800
143.227100 343.091000 176.098500 332.501100
143.425200 339.887400 175.949600 330.098200
143.616200 336.700500 175.809500 327.530500
143.795900 333.502200 175.662700 324.793700
144.005700 330.337500 175.492600 321.894100
144.230000 327.130600 175.327500 318.894700
144.419100 323.896200 175.135800 315.819400
144.587400 320.591100 174.935900 312.686300
144.754600 317.239000 174.736000 309.520900
144.941900 313.833000 174.526300 306.342100
145.157300 310.363000 174.379900 303.172500
145.368500 306.861100 174.154900 300.000800
145.569800 303.322100 173.890000 296.863500
145.779600 299.781500 173.713700 293.673500
145.995800 296.224300 173.576800 290.456200
146.232800 292.723700 173.427000 287.167200
146.466500 289.221500 173.304300 283.829700
146.685200 285.746000 173.122000 280.445700
146.893800 282.281200 172.957000 276.994900
147.103700 278.834100 172.737300 273.512500
147.309200 275.380000 172.577300 269.991700
147.469000 272.014900 172.316900 266.479100
147.644100 268.640500 172.090700 262.940400
147.828000 265.287400 171.893600 259.464100
148.018700 262.011300 171.738200 255.987500
148.191600 258.776500 171.516600 252.533200
148.362500 255.568000 171.304000 249.088100
148.542700 252.484800 171.108700 245.668700
148.699400 249.530100 170.953500 242.232700
148.855100 246.697000 170.773200 238.890700
149.012000 244.059600 170.634300 235.529800
149.177500 241.565300 170.486200 232.192000
149.354100 239.240800 170.402800 228.928500
149.518500 237.141100 170.335800 225.709600
149.688400 235.241100 170.265500 222.520700
149.831600 233.536700 170.201100 219.451900
149.906300 232.004900 170.043600 216.517000
149.838700 230.619900 169.586100 213.740800
149.635100 229.344100 168.986800 211.185400
149.241300 228.150200 167.905100 208.947800
148.716100 227.039600 166.743200 206.941700
148.000700 226.008200 165.424600 205.315700
147.075700 225.048900 163.958400 204.106400
145.937600 224.217300 162.504800 203.217700
144.564400 223.496400 161.082400 202.648800
143.010800 222.963900 159.735200 202.320400
141.316600 222.568700 158.451100 202.178500
139.454500 222.334500 157.192400 202.152400
137.425000 222.166300 155.962200 202.165800
135.205500 222.050100 154.705100 202.229700
132.804000 221.961500 153.372100 202.317000
130.267400 221.919300 151.961100 202.427400
127.508700 221.882500 150.411300 202.550200
124.622700 221.854300 148.769100 202.656500
121.664000 221.830100 147.031700 202.780400
118.657200 221.763300 145.157100 202.907600
115.641600 221.685500 143.123800 203.041700
112.627300 221.570300 140.902200 203.152300
109.673500 221.356100 138.499700 203.274500
106.754900 221.166500 135.964600 203.381500
103.815900 220.977200 133.207300 203.481600
100.933900 220.822800 130.325300 203.673200
98.075460 220.656000 127.371300 203.842900
95.253020 220.487500 124.367200 204.009600
92.486910 220.344500 121.352000 204.154000
89.875370 220.223200 118.338800 204.329600
87.458400 220.103100 115.377300 204.425500
85.308900 219.940400 112.459000 204.636700
83.404740 219.814900 109.526600 204.887900
81.811460 219.719400 106.645500 205.067900
80.386560 219.682400 103.801800 205.375000
79.003730 219.767200 101.024000 205.887100
77.660700 220.007600 98.334830 206.505800
76.371580 220.406400 95.906950 207.461100
75.155860 220.960300 93.807460 208.656300
74.011040 221.726500 92.129930 210.002100
72.923470 222.715600 90.826120 211.382500
71.978870 223.872400 89.938590 212.701900
71.184520 225.266700 89.390010 214.006800
70.559680 226.755300 89.025240 215.331800
70.106430 228.212400 88.812790 216.668800
69.780350 229.717400 88.730620 218.007700
69.611080 231.273600 88.777060 219.334500
69.507330 232.885000 88.856930 220.704400
69.413710 234.508900 88.995280 222.160600
69.343880 236.144900 89.142060 223.640500
69.165330 237.775100 89.204640 225.234100
68.850580 239.377200 89.131800 226.829000
68.411010 240.827300 88.937290 228.333300
67.727420 242.111200 88.412170 229.764800
66.803100 243.182900 87.524290 231.038200
65.701790 244.107800 86.451780 232.232100
64.448250 244.782200 85.117750 233.157300
63.080800 245.260000 83.663260 233.905500
61.580750 245.474700 82.099650 234.393900
60.021940 245.545100 80.491940 234.684500
58.373630 245.501300 78.988430 234.881800
56.557790 245.387700 77.535180 235.060700
54.575700 245.267600 76.117740 235.197700
52.422320 245.171900 74.677660 235.336600
50.087930 245.081900 73.253220 235.470400
47.581640 245.008900 71.806400 235.646600
44.918970 244.937600 70.294760 235.809400
42.122820 244.817200 68.737940 235.953200
39.164720 244.672400 67.095840 236.130300
36.057060 244.510700 65.279830 236.275500
32.840100 244.318200 63.295940 236.412500
29.595440 244.119000 61.142070 236.534700
26.356030 243.938500 58.810710 236.716000
23.136280 243.778100 56.310730 236.937600
19.923890 243.574600 53.651410 237.123300
16.771670 243.333700 50.856200 237.315300
13.661940 243.082500 47.900900 237.520500
10.666390 242.818300 44.788220 237.654200
7.814747 242.555200 41.569570 237.870000
5.139292 242.325200 38.319110 238.022300
2.679849 242.118700 35.084020 238.306900
0.450309 241.930700 31.862710 238.508700
-1.528966 241.776000 28.650950 238.748900
-3.228819 241.670700 25.509920 239.111700
-4.618300 241.633500 22.413110 239.491000
-5.727634 241.635600 19.431540 239.884300
-6.594910 241.676300 16.636100 240.469000
-7.316062 241.736500 14.020070 241.064200
-7.999830 241.824600 11.665450 241.782000
-8.668434 241.971800 9.594411 242.616100
-9.310473 242.159800 7.800015 243.436900
-10.040280 242.489600 6.331450 244.277700
-10.900630 242.986700 5.247606 245.138500
-11.788840 243.696900 4.512263 245.960100
-12.605680 244.629900 4.023772 246.673300
-13.325190 245.805400 3.731038 247.329700
-13.876090 247.212100 3.559293 247.991800
-14.262280 248.903900 3.518173 248.670700
-14.456720 250.843200 3.539181 249.334300
-14.534350 252.994100 3.605457 250.127800
-14.597030 255.350200 3.723115 251.108900
-14.667090 257.910700 3.867875 252.230500
-14.735990 260.649600 4.008075 253.459200
-14.849520 263.575900 4.103831 254.829000
-14.957480 266.729800 4.254176 256.323400
-15.059630 270.015600 4.419594 258.039400
-15.182710 273.477200 4.570741 259.968000
-15.303150 277.021400 4.751910 262.097500
-15.440230 280.658500 4.961758 264.426800
-15.590580 284.351600 5.168252 266.961500
-15.764490 288.068200 5.350545 269.668800
-15.946800 291.811700 5.521472 272.567400
-16.099940 295.543400 5.817921 275.683500
-16.260060 299.308400 6.093230 278.925500
-16.425310 303.105800 6.411770 282.345500
-16.590140 306.893300 6.713271 285.852600
-16.756680 310.705900 6.914813 289.453200
-16.910250 314.536100 7.204066 293.108400
-17.062160 318.371600 7.491510 296.793200
-17.211700 322.183300 7.770930 300.500000
-17.359600 325.995800 8.051852 304.193600
-17.503240 329.777900 8.378973 307.919100
-17.652950 333.537700 8.784498 311.669200
-17.803470 337.274400 9.110813 315.415500
-17.965510 340.928300 9.506156 319.183600
-18.139020 344.467400 9.800475 322.972900
-18.309560 347.827300 10.095690 326.770200
-18.498430 351.069300 10.365980 330.542800
-18.657830 354.177800 10.663800 334.315600
-18.779270 357.113600 10.938440 338.060300
-18.870160 359.864000 11.347770 341.765400
-18.946200 362.402300 11.809920 345.440500
-18.990920 364.711200 12.179330 349.047500
-19.050610 366.784400 12.642900 352.533400
-19.150770 368.599600 12.855490 355.853900
-19.288630 370.232600 13.021320 359.070000
-19.600770 371.746300 12.727220 362.141300
-20.181060 373.134000 11.954750 364.951100
-21.046240 374.352900 10.678870 367.363800
-22.127780 375.353800 9.081712 369.319400
-23.457040 376.098400 7.231206 370.692000
-24.934490 376.556700 5.330720 371.501100
-26.555040 376.670400 3.546578 371.839500
-28.276760 376.521700 1.908152 371.888800
-30.056280 376.231600 0.361664 371.837600
-31.975970 375.881500 -1.145154 371.757500
-34.041570 375.538800 -2.646078 371.696200
-36.312400 375.174700 -4.130083 371.647000
-38.740670 374.815500 -5.669221 371.610500
-41.349510 374.513500 -7.240352 371.595500
-44.097790 374.260800 -8.871404 371.681100
-47.011360 374.040700 -10.599120 371.770500
-50.040150 373.823900 -12.400190 371.881200
-53.185680 373.618900 -14.348160 372.005700
-56.406270 373.421900 -16.438060 372.158600
-59.653410 373.251300 -18.729670 372.356300
-62.943060 373.083600 -21.177650 372.545700
-66.219570 372.909300 -23.797730 372.741800
-69.486870 372.732000 -26.551760 372.941800
-72.726120 372.532900 -29.472600 373.083200
-75.949990 372.348800 -32.506270 373.276200
-79.132360 372.198800 -35.651170 373.525500
-82.276670 372.085900 -38.863890 373.850600
-85.318380 372.021300 -42.079110 374.340500
-88.202870 371.999200 -45.349460 374.747200
-90.927450 371.989600 -48.606010 375.165900
-93.555550 371.974900 -51.858300 375.537800
-96.169310 371.894100 -55.080580 375.935000
-98.735200 371.699400 -58.307180 376.102400
-101.335900 371.405700 -61.493480 376.119500
-104.006100 371.090100 -64.641010 376.087200
-106.771100 370.792200 -67.684940 376.145200
-109.682200 370.477800 -70.567750 376.267500
-112.739100 370.228500 -73.282580 376.498500
-115.931600 370.036400 -75.904790 376.692700
-119.286600 369.828600 -78.517020 376.810700
-122.729500 369.724600 -81.078550 377.064400
-126.288700 369.671200 -83.680640 377.350800
-129.839700 369.662300 -86.344900 377.709100
-133.385600 369.650900 -89.105270 378.048700
-136.894400 369.634000 -92.011630 378.417200
-140.398100 369.514400 -95.067680 378.705200
-143.862100 369.340500 -98.259290 378.953300
-147.327600 369.166400 -101.611500 379.227800
-150.737000 368.971100 -105.040900 379.561600
-154.158600 368.781900 -108.592500 379.819200
-157.533900 368.539100 -112.139600 380.011500
-160.863100 368.281900 -115.682200 380.199400
-164.185700 368.025000 -119.183800 380.435100
-167.432800 367.748600 -122.684200 380.636500
-170.642400 367.488400 -126.149600 380.802600
-173.841400 367.227100 -129.614400 381.023300
-177.023700 366.951400 -133.027600 381.167400
-180.244500 366.730400 -136.450700 381.348300
-183.473900 366.580900 -139.828700 381.588900
-186.744800 366.472000 -143.152200 381.926000
-190.033500 366.367300 -146.468000 382.278400
-193.355400 366.250500 -149.713700 382.596600
-196.716900 366.188600 -152.917400 382.935800
-200.121200 366.182600 -156.103400 383.328300
-203.540500 366.199800 -159.258500 383.831900
-206.952700 366.227500 -162.458500 384.259200
-210.347900 366.285500 -165.652200 384.763400
-213.706200 366.365900 -168.885900 385.262900
-217.009500 366.481900 -172.132300 385.805400
-220.179700 366.654500 -175.399200 386.422900
-223.191200 366.879000 -178.700200 387.057000
-226.097000 367.114900 -182.027000 387.778700
-228.814800 367.345400 -185.365400 388.522700
-231.386300 367.584000 -188.685000 389.305400
-233.712600 367.887700 -191.960600 390.196000
-235.782000 368.275800 -195.162300 391.204900
-237.675400 368.737900 -198.237700 392.407500
-239.369400 369.206200 -201.160700 393.640900
-240.923900 369.617600 -203.917300 394.867100
-242.343700 369.946600 -206.637300 395.905000
-243.617800 370.200700 -209.225400 396.761700
-244.859400 370.340600 -211.739800 397.339500
-246.077300 370.391700 -214.046500 397.734900
-247.267700 370.379800 -216.130000 398.035300
-248.493500 370.333700 -218.074500 398.126700
-249.783700 370.306600 -219.823700 398.287200
-251.078800 370.299200 -221.403500 398.570800
-252.358200 370.349900 -222.838400 398.813800
-253.632100 370.436500 -224.111700 399.070100
-254.850600 370.581800 -225.332200 399.310500
-255.940600 370.729900 -226.494900 399.656500
-256.915700 370.895600 -227.638500 399.977700
-257.880300 371.026600 -228.821900 400.290300
-258.825300 371.074700 -230.082600 400.539200
-259.790200 371.036700 -231.376100 400.605400
-260.853800 370.865000 -232.655300 400.553000
-261.981300 370.525600 -233.914800 400.357000
-263.149900 369.955400 -235.079100 399.977100
-264.334300 369.128800 -236.049700 399.465700
-265.453200 367.983800 -236.830000 398.867100
-266.451000 366.525200 -237.479800 398.149000
-267.251800 364.723800 -238.004700 397.369200
-267.949500 362.709300 -238.455500 396.523200
-268.506500 360.485200 -238.879100 395.541000
-268.941500 358.026800 -239.269900 394.440200
-269.220400 355.348600 -239.618200 393.198000
-269.448800 352.477300 -239.955300 391.803800
-269.718000 349.407100 -240.321600 390.256700
-269.985700 346.177700 -240.748100 388.555800
-270.257600 342.841000 -241.195400 386.651600
-270.518100 339.408900 -241.660000 384.587500
-270.754500 335.850800 -242.170100 382.372500
-270.955500 332.279200 -242.695200 379.956700
-271.100700 328.699800 -243.204600 377.331200
-271.205200 325.126400 -243.757400 374.530900
-271.267700 321.587300 -244.260400 371.516900
-271.275200 318.070500 -244.744700 368.342000
-271.222900 314.582000 -245.206400 365.061600
-271.120000 311.120600 -245.651100 361.681700
-270.978000 307.683800 -246.016400 358.166400
-270.782700 304.265600 -246.323800 354.634500
-270.528600 300.853100 -246.574500 351.096700
-270.242000 297.429400 -246.810300 347.565100
-269.919600 293.989900 -246.997200 344.061300
-269.545200 290.528500 -247.150400 340.577800
-269.141700 287.042100 -247.289700 337.122600
-268.688300 283.528200 -247.420900 333.695900
-268.188900 279.998100 -247.494400 330.290200
-267.644900 276.438400 -247.513900 326.897500
-267.060700 272.864800 -247.441400 323.507800
-266.415600 269.267600 -247.411700 320.104600
-265.703700 265.659900 -247.285300 316.686700
-264.933700 262.028500 -247.084300 313.244900
-264.083600 258.356100 -246.826600 309.776300
-263.198600 254.694500 -246.528300 306.280200
-262.249500 251.044300 -246.210100 302.762700
-261.237300 247.429800 -245.792300 299.217400
-260.189300 243.839800 -245.352500 295.655800
-259.094000 240.246100 -244.864600 292.067400
-257.955600 236.666200 -244.277400 288.468500
-256.772700 233.104800 -243.621200 284.846400
-255.531300 229.548500 -242.933800 281.174300
-254.248400 226.028100 -242.152000 277.525300
-252.919100 222.544000 -241.401200 273.861700
-251.574800 219.079600 -240.557200 270.232900
-250.208800 215.633800 -239.719500 266.618100
-248.823500 212.212300 -238.859700 262.992900
-247.396200 208.816100 -237.945500 259.379500
-245.924600 205.438400 -236.972700 255.786600
-244.407500 202.096000 -235.967700 252.188000
-242.864900 198.761700 -234.960600 248.609100
-241.279000 195.474400 -233.846100 245.083100
-239.649300 192.235800 -232.693900 241.580100
-237.983200 189.035400 -231.538100 238.090300
-236.298900 185.858800 -230.329500 234.631500
-234.588400 182.702700 -229.120000 231.184500
-232.835600 179.589900 -227.854900 227.753100
-231.009300 176.491000 -226.525700 224.362900
-229.111700 173.245900 -225.156200 220.985900
-227.176300 170.021800 -223.768100 217.637500
-225.177100 166.838100 -222.349800 214.324700
-223.121100 163.678300 -220.854900 211.066600
-221.021800 160.583500 -219.330200 207.836400
-218.906700 157.528200 -217.773000 204.625900
-216.758300 154.516100 -216.185900 201.449400
-214.598900 151.542200 -214.562500 198.268700
-212.419400 148.613400 -212.827400 194.959000
-210.228200 145.723000 -211.024500 191.684400
-207.984500 142.875200 -209.184700 188.434600
-205.709300 140.044600 -207.321100 185.192000
-203.367700 137.252600 -205.406000 182.009200
-200.986900 134.476000 -203.491600 178.854200
-198.545200 131.709700 -201.513800 175.753800
-196.059300 128.939500 -199.538400 172.681800
-193.510200 126.196800 -197.542800 169.648700
-190.897300 123.468900 -195.484900 166.685900
-188.227400 120.762000 -193.429500 163.724600
-185.497000 118.076800 -191.282100 160.819200
-182.724000 115.414700 -189.069200 157.944300
-179.874900 112.756200 -186.870100 155.044600
-176.963500 110.129700 -184.572700 152.180900
-174.022700 107.478800 -182.278700 149.272100
-171.062700 104.830200 -179.940000 146.373400
-168.072200 102.205400 -177.525300 143.491000
-165.063500 99.572080 -175.113300 140.576800
-162.094200 96.925240 -172.715300 137.619600
-159.158100 94.245620 -170.278600 134.671400
-156.222000 91.591220 -167.841100 131.657200
-153.302600 88.949020 -165.396800 128.618100
-150.415700 86.290970 -162.942400 125.535700
-147.525700 83.616700 -160.500800 122.422600
-144.616800 80.967880 -158.043400 119.317200
-141.680000 78.334030 -155.535800 116.227000
-138.744900 75.701910 -153.037100 113.157700
-135.803000 73.066790 -150.542300 110.089600
-132.863800 70.434610 -148.042000 107.044800
-129.933000 67.796650 -145.586000 103.987300
-127.009300 65.165490 -143.113800 100.962200
-124.094300 62.565200 -140.638600 97.923650
-121.185800 59.961850 -138.149500 94.903070
-118.275800 57.358150 -135.645900 91.879710
-115.383500 54.746480 -133.180900 88.826410
-112.487100 52.132910 -130.715100 85.760580
-109.563100 49.507800 -128.237900 82.715360
-106.649400 46.882310 -125.761100 79.670490
-103.717200 44.240620 -123.284900 76.640880
-100.776700 41.607720 -120.843000 73.613910
-97.815960 38.955960 -118.374100 70.613550
-94.863170 36.299440 -115.916000 67.598180
-91.884440 33.643060 -113.420500 64.624280
-88.909720 30.989760 -110.913200 61.656780
-85.917480 28.322680 -108.420600 58.640070
-82.929050 25.668410 -105.944500 55.621510
-79.941980 23.038030 -103.428500 52.602800
-76.962720 20.421650 -100.895500 49.599190
-74.007520 17.823510 -98.348940 46.569860
-71.092400 15.226900 -95.828850 43.523960
-68.209240 12.634500 -93.332600 40.431980
-65.354250 10.051970 -90.823920 37.358180
-62.542350 7.481356 -88.320700 34.248530
-59.754040 4.927046 -85.820230 31.149810
-57.009180 2.422195 -83.331960 28.066110
-54.340090 0.009828 -80.855800 24.993990
-51.766990 -2.296378 -78.363100 21.971400
-49.260900 -4.526641 -75.910380 18.959220
-46.853800 -6.677798 -73.467860 15.969210
-44.569730 -8.685225 -71.023280 13.015580
-42.404320 -10.528340 -68.535910 10.148400
-40.364200 -12.198710 -66.079110 7.292444
-38.389800 -13.695430 -63.523850 4.611666
-36.423220 -15.003710 -60.864150 2.208767
-34.423200 -16.097900 -58.092530 0.160197
-32.364650 -16.913830 -55.199900 -1.518065
-30.265120 -17.411740 -52.186940 -2.656107
-28.163420 -17.604910 -49.233260 -3.364319
-26.110560 -17.459960 -46.405480 -3.635636
-24.143360 -16.987220 -43.774620 -3.504660
-22.296980 -16.217800 -41.366710 -2.928862
-20.604650 -15.231400 -39.166760 -2.069564
-19.008910 -14.153640 -37.082710 -1.151809
-17.427180 -13.090130 -35.064830 -0.261906
-15.874640 -12.069320 -33.116190 0.668219
-14.363580 -11.106930 -31.158420 1.458429
-12.922670 -10.242620 -29.238760 2.203265
-11.574780 -9.466819 -27.358580 2.951149
-10.317910 -8.788752 -25.469270 3.613330
-9.188230 -8.193104 -23.614100 4.249595
-8.211014 -7.716742 -21.767130 4.797124
-7.426664 -7.335419 -19.946470 5.366894
-6.732949 -7.004384 -18.164350 5.896525
-6.081177 -6.624412 -16.472200 6.480675
-5.489078 -6.233971 -14.914820 7.113216
-4.934984 -5.802268 -13.557140 7.865389
-4.339961 -5.285216 -12.359520 8.640683
-3.697865 -4.592905 -11.318930 9.372898
-3.037676 -3.769289 -10.491290 10.070220
-2.408137 -2.790908 -9.897618 10.706120
-1.801721 -1.625169 -9.414434 11.302210
-1.269630 -0.215074 -9.028778 11.946850
-0.812186 1.417145 -8.720940 12.582960
-0.577413 3.304554 -8.485769 13.242660
-0.470925 5.426109 -8.296323 14.005970
-0.476637 7.694492 -8.126983 14.932510
-0.570738 10.119870 -7.973381 15.973230
-0.648451 12.686750 -7.796323 17.118970
-0.748385 15.378500 -7.618050 18.415740
-0.860824 18.191740 -7.380202 19.897840
-0.998219 21.084400 -7.153297 21.567600
-1.176238 24.100490 -6.912258 23.445000
-1.395968 27.224660 -6.678916 25.543670
-1.640741 30.420880 -6.432294 27.785830
-1.879320 33.664680 -6.144208 30.181330
-2.150183 36.923590 -5.859142 32.716390
-2.397389 40.249040 -5.543364 35.376370
-2.638864 43.594280 -5.257187 38.163450
-2.848280 46.962570 -4.884004 41.021530
-3.041372 50.356970 -4.516552 44.006350
-3.212653 53.820380 -4.077417 47.085390
-3.380992 57.307360 -3.670056 50.246270
-3.567609 60.834770 -3.270866 53.460410
-3.786600 64.385720 -2.907196 56.692240
-3.981904 67.973540 -2.483632 59.978600
-4.173959 71.565920 -2.084922 63.292410
-4.396788 75.106490 -1.699176 66.628650
-4.593996 78.623730 -1.369313 69.987150
-4.800834 82.136440 -0.966631 73.407990
-5.016400 85.597270 -0.512132 76.851450
-5.214554 89.008160 -0.011831 80.327920
-5.369648 92.435540 0.469616 83.835550
-5.524006 95.827610 0.974125 87.375930
