20.000000 0.000440
40.000000 0.000312
60.000000 0.000257
80.000000 0.000216
100.000000 0.000194
120.000000 0.000176
140.000000 0.000165
160.000000 0.000154
180.000000 0.000147
200.000000 0.000140
220.000000 0.000133
240.000000 0.000128
260.000000 0.000123
280.000000 0.000118
300.000000 0.000115
320.000000 0.000111
340.000000 0.000108
360.000000 0.000106
380.000000 0.000103
400.000000 0.000101
420.000000 0.000099
440.000000 0.000097
460.000000 0.000095
480.000000 0.000093
500.000000 0.000091
520.000000 0.000090
540.000000 0.000089
560.000000 0.000088
580.000000 0.000087
600.000000 0.000087
620.000000 0.000086
640.000000 0.000085
660.000000 0.000085
680.000000 0.000084
700.000000 0.000083
720.000000 0.000082
740.000000 0.000081
760.000000 0.000080
780.000000 0.000079
800.000000 0.000078
820.000000 0.000077
840.000000 0.000076
860.000000 0.000075
880.000000 0.000074
900.000000 0.000073
920.000000 0.000072
940.000000 0.000071
960.000000 0.000070
980.000000 0.000069
1000.000000 0.000068
1020.000000 0.000067
1040.000000 0.000066
1060.000000 0.000065
1080.000000 0.000064
1100.000000 0.000063
1120.000000 0.000063
1140.000000 0.000062
1160.000000 0.000062
1180.000000 0.000061
1200.000000 0.000061
1220.000000 0.000060
1240.000000 0.000059
1260.000000 0.000059
1280.000000 0.000058
1300.000000 0.000058
1320.000000 0.000057
1340.000000 0.000057
1360.000000 0.000057
1380.000000 0.000056
1400.000000 0.000056
1420.000000 0.000055
1440.000000 0.000055
1460.000000 0.000055
1480.000000 0.000054
1500.000000 0.000054
1520.000000 0.000053
1540.000000 0.000053
1560.000000 0.000052
1580.000000 0.000052
1600.000000 0.000052
1620.000000 0.000051
1640.000000 0.000051
1660.000000 0.000051
1680.000000 0.000050
1700.000000 0.000050
1720.000000 0.000050
1740.000000 0.000049
1760.000000 0.000049
1780.000000 0.000049
1800.000000 0.000048
1820.000000 0.000048
1840.000000 0.000048
1860.000000 0.000047
1880.000000 0.000047
1900.000000 0.000047
1920.000000 0.000046
1940.000000 0.000046
1960.000000 0.000046
1980.000000 0.000045
2000.000000 0.000045
2020.000000 0.000045
2040.000000 0.000044
2060.000000 0.000044
2080.000000 0.000043
2100.000000 0.000043
2120.000000 0.000042
2140.000000 0.000042
2160.000000 0.000042
2180.000000 0.000041
2200.000000 0.000041
2220.000000 0.000040
2240.000000 0.000040
2260.000000 0.000040
2280.000000 0.000039
2300.000000 0.000039
2320.000000 0.000039
2340.000000 0.000039
2360.000000 0.000038
2380.000000 0.000038
2400.000000 0.000038
2420.000000 0.000038
2440.000000 0.000037
2460.000000 0.000037
2480.000000 0.000037
2500.000000 0.000037
2520.000000 0.000037
2540.000000 0.000037
2560.000000 0.000036
2580.000000 0.000036
2600.000000 0.000036
2620.000000 0.000036
2640.000000 0.000036
2660.000000 0.000036
2680.000000 0.000036
2700.000000 0.000036
2720.000000 0.000036
2740.000000 0.000036
2760.000000 0.000036
2780.000000 0.000036
2800.000000 0.000036
2820.000000 0.000037
2840.000000 0.000037
2860.000000 0.000037
2880.000000 0.000037
2900.000000 0.000037
2920.000000 0.000037
2940.000000 0.000037
2960.000000 0.000037
2980.000000 0.000037
3000.000000 0.000038
3020.000000 0.000038
3040.000000 0.000038
3060.000000 0.000038
3080.000000 0.000038
3100.000000 0.000038
3120.000000 0.000038
3140.000000 0.000038
3160.000000 0.000038
3180.000000 0.000039
3200.000000 0.000039
3220.000000 0.000039
3240.000000 0.000039
3260.000000 0.000039
3280.000000 0.000038
3300.000000 0.000038
3320.000000 0.000038
3340.000000 0.000038
3360.000000 0.000038
3380.000000 0.000037
3400.000000 0.000037
3420.000000 0.000037
3440.000000 0.000037
3460.000000 0.000037
3480.000000 0.000036
3500.000000 0.000036
3520.000000 0.000036
3540.000000 0.000036
3560.000000 0.000036
3580.000000 0.000036
3600.000000 0.000036
3620.000000 0.000035
3640.000000 0.000035
3660.000000 0.000035
3680.000000 0.000035
3700.000000 0.000035
3720.000000 0.000035
3740.000000 0.000035
3760.000000 0.000034
3780.000000 0.000034
3800.000000 0.000034
3820.000000 0.000034
3840.000000 0.000034
3860.000000 0.000033
3880.000000 0.000033
3900.000000 0.000033
3920.000000 0.000033
3940.000000 0.000033
3960.000000 0.000033
3980.000000 0.000033
4000.000000 0.000033
4020.000000 0.000033
4040.000000 0.000033
4060.000000 0.000033
4080.000000 0.000033
4100.000000 0.000033
4120.000000 0.000033
4140.000000 0.000033
4160.000000 0.000033
4180.000000 0.000033
4200.000000 0.000033
4220.000000 0.000033
4240.000000 0.000032
4260.000000 0.000032
4280.000000 0.000032
4300.000000 0.000032
4320.000000 0.000032
4340.000000 0.000032
4360.000000 0.000032
4380.000000 0.000032
4400.000000 0.000032
4420.000000 0.000032
4440.000000 0.000032
4460.000000 0.000032
4480.000000 0.000032
4500.000000 0.000032
4520.000000 0.000032
4540.000000 0.000031
4560.000000 0.000031
4580.000000 0.000031
4600.000000 0.000031
4620.000000 0.000031
4640.000000 0.000031
4660.000000 0.000031
4680.000000 0.000031
4700.000000 0.000031
4720.000000 0.000031
4740.000000 0.000031
4760.000000 0.000030
4780.000000 0.000030
4800.000000 0.000030
4820.000000 0.000030
4840.000000 0.000030
4860.000000 0.000030
4880.000000 0.000029
4900.000000 0.000028
4920.000000 0.000029
4940.000000 0.000029
4960.000000 0.000029
4980.000000 0.000030
5000.000000 0.000031
5020.000000 0.000031
