20.000000 0.015000
40.000000 0.013048
60.000000 0.012179
80.000000 0.011871
100.000000 0.011817
120.000000 0.011908
140.000000 0.012071
160.000000 0.012395
180.000000 0.012794
200.000000 0.013221
220.000000 0.013614
240.000000 0.013993
260.000000 0.014258
280.000000 0.014495
300.000000 0.014677
320.000000 0.014819
340.000000 0.014955
360.000000 0.015020
380.000000 0.015077
400.000000 0.015143
420.000000 0.015243
440.000000 0.015365
460.000000 0.015494
480.000000 0.015611
500.000000 0.015784
520.000000 0.015933
540.000000 0.016111
560.000000 0.016246
580.000000 0.016399
600.000000 0.016519
620.000000 0.016702
640.000000 0.016892
660.000000 0.017084
680.000000 0.017276
700.000000 0.017449
720.000000 0.017636
740.000000 0.017806
760.000000 0.017969
780.000000 0.018107
800.000000 0.018238
820.000000 0.018324
840.000000 0.018402
860.000000 0.018418
880.000000 0.018432
900.000000 0.018399
920.000000 0.018359
940.000000 0.018287
960.000000 0.018232
980.000000 0.018155
1000.000000 0.018088
1020.000000 0.018028
1040.000000 0.017973
1060.000000 0.017928
1080.000000 0.017888
1100.000000 0.017860
1120.000000 0.017826
1140.000000 0.017794
1160.000000 0.017763
1180.000000 0.017740
1200.000000 0.017719
1220.000000 0.017694
1240.000000 0.017666
1260.000000 0.017639
1280.000000 0.017606
1300.000000 0.017556
1320.000000 0.017528
1340.000000 0.017499
1360.000000 0.017468
1380.000000 0.017435
1400.000000 0.017394
1420.000000 0.017346
1440.000000 0.017289
1460.000000 0.017245
1480.000000 0.017167
1500.000000 0.017103
1520.000000 0.017055
1540.000000 0.016959
1560.000000 0.016859
1580.000000 0.016751
1600.000000 0.016636
1620.000000 0.016499
1640.000000 0.016385
1660.000000 0.016253
1680.000000 0.016145
1700.000000 0.016032
1720.000000 0.015899
1740.000000 0.015777
1760.000000 0.015645
1780.000000 0.015509
1800.000000 0.015387
1820.000000 0.015262
1840.000000 0.015179
1860.000000 0.015078
1880.000000 0.014996
1900.000000 0.014912
1920.000000 0.014798
1940.000000 0.014700
1960.000000 0.014603
1980.000000 0.014484
2000.000000 0.014387
2020.000000 0.014279
2040.000000 0.014147
2060.000000 0.014039
2080.000000 0.013933
2100.000000 0.013811
2120.000000 0.013731
2140.000000 0.013647
2160.000000 0.013549
2180.000000 0.013474
2200.000000 0.013407
2220.000000 0.013340
2240.000000 0.013278
2260.000000 0.013247
2280.000000 0.013180
2300.000000 0.013110
2320.000000 0.013029
2340.000000 0.012937
2360.000000 0.012859
2380.000000 0.012755
2400.000000 0.012666
2420.000000 0.012581
2440.000000 0.012505
2460.000000 0.012443
2480.000000 0.012373
2500.000000 0.012304
2520.000000 0.012224
2540.000000 0.012115
2560.000000 0.012012
2580.000000 0.011902
2600.000000 0.011805
2620.000000 0.011690
2640.000000 0.011566
2660.000000 0.011430
2680.000000 0.011297
2700.000000 0.011160
2720.000000 0.011024
2740.000000 0.010892
2760.000000 0.010770
2780.000000 0.010655
2800.000000 0.010537
2820.000000 0.010425
2840.000000 0.010326
2860.000000 0.010229
2880.000000 0.010149
2900.000000 0.010066
2920.000000 0.010004
2940.000000 0.009941
2960.000000 0.009894
2980.000000 0.009843
3000.000000 0.009793
3020.000000 0.009772
3040.000000 0.009776
3060.000000 0.009786
3080.000000 0.009815
3100.000000 0.009841
3120.000000 0.009880
3140.000000 0.009919
3160.000000 0.009978
3180.000000 0.010029
3200.000000 0.010087
3220.000000 0.010144
3240.000000 0.010036
3260.000000 0.010015
3280.000000 0.010043
3300.000000 0.010029
3320.000000 0.010021
3340.000000 0.010008
3360.000000 0.009993
3380.000000 0.009988
3400.000000 0.009975
3420.000000 0.009965
3440.000000 0.010003
3460.000000 0.010002
3480.000000 0.010043
3500.000000 0.010038
3520.000000 0.010034
3540.000000 0.010072
3560.000000 0.010059
3580.000000 0.010048
3600.000000 0.010037
3620.000000 0.010022
3640.000000 0.009959
3660.000000 0.009944
3680.000000 0.009931
3700.000000 0.009883
3720.000000 0.009819
3740.000000 0.009776
3760.000000 0.009702
3780.000000 0.009614
3800.000000 0.009437
3820.000000 0.009318
3840.000000 0.009108
3860.000000 0.008881
3880.000000 0.008699
3900.000000 0.008446
3920.000000 0.008246
3940.000000 0.008028
3960.000000 0.007827
3980.000000 0.007539
4000.000000 0.007298
4020.000000 0.007022
4040.000000 0.006781
4060.000000 0.006633
4080.000000 0.006478
4100.000000 0.006348
4120.000000 0.006251
4140.000000 0.006162
4160.000000 0.006094
4180.000000 0.006027
4200.000000 0.005961
4220.000000 0.005941
4240.000000 0.005937
4260.000000 0.005963
4280.000000 0.006001
4300.000000 0.006057
4320.000000 0.006103
4340.000000 0.006153
4360.000000 0.006242
4380.000000 0.006350
4400.000000 0.006437
4420.000000 0.006539
4440.000000 0.006687
4460.000000 0.006891
4480.000000 0.007100
4500.000000 0.007236
4520.000000 0.007344
4540.000000 0.007403
4560.000000 0.007520
4580.000000 0.007663
4600.000000 0.007809
4620.000000 0.007985
4640.000000 0.008218
4660.000000 0.008437
4680.000000 0.008631
4700.000000 0.008709
4720.000000 0.008803
4740.000000 0.008898
4760.000000 0.009101
4780.000000 0.009283
4800.000000 0.009450
4820.000000 0.009653
4840.000000 0.009750
4860.000000 0.009872
4880.000000 0.009882
4900.000000 0.009795
4920.000000 0.009958
4940.000000 0.010127
4960.000000 0.010309
4980.000000 0.010381
5000.000000 0.010516
5020.000000 0.010406
