20.000000 0.000448
40.000000 0.000287
60.000000 0.000230
80.000000 0.000201
100.000000 0.000181
120.000000 0.000169
140.000000 0.000159
160.000000 0.000147
180.000000 0.000138
200.000000 0.000132
220.000000 0.000127
240.000000 0.000123
260.000000 0.000118
280.000000 0.000116
300.000000 0.000112
320.000000 0.000109
340.000000 0.000107
360.000000 0.000104
380.000000 0.000102
400.000000 0.000100
420.000000 0.000097
440.000000 0.000096
460.000000 0.000094
480.000000 0.000093
500.000000 0.000091
520.000000 0.000090
540.000000 0.000090
560.000000 0.000089
580.000000 0.000087
600.000000 0.000086
620.000000 0.000085
640.000000 0.000084
660.000000 0.000083
680.000000 0.000082
700.000000 0.000081
720.000000 0.000080
740.000000 0.000079
760.000000 0.000078
780.000000 0.000077
800.000000 0.000077
820.000000 0.000076
840.000000 0.000076
860.000000 0.000075
880.000000 0.000075
900.000000 0.000075
920.000000 0.000075
940.000000 0.000074
960.000000 0.000074
980.000000 0.000074
1000.000000 0.000074
1020.000000 0.000074
1040.000000 0.000073
1060.000000 0.000073
1080.000000 0.000072
1100.000000 0.000073
1120.000000 0.000073
1140.000000 0.000073
1160.000000 0.000072
1180.000000 0.000072
1200.000000 0.000072
1220.000000 0.000072
1240.000000 0.000072
1260.000000 0.000072
1280.000000 0.000071
1300.000000 0.000071
1320.000000 0.000071
1340.000000 0.000071
1360.000000 0.000071
1380.000000 0.000071
1400.000000 0.000071
1420.000000 0.000071
1440.000000 0.000072
1460.000000 0.000071
1480.000000 0.000071
1500.000000 0.000071
1520.000000 0.000071
1540.000000 0.000071
1560.000000 0.000071
1580.000000 0.000071
1600.000000 0.000070
1620.000000 0.000070
1640.000000 0.000070
1660.000000 0.000070
1680.000000 0.000070
1700.000000 0.000070
1720.000000 0.000070
1740.000000 0.000069
1760.000000 0.000069
1780.000000 0.000069
1800.000000 0.000069
1820.000000 0.000068
1840.000000 0.000068
1860.000000 0.000068
1880.000000 0.000067
1900.000000 0.000067
1920.000000 0.000067
1940.000000 0.000067
1960.000000 0.000067
1980.000000 0.000067
2000.000000 0.000066
2020.000000 0.000066
2040.000000 0.000067
2060.000000 0.000066
2080.000000 0.000066
2100.000000 0.000066
2120.000000 0.000066
2140.000000 0.000066
2160.000000 0.000066
2180.000000 0.000066
2200.000000 0.000066
2220.000000 0.000066
2240.000000 0.000066
2260.000000 0.000066
2280.000000 0.000066
2300.000000 0.000066
2320.000000 0.000066
2340.000000 0.000066
2360.000000 0.000066
2380.000000 0.000066
2400.000000 0.000066
2420.000000 0.000066
2440.000000 0.000066
2460.000000 0.000066
2480.000000 0.000066
2500.000000 0.000066
2520.000000 0.000066
2540.000000 0.000066
2560.000000 0.000066
2580.000000 0.000066
2600.000000 0.000066
2620.000000 0.000067
2640.000000 0.000066
2660.000000 0.000066
2680.000000 0.000066
2700.000000 0.000066
2720.000000 0.000066
2740.000000 0.000066
2760.000000 0.000066
2780.000000 0.000066
2800.000000 0.000066
2820.000000 0.000067
2840.000000 0.000066
2860.000000 0.000066
2880.000000 0.000066
2900.000000 0.000066
2920.000000 0.000066
2940.000000 0.000066
2960.000000 0.000066
2980.000000 0.000066
3000.000000 0.000066
3020.000000 0.000066
3040.000000 0.000066
3060.000000 0.000066
3080.000000 0.000065
3100.000000 0.000065
3120.000000 0.000065
3140.000000 0.000065
3160.000000 0.000064
3180.000000 0.000064
3200.000000 0.000064
3220.000000 0.000064
3240.000000 0.000064
3260.000000 0.000064
3280.000000 0.000064
3300.000000 0.000064
3320.000000 0.000064
3340.000000 0.000064
3360.000000 0.000064
3380.000000 0.000063
3400.000000 0.000063
3420.000000 0.000063
3440.000000 0.000062
3460.000000 0.000062
3480.000000 0.000061
3500.000000 0.000061
3520.000000 0.000061
3540.000000 0.000061
3560.000000 0.000061
3580.000000 0.000061
3600.000000 0.000061
3620.000000 0.000061
3640.000000 0.000063
3660.000000 0.000062
3680.000000 0.000061
3700.000000 0.000061
