20.000000 0.207080
40.000000 0.171831
60.000000 0.138378
80.000000 0.113037
100.000000 0.098650
120.000000 0.089575
140.000000 0.079411
160.000000 0.073375
180.000000 0.068876
200.000000 0.064090
220.000000 0.058439
240.000000 0.054363
260.000000 0.052581
280.000000 0.050890
300.000000 0.048506
320.000000 0.046304
340.000000 0.044320
360.000000 0.042461
380.000000 0.040880
400.000000 0.039518
420.000000 0.038094
440.000000 0.036690
460.000000 0.035851
480.000000 0.035204
500.000000 0.034532
520.000000 0.033613
540.000000 0.032803
560.000000 0.032152
580.000000 0.031647
600.000000 0.030906
620.000000 0.030210
640.000000 0.029180
660.000000 0.028453
680.000000 0.027785
700.000000 0.027143
720.000000 0.026877
740.000000 0.026909
760.000000 0.026563
780.000000 0.026268
800.000000 0.025981
820.000000 0.025751
840.000000 0.025310
860.000000 0.024911
880.000000 0.024697
900.000000 0.024532
920.000000 0.024231
940.000000 0.024016
960.000000 0.024061
980.000000 0.024158
1000.000000 0.024263
1020.000000 0.024188
1040.000000 0.024148
1060.000000 0.024227
1080.000000 0.024335
1100.000000 0.024562
1120.000000 0.024897
1140.000000 0.025148
1160.000000 0.025354
1180.000000 0.025442
1200.000000 0.025472
1220.000000 0.025396
1240.000000 0.025309
1260.000000 0.025220
1280.000000 0.025131
1300.000000 0.024928
1320.000000 0.024790
1340.000000 0.025150
1360.000000 0.025326
1380.000000 0.025281
1400.000000 0.025244
1420.000000 0.025271
1440.000000 0.025316
1460.000000 0.025278
1480.000000 0.025264
1500.000000 0.025160
1520.000000 0.025045
1540.000000 0.024986
1560.000000 0.024897
1580.000000 0.024864
1600.000000 0.024733
1620.000000 0.024648
1640.000000 0.024586
1660.000000 0.024604
1680.000000 0.024717
1700.000000 0.024715
1720.000000 0.024532
1740.000000 0.024303
1760.000000 0.024300
1780.000000 0.024263
1800.000000 0.024137
1820.000000 0.023966
1840.000000 0.023689
1860.000000 0.023444
1880.000000 0.023367
1900.000000 0.023193
1920.000000 0.023047
1940.000000 0.022790
1960.000000 0.022564
1980.000000 0.022604
2000.000000 0.022434
2020.000000 0.022195
2040.000000 0.022089
2060.000000 0.021695
2080.000000 0.021339
2100.000000 0.020953
2120.000000 0.020506
2140.000000 0.020207
2160.000000 0.020006
2180.000000 0.019836
2200.000000 0.019550
2220.000000 0.019206
2240.000000 0.018957
2260.000000 0.018731
2280.000000 0.018671
2300.000000 0.018655
2320.000000 0.018439
2340.000000 0.018130
2360.000000 0.017792
2380.000000 0.017682
2400.000000 0.017726
2420.000000 0.017708
2440.000000 0.017656
2460.000000 0.017682
2480.000000 0.017745
2500.000000 0.017718
2520.000000 0.017855
2540.000000 0.018057
2560.000000 0.018291
2580.000000 0.018452
2600.000000 0.018652
2620.000000 0.018749
2640.000000 0.018642
2660.000000 0.018569
2680.000000 0.018495
2700.000000 0.018475
2720.000000 0.018379
2740.000000 0.018828
2760.000000 0.018946
2780.000000 0.018884
2800.000000 0.018910
2820.000000 0.019080
2840.000000 0.019217
2860.000000 0.019044
2880.000000 0.019004
2900.000000 0.019007
2920.000000 0.018918
2940.000000 0.018652
2960.000000 0.018372
2980.000000 0.018058
3000.000000 0.017808
3020.000000 0.017423
3040.000000 0.017007
3060.000000 0.016766
3080.000000 0.016174
3100.000000 0.015632
3120.000000 0.015122
3140.000000 0.014671
3160.000000 0.014210
3180.000000 0.013646
3200.000000 0.013196
3220.000000 0.012732
3240.000000 0.011946
3260.000000 0.011076
3280.000000 0.010305
3300.000000 0.009685
3320.000000 0.009232
3340.000000 0.008991
3360.000000 0.009131
3380.000000 0.008679
3400.000000 0.008366
3420.000000 0.008071
3440.000000 0.007796
3460.000000 0.007386
3480.000000 0.006811
3500.000000 0.006238
3520.000000 0.005607
3540.000000 0.004955
3560.000000 0.004319
3580.000000 0.003775
3600.000000 0.003229
3620.000000 0.002821
3640.000000 0.002518
3660.000000 0.002448
3680.000000 0.002575
3700.000000 0.002803
