20.000000 0.000449
40.000000 0.000288
60.000000 0.000224
80.000000 0.000194
100.000000 0.000167
120.000000 0.000150
140.000000 0.000134
160.000000 0.000120
180.000000 0.000109
200.000000 0.000102
220.000000 0.000096
240.000000 0.000089
260.000000 0.000085
280.000000 0.000081
300.000000 0.000077
320.000000 0.000073
340.000000 0.000070
360.000000 0.000068
380.000000 0.000065
400.000000 0.000063
420.000000 0.000061
440.000000 0.000059
460.000000 0.000057
480.000000 0.000055
500.000000 0.000054
520.000000 0.000053
540.000000 0.000052
560.000000 0.000051
580.000000 0.000049
600.000000 0.000048
620.000000 0.000046
640.000000 0.000044
660.000000 0.000043
680.000000 0.000042
700.000000 0.000041
720.000000 0.000040
740.000000 0.000039
760.000000 0.000038
780.000000 0.000038
800.000000 0.000037
820.000000 0.000037
840.000000 0.000037
860.000000 0.000036
880.000000 0.000035
900.000000 0.000036
920.000000 0.000035
940.000000 0.000035
960.000000 0.000035
980.000000 0.000035
1000.000000 0.000034
1020.000000 0.000034
1040.000000 0.000034
1060.000000 0.000033
1080.000000 0.000033
1100.000000 0.000033
1120.000000 0.000033
1140.000000 0.000032
1160.000000 0.000032
1180.000000 0.000031
1200.000000 0.000031
1220.000000 0.000031
1240.000000 0.000031
1260.000000 0.000031
1280.000000 0.000031
1300.000000 0.000031
1320.000000 0.000031
1340.000000 0.000030
1360.000000 0.000030
1380.000000 0.000030
1400.000000 0.000030
1420.000000 0.000030
1440.000000 0.000030
1460.000000 0.000029
1480.000000 0.000029
1500.000000 0.000029
1520.000000 0.000028
1540.000000 0.000028
1560.000000 0.000028
1580.000000 0.000028
1600.000000 0.000027
1620.000000 0.000027
1640.000000 0.000027
1660.000000 0.000027
1680.000000 0.000026
1700.000000 0.000026
1720.000000 0.000026
1740.000000 0.000026
1760.000000 0.000026
1780.000000 0.000026
1800.000000 0.000025
1820.000000 0.000025
1840.000000 0.000025
1860.000000 0.000025
1880.000000 0.000025
1900.000000 0.000025
1920.000000 0.000025
1940.000000 0.000025
1960.000000 0.000025
1980.000000 0.000024
2000.000000 0.000025
2020.000000 0.000024
2040.000000 0.000024
2060.000000 0.000024
2080.000000 0.000025
2100.000000 0.000025
2120.000000 0.000025
2140.000000 0.000025
2160.000000 0.000024
2180.000000 0.000025
2200.000000 0.000025
2220.000000 0.000025
2240.000000 0.000025
2260.000000 0.000024
2280.000000 0.000024
2300.000000 0.000024
2320.000000 0.000024
2340.000000 0.000024
2360.000000 0.000024
2380.000000 0.000024
2400.000000 0.000024
2420.000000 0.000024
2440.000000 0.000024
2460.000000 0.000024
2480.000000 0.000024
2500.000000 0.000024
2520.000000 0.000024
2540.000000 0.000024
2560.000000 0.000024
2580.000000 0.000024
2600.000000 0.000024
2620.000000 0.000024
2640.000000 0.000024
2660.000000 0.000024
2680.000000 0.000024
2700.000000 0.000024
2720.000000 0.000024
2740.000000 0.000024
2760.000000 0.000024
2780.000000 0.000024
2800.000000 0.000025
2820.000000 0.000025
2840.000000 0.000025
2860.000000 0.000025
2880.000000 0.000025
2900.000000 0.000025
2920.000000 0.000025
2940.000000 0.000025
2960.000000 0.000025
2980.000000 0.000025
3000.000000 0.000025
3020.000000 0.000025
3040.000000 0.000026
3060.000000 0.000026
3080.000000 0.000026
3100.000000 0.000026
3120.000000 0.000026
3140.000000 0.000026
3160.000000 0.000026
3180.000000 0.000026
3200.000000 0.000026
3220.000000 0.000025
3240.000000 0.000026
3260.000000 0.000026
3280.000000 0.000026
3300.000000 0.000026
3320.000000 0.000026
3340.000000 0.000026
3360.000000 0.000026
3380.000000 0.000026
3400.000000 0.000026
3420.000000 0.000026
3440.000000 0.000026
3460.000000 0.000026
3480.000000 0.000026
3500.000000 0.000026
3520.000000 0.000027
3540.000000 0.000028
3560.000000 0.000028
3580.000000 0.000028
3600.000000 0.000030
3620.000000 0.000031
3640.000000 0.000033
3660.000000 0.000033
3680.000000 0.000032
3700.000000 0.000031
