20.000000 0.223311
40.000000 0.186114
60.000000 0.150186
80.000000 0.122692
100.000000 0.107009
120.000000 0.097282
140.000000 0.086079
160.000000 0.079482
180.000000 0.074535
200.000000 0.069389
220.000000 0.063275
240.000000 0.058853
260.000000 0.056916
280.000000 0.055199
300.000000 0.053017
320.000000 0.050664
340.000000 0.048438
360.000000 0.046350
380.000000 0.044664
400.000000 0.043133
420.000000 0.041537
440.000000 0.040489
460.000000 0.039621
480.000000 0.038508
500.000000 0.037371
520.000000 0.036440
540.000000 0.035718
560.000000 0.034606
580.000000 0.033416
600.000000 0.031942
620.000000 0.030815
640.000000 0.029612
660.000000 0.028828
680.000000 0.027918
700.000000 0.026795
720.000000 0.025903
740.000000 0.025423
760.000000 0.024767
780.000000 0.023996
800.000000 0.023100
820.000000 0.022311
840.000000 0.021268
860.000000 0.020221
880.000000 0.019557
900.000000 0.019263
920.000000 0.018611
940.000000 0.018091
960.000000 0.017954
980.000000 0.017639
1000.000000 0.017291
1020.000000 0.016841
1040.000000 0.016560
1060.000000 0.016508
1080.000000 0.016486
1100.000000 0.016494
1120.000000 0.016775
1140.000000 0.016898
1160.000000 0.016953
1180.000000 0.016996
1200.000000 0.017154
1220.000000 0.017172
1240.000000 0.017236
1260.000000 0.017422
1280.000000 0.017466
1300.000000 0.017344
1320.000000 0.017276
1340.000000 0.017698
1360.000000 0.017939
1380.000000 0.017816
1400.000000 0.017715
1420.000000 0.017731
1440.000000 0.017696
1460.000000 0.017496
1480.000000 0.017406
1500.000000 0.017365
1520.000000 0.017296
1540.000000 0.017166
1560.000000 0.016997
1580.000000 0.016942
1600.000000 0.016813
1620.000000 0.016671
1640.000000 0.016521
1660.000000 0.016385
1680.000000 0.016167
1700.000000 0.015907
1720.000000 0.015454
1740.000000 0.014955
1760.000000 0.014809
1780.000000 0.014689
1800.000000 0.014367
1820.000000 0.013952
1840.000000 0.013480
1860.000000 0.013068
1880.000000 0.012731
1900.000000 0.012275
1920.000000 0.012014
1940.000000 0.011774
1960.000000 0.011449
1980.000000 0.011287
2000.000000 0.011116
2020.000000 0.010850
2040.000000 0.010550
2060.000000 0.010206
2080.000000 0.009981
2100.000000 0.009717
2120.000000 0.009257
2140.000000 0.008914
2160.000000 0.008800
2180.000000 0.008808
2200.000000 0.008825
2220.000000 0.008892
2240.000000 0.008948
2260.000000 0.008824
2280.000000 0.008785
2300.000000 0.008796
2320.000000 0.008728
2340.000000 0.008440
2360.000000 0.008003
2380.000000 0.008153
2400.000000 0.008311
2420.000000 0.008273
2440.000000 0.008354
2460.000000 0.008507
2480.000000 0.008476
2500.000000 0.008424
2520.000000 0.008609
2540.000000 0.008753
2560.000000 0.008719
2580.000000 0.008574
2600.000000 0.008625
2620.000000 0.008811
2640.000000 0.008866
2660.000000 0.008845
2680.000000 0.008942
2700.000000 0.008935
2720.000000 0.008733
2740.000000 0.008711
2760.000000 0.008543
2780.000000 0.008376
2800.000000 0.008256
2820.000000 0.008211
2840.000000 0.008171
2860.000000 0.008115
2880.000000 0.008141
2900.000000 0.008222
2920.000000 0.008164
2940.000000 0.007986
2960.000000 0.007791
2980.000000 0.007556
3000.000000 0.007245
3020.000000 0.006942
3040.000000 0.006670
3060.000000 0.006455
3080.000000 0.006318
3100.000000 0.006287
3120.000000 0.006288
3140.000000 0.006187
3160.000000 0.006087
3180.000000 0.005931
3200.000000 0.005705
3220.000000 0.005561
3240.000000 0.005558
3260.000000 0.005581
3280.000000 0.005672
3300.000000 0.005846
3320.000000 0.006040
3340.000000 0.006143
3360.000000 0.005858
3380.000000 0.005920
3400.000000 0.005892
3420.000000 0.005892
3440.000000 0.005754
3460.000000 0.005781
3480.000000 0.005947
3500.000000 0.006008
3520.000000 0.006231
3540.000000 0.006526
3560.000000 0.006624
3580.000000 0.006745
3600.000000 0.007117
3620.000000 0.007641
3640.000000 0.007688
3660.000000 0.007996
3680.000000 0.008296
3700.000000 0.008506
