-0.000000 0.000000 0.000000 0.000000
-0.031067 2.888054 -0.017730 2.887124
-0.064585 5.738958 -0.006158 5.715541
-0.101303 8.535486 -0.019053 8.505051
-0.142195 11.339520 0.078866 11.258150
-0.184906 14.041360 0.061504 13.980750
-0.236713 16.743090 -0.002134 16.669590
-0.293743 19.414190 -0.063765 19.329370
-0.351775 22.037930 -0.141783 21.934910
-0.412104 24.615430 -0.216538 24.475700
-0.469077 27.080370 -0.310878 26.909400
-0.537729 29.454710 -0.402254 29.258270
-0.609883 31.753310 -0.522920 31.527100
-0.707028 33.962280 -0.665556 33.731220
-0.822501 36.085730 -0.800978 35.798990
-0.935694 38.111240 -0.937895 37.787420
-1.022967 40.037480 -1.056185 39.708900
-1.107347 41.890890 -1.172604 41.495360
-1.156523 43.592390 -1.259171 43.136410
-1.165281 45.110470 -1.273961 44.591170
-1.139704 46.435620 -1.271933 45.846540
-1.077742 47.567320 -1.236548 46.893240
-1.006263 48.450880 -1.152439 47.731920
-0.897746 49.232390 -1.068882 48.506400
-0.757712 49.986150 -0.930351 49.252880
-0.562625 50.707270 -0.723775 49.967070
-0.317219 51.420200 -0.588698 50.453460
0.000274 52.129820 -0.376546 50.930030
0.427978 52.800310 0.021217 51.604600
0.965237 53.472800 0.539835 52.249840
1.658262 54.153430 1.225426 52.878770
2.612681 54.789880 2.130512 53.486460
3.766145 55.335410 3.250266 54.006850
5.103719 55.721430 4.537405 54.439530
6.612372 55.902800 5.991144 54.650570
8.209580 55.971350 7.560253 54.768080
9.933246 55.981820 9.256688 54.802920
11.755010 55.963040 11.044520 54.804240
13.673080 55.883300 12.932280 54.776810
15.697980 55.779010 14.928700 54.707190
17.784720 55.672100 17.001490 54.617610
19.978240 55.590270 19.161280 54.573620
22.167140 55.510110 21.361110 54.517010
24.373310 55.484540 23.556020 54.533160
26.568060 55.472620 25.759050 54.549430
28.777650 55.510270 27.970000 54.585360
30.985590 55.548590 30.174590 54.640400
33.207400 55.613480 32.393110 54.722050
35.442520 55.709300 34.625230 54.833790
37.704740 55.826600 36.876010 54.993570
40.002200 55.976310 39.151840 55.178150
42.339510 56.141300 41.473910 55.374080
44.713720 56.343910 43.850230 55.622960
47.122240 56.605330 46.213490 55.900840
49.540680 56.921620 48.623630 56.263500
51.989070 57.297260 51.052670 56.690010
54.343180 57.698510 53.434050 57.148020
56.645460 58.120330 55.726890 57.635300
58.876010 58.567270 57.973260 58.157680
61.013190 59.021080 60.144500 58.633250
63.055930 59.468430 62.206170 59.116960
65.032810 59.902180 64.199260 59.581690
66.922080 60.298360 66.111830 60.011410
68.724720 60.677920 67.928410 60.418460
70.449950 61.033000 69.689950 60.792850
72.086540 61.346730 71.356180 61.103890
73.701140 61.657010 72.971750 61.395060
75.335240 61.944750 74.595550 61.720920
76.992600 62.291350 76.242320 62.052870
78.692590 62.691950 77.927640 62.484560
80.453400 63.179850 79.637560 62.976310
82.265790 63.740490 81.420030 63.572550
84.194030 64.399810 83.289500 64.229660
86.224450 65.153770 85.273490 65.002140
88.357870 65.993410 87.361260 65.825700
90.502450 66.907090 89.516870 66.728380
92.609040 67.903710 91.630780 67.723110
94.633120 68.920130 93.690850 68.700880
96.583420 69.912990 95.658990 69.708530
98.435050 70.883890 97.579030 70.699330
100.212200 71.816210 99.370270 71.629270
101.905500 72.735820 101.105100 72.540220
103.511500 73.620900 102.757400 73.401990
105.060100 74.482340 104.314900 74.286410
106.565000 75.343110 105.831300 75.135760
108.028900 76.228830 107.309100 76.004850
109.484600 77.160920 108.777700 76.894970
111.012500 78.171090 110.289400 77.866300
112.582900 79.246780 111.855300 78.916050
114.228600 80.425890 113.450500 80.082580
115.947600 81.729260 115.132100 81.370120
117.700100 83.151090 116.831600 82.802400
119.523000 84.685210 118.580900 84.359440
121.433400 86.292660 120.410800 85.989360
123.377700 87.978210 122.290000 87.729220
125.311100 89.753620 124.184300 89.542690
127.275600 91.596860 126.101900 91.386430
129.224500 93.463900 128.036900 93.280240
131.149100 95.403230 129.919800 95.229380
133.059000 97.419260 131.784300 97.283650
134.953900 99.488560 133.666200 99.347970
136.852800 101.578900 135.520500 101.475800
138.768400 103.700800 137.388600 103.610800
140.668600 105.771500 139.244100 105.741000
142.593300 107.805600 141.167800 107.805800
144.499400 109.783900 143.036800 109.839500
146.448400 111.754000 144.922900 111.855900
148.396300 113.639400 146.835800 113.801100
150.376300 115.438400 148.760300 115.689300
152.404100 117.222400 150.687100 117.579700
154.478600 118.989300 152.662100 119.424700
156.645400 120.724500 154.725100 121.269500
158.905800 122.432200 156.859300 123.094100
161.194700 124.063600 159.082700 124.796200
163.498700 125.601900 161.295600 126.540300
165.800800 127.092000 163.560400 128.123900
168.046900 128.527100 165.794800 129.600800
170.193100 129.881700 167.939300 131.045800
172.320500 131.175000 170.062600 132.409600
174.354500 132.418200 172.100000 133.709700
176.353200 133.630800 174.078200 134.966700
178.293700 134.777800 176.034300 136.173300
180.174800 135.863800 177.919200 137.303100
181.990300 136.890800 179.761400 138.344100
183.746700 137.844100 181.534600 139.324000
185.502900 138.752600 183.270000 140.257600
187.316700 139.650000 185.066300 141.154800
189.197800 140.526600 186.917600 142.055600
191.166700 141.381000 188.848200 142.919100
193.245000 142.204500 190.876800 143.786600
195.460000 143.026300 193.025200 144.636600
197.772100 143.833600 195.301900 145.485900
200.145100 144.607400 197.643100 146.301200
202.692400 145.397600 200.122900 147.098100
205.249500 146.171900 202.648500 147.931200
207.860900 146.926000 205.235500 148.795500
210.549200 147.643600 207.902800 149.511500
213.300400 148.348200 210.629100 150.270900
216.084100 149.048900 213.393300 151.017300
218.860300 149.726200 216.178400 151.683300
221.644800 150.382100 218.941500 152.429900
224.412100 151.021800 221.733200 153.045100
227.167600 151.643200 224.460000 153.790000
229.918900 152.230300 227.189100 154.402600
232.689500 152.785800 229.940900 154.967500
235.449300 153.313200 232.701900 155.547300
238.199800 153.803200 235.452500 156.086800
240.934200 154.256400 238.174200 156.600700
243.668800 154.668400 240.914800 157.056800
246.368400 155.041200 243.620900 157.484700
249.069800 155.358200 246.314000 157.862800
251.725900 155.632800 248.966000 158.207400
254.402400 155.881300 251.637900 158.523000
257.042800 156.089700 254.281200 158.800500
259.660100 156.224000 256.909100 158.948300
262.271700 156.315800 259.512400 159.093400
264.865700 156.356900 262.116600 159.186500
267.459400 156.359600 264.699100 159.247200
270.039500 156.343700 267.284900 159.278400
272.588200 156.330000 269.842600 159.325500
275.056200 156.330100 272.339500 159.373500
277.448400 156.359600 274.762700 159.482100
279.738200 156.429500 277.080300 159.626100
281.938200 156.520200 279.313200 159.721400
284.012100 156.634000 281.428100 159.870200
285.967000 156.761600 283.414600 160.035700
287.810800 156.898300 285.292900 160.195300
289.549300 157.041600 287.054600 160.370500
291.199000 157.180400 288.734900 160.563800
292.759600 157.324200 290.318000 160.735200
294.237400 157.467800 291.813600 160.919300
295.702000 157.617000 293.264900 161.096500
297.209000 157.765400 294.751200 161.296700
298.767900 157.889400 296.290400 161.421800
300.432800 158.016900 297.915000 161.555300
302.189300 158.141600 299.635900 161.760400
304.038500 158.267800 301.448700 161.895900
305.995200 158.405700 303.371300 162.028400
308.048700 158.531900 305.383000 162.208900
310.174500 158.661100 307.488700 162.330400
312.381400 158.771100 309.657800 162.498900
314.676200 158.867600 311.922300 162.649300
317.037300 158.975500 314.253900 162.782400
319.477900 159.096700 316.660600 162.951100
321.983300 159.231700 319.139300 163.145300
324.556700 159.385400 321.687100 163.322500
327.199000 159.561700 324.301800 163.566600
329.888000 159.763100 326.970200 163.813500
332.606500 159.992500 329.677000 164.042000
335.346200 160.242300 332.406200 164.332300
338.087800 160.502200 335.126600 164.721000
340.808300 160.751300 337.856600 164.984900
343.520500 160.989100 340.561300 165.253300
346.223500 161.227200 343.263400 165.553000
348.906500 161.474100 345.946300 165.809100
351.590100 161.717700 348.625600 166.116400
354.273100 161.969400 351.300400 166.363000
356.966000 162.239900 353.972200 166.689800
359.666600 162.550200 356.628700 167.176200
362.375700 162.896300 359.323700 167.599100
365.062800 163.323000 361.985800 168.144600
367.727000 163.850800 364.614300 168.817100
370.348600 164.475400 367.222700 169.491600
372.964400 165.138700 369.830800 170.158800
375.599800 165.826700 372.442700 170.860500
378.229900 166.566100 375.059100 171.657000
380.801800 167.357500 377.630000 172.496800
383.318400 168.171800 380.141500 173.359600
385.808200 169.013900 382.633100 174.224400
388.246500 169.856400 385.064300 175.124700
390.650800 170.695000 387.484100 175.984800
393.014800 171.503500 389.848800 176.815900
395.404400 172.284100 392.184300 177.734600
397.780400 173.063700 394.531700 178.546700
400.205400 173.874000 396.926700 179.389500
402.725900 174.699400 399.327300 180.362200
405.238700 175.529800 401.853200 181.208900
407.810400 176.369600 404.416300 182.056300
410.380800 177.246300 406.980700 182.920700
412.944100 178.091800 409.544600 183.804100
415.502100 178.907300 412.123300 184.571300
417.987000 179.722000 414.627600 185.380600
420.400700 180.499000 417.078300 186.149200
422.723500 181.229600 419.398400 186.951600
424.970600 181.953100 421.633500 187.746000
427.191300 182.654700 423.837100 188.523200
429.364900 183.330700 425.994200 189.262400
431.542400 184.015100 428.118500 190.047900
433.709700 184.706100 430.279600 190.730400
435.894400 185.396800 432.460100 191.467700
437.987000 186.094800 434.553100 192.222600
439.976500 186.775400 436.563500 192.957400
441.889500 187.423200 438.488800 193.667000
443.709700 188.041300 440.328000 194.329900
445.449300 188.641500 442.074600 194.970000
447.056300 189.201200 443.718000 195.567200
448.590500 189.739900 445.257000 196.155800
450.015000 190.249300 446.659600 196.789500
451.352700 190.721500 448.003200 197.326400
452.596100 191.161200 449.261200 197.805100
453.710200 191.550200 450.027900 198.123200
454.731200 191.911400 451.084900 198.556500
455.653200 192.246800 451.746700 198.829900
456.505300 192.533700 452.678000 199.135400
457.319300 192.826200 453.535700 199.393700
458.109900 193.111500 454.340000 199.706200
458.896600 193.410900 455.124700 200.004300
459.697700 193.760100 455.895200 200.338200
460.531700 194.165900 456.690200 200.695300
461.370300 194.631800 457.494200 201.144000
462.158600 195.139900 458.304500 201.653500
462.899600 195.612800 459.069200 202.189100
463.586200 195.962000 459.841900 202.554000
464.354300 196.273600 460.541900 202.864400
465.139400 196.550800 461.321700 203.129400
465.948600 196.799800 462.120000 203.337700
466.714000 197.006300 462.945300 203.511000
467.409700 197.209000 463.702700 203.744900
468.004600 197.427000 464.366400 204.026700
468.491000 197.643300 464.931400 204.315500
468.884200 197.788300 465.408400 204.553400
469.204000 197.984300 465.731800 204.817800
469.473000 198.134800 465.931700 204.961100
469.708700 198.262200 466.190900 205.172200
469.857800 198.400100 466.332200 205.304400
469.984600 198.505100 466.391400 205.370900
470.093200 198.600100 466.514300 205.470900
