0 0.000118 0.014770 100.000000 12.195122
0 0.000098 0.016769 200.000000 15.384615
0 0.000127 0.019129 300.000000 17.543859
0 0.000129 0.023713 400.000000 19.138756
0 0.000060 0.048883 500.000000 20.325203
0 0.000050 0.043262 600.000000 21.126760
0 0.000071 0.037909 700.000000 21.806854
0 0.000070 0.031567 800.000000 22.284122
10 0.000076 0.017803 100.000000 12.987013
10 0.000127 0.018177 200.000000 16.129032
10 0.000120 0.021897 300.000000 18.181818
10 0.000164 0.030607 400.000000 19.704433
10 0.000057 0.049704 500.000000 20.833334
10 0.000048 0.043974 600.000000 21.582733
10 0.000068 0.037856 700.000000 22.222221
10 0.000069 0.031055 800.000000 22.662889
20 0.000071 0.017598 100.000000 13.888889
20 0.000116 0.018526 200.000000 16.949152
20 0.000119 0.021948 300.000000 18.867924
20 0.000158 0.030609 400.000000 20.304569
20 0.000039 0.048916 500.000000 21.367521
20 0.000050 0.043055 600.000000 22.140221
20 0.000064 0.035938 700.000000 22.653721
20 0.000070 0.029271 800.000000 23.121387
30 0.000035 0.015905 100.000000 14.925373
30 0.000105 0.017331 200.000000 17.857143
30 0.000102 0.020302 300.000000 19.607843
30 0.000101 0.031307 400.000000 21.052631
30 0.000033 0.046622 500.000000 22.026432
30 0.000057 0.040239 600.000000 22.641510
30 0.000069 0.033028 700.000000 23.178808
30 0.000076 0.026722 800.000000 23.529411
40 0.000023 0.013558 100.000000 16.129032
40 0.000086 0.013320 200.000000 18.867924
40 0.000080 0.016785 300.000000 20.408163
40 0.000092 0.038413 400.000000 21.739130
40 0.000042 0.043672 500.000000 22.624434
40 0.000065 0.037174 600.000000 23.166023
40 0.000080 0.030068 700.000000 23.648649
40 0.000087 0.024693 800.000000 23.952095
50 0.000028 0.011208 100.000000 17.241379
50 0.000094 0.011994 200.000000 19.801981
50 0.000064 0.015253 300.000000 21.276596
50 0.000050 0.040233 400.000000 22.471910
50 0.000057 0.042415 500.000000 23.148148
50 0.000077 0.035916 600.000000 23.715416
50 0.000083 0.028673 700.000000 24.054983
50 0.000093 0.024104 800.000000 24.316109
60 0.000055 0.009669 100.000000 18.518518
60 0.000102 0.011630 200.000000 20.618557
60 0.000056 0.016112 300.000000 21.897810
60 0.000024 0.044592 400.000000 22.988506
60 0.000055 0.042249 500.000000 23.696682
60 0.000084 0.035559 600.000000 24.096386
60 0.000086 0.028590 700.000000 24.475525
60 0.000090 0.024225 800.000000 24.691359
70 0.000089 0.010687 100.000000 19.230770
70 0.000103 0.013373 200.000000 21.276596
70 0.000094 0.016257 300.000000 22.556391
70 0.000030 0.052449 400.000000 23.529411
70 0.000059 0.042578 500.000000 24.154589
70 0.000093 0.035452 600.000000 24.489796
70 0.000093 0.028516 700.000000 24.822695
70 0.000091 0.024400 800.000000 25.000000
80 0.000149 0.013472 100.000000 20.408163
80 0.000148 0.017965 200.000000 21.978022
80 0.000142 0.021078 300.000000 23.255814
80 0.000056 0.054956 400.000000 24.096386
80 0.000059 0.045494 500.000000 24.509804
80 0.000088 0.037688 600.000000 24.896265
80 0.000085 0.030066 700.000000 25.089605
80 0.000088 0.025262 800.000000 25.316456
90 0.000166 0.012834 100.000000 21.276596
90 0.000148 0.018063 200.000000 22.471910
90 0.000198 0.029629 300.000000 23.809525
90 0.000050 0.054652 400.000000 24.539877
90 0.000073 0.045391 500.000000 24.875622
90 0.000086 0.036651 600.000000 25.210085
90 0.000090 0.029696 700.000000 25.362318
90 0.000092 0.025594 800.000000 25.477707
100 0.000189 0.015439 100.000000 21.739130
100 0.000122 0.020539 200.000000 23.255814
100 0.000134 0.043709 300.000000 24.390244
100 0.000051 0.054935 400.000000 24.844721
100 0.000075 0.045110 500.000000 25.252525
100 0.000091 0.035688 600.000000 25.423729
100 0.000097 0.028913 700.000000 25.547445
100 0.000091 0.025057 800.000000 25.723473
110 0.000178 0.008770 100.000000 22.222221
110 0.000077 0.015533 200.000000 23.809525
110 0.000023 0.056113 300.000000 24.793388
110 0.000083 0.051213 400.000000 25.157232
110 0.000102 0.041383 500.000000 25.510204
110 0.000105 0.032899 600.000000 25.641026
110 0.000110 0.028326 700.000000 25.830257
110 0.000101 0.026881 800.000000 25.889967
120 0.000138 0.007992 100.000000 22.727272
120 0.000116 0.010648 200.000000 24.096386
120 0.000049 0.064981 300.000000 25.210085
120 0.000093 0.049215 400.000000 25.477707
120 0.000128 0.039403 500.000000 25.773195
120 0.000122 0.032616 600.000000 25.862068
120 0.000116 0.030112 700.000000 25.925926
120 0.000121 0.030204 800.000000 25.974026
130 0.000166 0.010045 100.000000 23.255814
130 0.000207 0.029995 200.000000 24.691359
130 0.000066 0.065394 300.000000 25.423729
130 0.000101 0.049398 400.000000 25.641026
130 0.000128 0.039338 500.000000 25.906736
130 0.000120 0.033239 600.000000 25.974026
130 0.000120 0.031210 700.000000 26.119404
130 0.000133 0.032007 800.000000 26.143791
140 0.000151 0.005708 100.000000 23.809525
140 0.000112 0.039371 200.000000 25.000000
140 0.000101 0.063658 300.000000 25.641026
140 0.000139 0.047986 400.000000 25.974026
140 0.000142 0.039032 500.000000 26.041666
140 0.000139 0.035864 600.000000 26.086956
140 0.000132 0.036211 700.000000 26.217228
140 0.000147 0.037132 800.000000 26.229507
150 0.000115 0.005485 100.000000 23.809525
150 0.000046 0.064749 200.000000 25.641026
150 0.000153 0.063072 300.000000 25.862068
150 0.000162 0.047468 400.000000 26.143791
150 0.000154 0.039657 500.000000 26.178011
150 0.000155 0.037616 600.000000 26.200872
150 0.000133 0.039404 700.000000 26.315790
150 0.000158 0.040939 800.000000 26.315790
160 0.000092 0.005274 100.000000 25.000000
160 0.000088 0.081894 200.000000 25.974026
160 0.000152 0.062737 300.000000 26.086956
160 0.000182 0.047359 400.000000 26.315790
160 0.000163 0.040885 500.000000 26.315790
160 0.000155 0.039918 600.000000 26.315790
160 0.000152 0.041666 700.000000 26.415094
160 0.000163 0.048163 800.000000 26.402639
170 0.000143 0.003227 100.000000 25.641026
170 0.000116 0.094116 200.000000 26.315790
170 0.000167 0.062731 300.000000 26.315790
170 0.000193 0.048025 400.000000 26.315790
170 0.000170 0.043204 500.000000 26.455027
170 0.000162 0.043443 600.000000 26.431719
170 0.000151 0.046383 700.000000 26.415094
170 0.000168 0.099294 800.000000 26.490067
180 0.000108 0.076571 100.000000 25.641026
180 0.000132 0.094678 200.000000 26.315790
180 0.000192 0.063158 300.000000 26.548672
180 0.000183 0.049036 400.000000 26.490067
180 0.000173 0.044819 500.000000 26.455027
180 0.000160 0.045509 600.000000 26.548672
180 0.000176 0.045604 700.000000 26.515152
180 0.000167 0.100723 800.000000 26.490067
190 0.000037 0.128816 100.000000 26.315790
190 0.000208 0.095363 200.000000 26.315790
190 0.000204 0.063561 300.000000 26.548672
190 0.000184 0.049506 400.000000 26.490067
190 0.000181 0.044621 500.000000 26.455027
190 0.000152 0.045400 600.000000 26.548672
190 0.000178 0.046004 700.000000 26.515152
190 0.000170 0.106937 800.000000 26.490067
200 0.000104 0.179140 100.000000 26.315790
200 0.000239 0.095232 200.000000 26.315790
200 0.000250 0.064216 300.000000 26.548672
200 0.000215 0.052804 400.000000 26.490067
200 0.000188 0.050350 500.000000 26.455027
200 0.000184 0.051289 600.000000 26.431719
200 0.000190 0.062567 700.000000 26.515152
200 0.000134 0.117555 800.000000 26.402639
210 0.000415 0.136281 100.000000 25.641026
210 0.000366 0.071709 200.000000 26.315790
210 0.000333 0.056905 300.000000 26.315790
210 0.000270 0.058854 400.000000 26.490067
210 0.000236 0.063895 500.000000 26.455027
210 0.000239 0.066438 600.000000 26.431719
210 0.000222 0.117334 700.000000 26.415094
210 0.000161 0.124523 800.000000 26.402639
220 0.000439 0.113043 100.000000 25.641026
220 0.000343 0.058986 200.000000 26.315790
220 0.000287 0.049346 300.000000 26.315790
220 0.000255 0.052352 400.000000 26.315790
220 0.000216 0.057571 500.000000 26.455027
220 0.000220 0.058728 600.000000 26.431719
220 0.000206 0.112184 700.000000 26.415094
220 0.000145 0.118436 800.000000 26.315790
230 0.000320 0.075568 100.000000 25.641026
230 0.000253 0.037199 200.000000 26.315790
230 0.000209 0.034255 300.000000 26.315790
230 0.000190 0.036748 400.000000 26.315790
230 0.000163 0.040567 500.000000 26.455027
230 0.000189 0.041426 600.000000 26.431719
230 0.000178 0.104882 700.000000 26.415094
230 0.000108 0.103375 800.000000 26.315790
240 0.000234 0.010067 100.000000 25.641026
240 0.000265 0.003662 200.000000 25.974026
240 0.000209 0.014804 300.000000 26.315790
240 0.000183 0.024231 400.000000 26.315790
240 0.000175 0.031639 500.000000 26.315790
240 0.000190 0.057636 600.000000 26.431719
240 0.000120 0.102573 700.000000 26.315790
240 0.000096 0.095020 800.000000 26.229507
250 0.000329 0.008338 100.000000 25.641026
250 0.000281 0.009698 200.000000 25.974026
250 0.000224 0.022908 300.000000 26.315790
250 0.000191 0.032406 400.000000 26.315790
250 0.000205 0.032806 500.000000 26.315790
250 0.000192 0.098723 600.000000 26.315790
250 0.000124 0.105228 700.000000 26.315790
250 0.000101 0.098070 800.000000 26.229507
260 0.000214 0.021131 100.000000 25.641026
260 0.000201 0.004931 200.000000 25.974026
260 0.000182 0.011626 300.000000 26.315790
260 0.000151 0.019204 400.000000 26.315790
260 0.000175 0.020102 500.000000 26.315790
260 0.000165 0.094690 600.000000 26.315790
260 0.000098 0.099034 700.000000 26.315790
260 0.000076 0.090226 800.000000 26.143791
270 0.000251 0.025344 100.000000 25.641026
270 0.000178 0.005522 200.000000 25.974026
270 0.000160 0.008836 300.000000 26.315790
270 0.000142 0.016018 400.000000 26.315790
270 0.000175 0.017611 500.000000 26.315790
270 0.000095 0.111552 600.000000 26.315790
270 0.000083 0.097864 700.000000 26.217228
270 0.000063 0.088120 800.000000 26.143791
280 0.000304 0.013396 100.000000 25.641026
280 0.000191 0.006006 200.000000 25.974026
280 0.000163 0.012953 300.000000 26.315790
280 0.000168 0.019518 400.000000 26.315790
280 0.000176 0.089790 500.000000 26.315790
280 0.000100 0.112206 600.000000 26.315790
280 0.000076 0.099080 700.000000 26.217228
280 0.000062 0.088622 800.000000 26.058632
290 0.000177 0.007968 100.000000 25.641026
290 0.000150 0.006947 200.000000 25.974026
290 0.000141 0.012643 300.000000 26.315790
290 0.000169 0.010492 400.000000 26.315790
290 0.000160 0.109656 500.000000 26.315790
290 0.000083 0.110845 600.000000 26.200872
290 0.000060 0.097304 700.000000 26.119404
290 0.000051 0.086213 800.000000 26.058632
300 0.000158 0.005772 100.000000 25.641026
300 0.000164 0.005007 200.000000 25.974026
300 0.000113 0.010644 300.000000 26.315790
300 0.000168 0.008998 400.000000 26.315790
300 0.000152 0.119824 500.000000 26.315790
300 0.000073 0.109804 600.000000 26.200872
300 0.000049 0.095636 700.000000 26.119404
300 0.000045 0.084235 800.000000 26.058632
310 0.000096 0.008009 100.000000 25.641026
310 0.000109 0.005186 200.000000 25.974026
310 0.000117 0.006129 300.000000 26.086956
310 0.000151 0.007815 400.000000 26.315790
310 0.000067 0.129685 500.000000 26.178011
310 0.000051 0.108683 600.000000 26.200872
310 0.000034 0.093840 700.000000 26.022305
310 0.000035 0.082305 800.000000 26.058632
320 0.000070 0.007966 100.000000 25.641026
320 0.000100 0.005726 200.000000 25.974026
320 0.000093 0.005735 300.000000 26.086956
320 0.000146 0.135351 400.000000 26.315790
320 0.000063 0.129436 500.000000 26.178011
320 0.000042 0.108519 600.000000 26.086956
320 0.000028 0.093320 700.000000 26.022305
320 0.000036 0.081814 800.000000 26.058632
330 0.000136 0.005915 100.000000 25.641026
330 0.000123 0.007795 200.000000 25.974026
330 0.000168 0.009307 300.000000 26.086956
330 0.000152 0.135757 400.000000 26.143791
330 0.000065 0.129982 500.000000 26.178011
330 0.000044 0.109318 600.000000 26.086956
330 0.000037 0.093988 700.000000 26.022305
330 0.000037 0.082468 800.000000 26.058632
340 0.000174 0.009068 100.000000 25.641026
340 0.000095 0.006754 200.000000 25.974026
340 0.000172 0.010215 300.000000 26.086956
340 0.000160 0.148626 400.000000 26.143791
340 0.000055 0.129423 500.000000 26.178011
340 0.000035 0.108501 600.000000 25.974026
340 0.000034 0.093191 700.000000 26.022305
340 0.000028 0.081798 800.000000 26.058632
350 0.000086 0.010640 100.000000 25.641026
350 0.000125 0.009802 200.000000 25.974026
350 0.000164 0.059203 300.000000 26.086956
350 0.000056 0.161051 400.000000 26.143791
350 0.000032 0.129170 500.000000 26.041666
350 0.000024 0.107795 600.000000 25.974026
350 0.000027 0.092538 700.000000 25.925926
350 0.000024 0.081232 800.000000 26.143791
360 0.000105 0.008876 100.000000 25.641026
360 0.000181 0.017548 200.000000 25.974026
360 0.000164 0.180388 300.000000 26.086956
360 0.000058 0.161147 400.000000 26.143791
360 0.000038 0.129297 500.000000 26.041666
360 0.000023 0.107922 600.000000 25.862068
360 0.000031 0.092683 700.000000 26.022305
360 0.000026 0.081293 800.000000 26.143791
370 0.000070 0.011798 100.000000 25.641026
370 0.000157 0.023767 200.000000 25.974026
370 0.000145 0.180567 300.000000 26.086956
370 0.000042 0.160881 400.000000 25.974026
370 0.000024 0.128888 500.000000 25.906736
370 0.000020 0.107601 600.000000 25.862068
370 0.000025 0.092729 700.000000 26.022305
370 0.000018 0.081149 800.000000 26.143791
380 0.000049 0.013758 100.000000 25.641026
380 0.000188 0.023718 200.000000 25.974026
380 0.000162 0.197815 300.000000 26.086956
380 0.000032 0.160759 400.000000 25.974026
380 0.000022 0.128760 500.000000 25.906736
380 0.000022 0.107636 600.000000 25.862068
380 0.000019 0.092849 700.000000 26.022305
380 0.000019 0.081416 800.000000 26.143791
390 0.000157 0.015148 100.000000 25.641026
390 0.000209 0.140782 200.000000 25.974026
390 0.000050 0.214342 300.000000 26.086956
390 0.000028 0.160885 400.000000 25.974026
390 0.000026 0.128844 500.000000 25.773195
390 0.000023 0.107738 600.000000 25.862068
390 0.000022 0.092898 700.000000 26.022305
390 0.000022 0.081415 800.000000 26.143791
400 0.000279 0.044736 100.000000 25.641026
400 0.000199 0.270524 200.000000 25.974026
400 0.000051 0.214333 300.000000 25.862068
400 0.000029 0.160882 400.000000 25.806452
400 0.000025 0.128950 500.000000 25.773195
400 0.000026 0.107879 600.000000 25.862068
400 0.000024 0.092882 700.000000 26.119404
400 0.000030 0.081310 800.000000 26.229507
410 0.000264 0.042139 100.000000 25.641026
410 0.000195 0.270568 200.000000 25.974026
410 0.000045 0.214200 300.000000 25.862068
410 0.000029 0.160792 400.000000 25.806452
410 0.000026 0.129046 500.000000 25.773195
410 0.000023 0.108388 600.000000 25.974026
410 0.000024 0.093079 700.000000 26.119404
410 0.000031 0.081469 800.000000 26.229507
420 0.000318 0.038015 100.000000 25.641026
420 0.000057 0.321163 200.000000 25.641026
420 0.000040 0.214139 300.000000 25.862068
420 0.000037 0.160847 400.000000 25.641026
420 0.000028 0.129287 500.000000 25.773195
420 0.000028 0.108680 600.000000 25.974026
420 0.000021 0.093552 700.000000 26.119404
420 0.000034 0.081690 800.000000 26.143791
430 0.000223 0.385244 100.000000 25.641026
430 0.000072 0.321021 200.000000 25.641026
430 0.000067 0.214072 300.000000 25.641026
430 0.000064 0.161297 400.000000 25.641026
430 0.000042 0.130551 500.000000 25.773195
430 0.000039 0.110653 600.000000 25.974026
430 0.000022 0.095906 700.000000 26.119404
430 0.000026 0.084049 800.000000 26.143791
440 0.000160 0.524301 100.000000 25.641026
440 0.000113 0.313385 200.000000 25.641026
440 0.000093 0.209079 300.000000 25.641026
440 0.000085 0.157975 400.000000 25.641026
440 0.000058 0.128537 500.000000 25.773195
440 0.000055 0.109067 600.000000 26.086956
440 0.000022 0.094970 700.000000 26.119404
440 0.000021 0.083164 800.000000 26.143791
450 0.000133 0.576415 100.000000 25.000000
450 0.000121 0.313277 200.000000 25.641026
450 0.000106 0.209393 300.000000 25.641026
450 0.000083 0.159011 400.000000 25.641026
450 0.000069 0.130122 500.000000 25.773195
450 0.000058 0.110511 600.000000 26.086956
450 0.000024 0.096451 700.000000 26.119404
450 0.000016 0.084785 800.000000 26.058632
460 0.000293 0.625996 100.000000 25.000000
460 0.000165 0.313085 200.000000 25.316456
460 0.000133 0.209961 300.000000 25.423729
460 0.000090 0.160280 400.000000 25.641026
460 0.000082 0.131849 500.000000 25.906736
460 0.000046 0.112793 600.000000 26.086956
460 0.000019 0.098280 700.000000 26.119404
460 0.000018 0.086368 800.000000 25.974026
470 0.000296 0.155638 100.000000 25.000000
470 0.000188 0.077725 200.000000 25.316456
470 0.000137 0.055389 300.000000 25.423729
470 0.000086 0.048653 400.000000 25.641026
470 0.000075 0.046964 500.000000 25.906736
470 0.000043 0.045051 600.000000 26.086956
470 0.000012 0.041538 700.000000 26.119404
470 0.000011 0.037975 800.000000 25.889967
480 0.000321 0.103235 100.000000 25.000000
480 0.000197 0.052061 200.000000 25.316456
480 0.000137 0.041544 300.000000 25.423729
480 0.000094 0.042954 400.000000 25.641026
480 0.000086 0.041845 500.000000 26.041666
480 0.000036 0.041587 600.000000 26.086956
480 0.000014 0.037498 700.000000 26.119404
480 0.000016 0.035048 800.000000 25.806452
490 0.000345 0.051490 100.000000 25.000000
490 0.000216 0.031355 200.000000 25.316456
490 0.000142 0.036956 300.000000 25.423729
490 0.000110 0.042040 400.000000 25.806452
490 0.000089 0.043571 500.000000 26.041666
490 0.000037 0.043165 600.000000 26.200872
490 0.000022 0.039929 700.000000 26.022305
490 0.000015 0.044079 800.000000 25.723473
500 0.000053 0.008205 100.000000 25.000000
500 0.000061 0.006791 200.000000 25.000000
500 0.000025 0.010351 300.000000 25.423729
500 0.000030 0.014028 400.000000 25.806452
500 0.000018 0.014900 500.000000 26.041666
500 0.000041 0.012613 600.000000 26.200872
500 0.000029 0.008616 700.000000 25.925926
500 0.000077 0.089014 800.000000 25.559105
510 0.000076 0.011630 100.000000 25.000000
510 0.000067 0.007034 200.000000 25.000000
510 0.000016 0.013146 300.000000 25.423729
510 0.000036 0.015828 400.000000 25.974026
510 0.000019 0.016026 500.000000 26.178011
510 0.000041 0.012851 600.000000 26.086956
510 0.000046 0.009601 700.000000 25.830257
510 0.000094 0.143650 800.000000 25.396826
520 0.000065 0.013731 100.000000 24.390244
520 0.000048 0.007062 200.000000 25.000000
520 0.000018 0.014458 300.000000 25.641026
520 0.000040 0.014162 400.000000 25.974026
520 0.000030 0.014013 500.000000 26.178011
520 0.000040 0.009598 600.000000 26.086956
520 0.000060 0.006494 700.000000 25.735294
520 0.000112 0.159933 800.000000 25.236593
530 0.000082 0.009732 100.000000 24.390244
530 0.000035 0.009907 200.000000 25.000000
530 0.000045 0.014298 300.000000 25.641026
530 0.000037 0.015262 400.000000 25.974026
530 0.000042 0.013101 500.000000 26.178011
530 0.000041 0.008934 600.000000 26.086956
530 0.000069 0.038787 700.000000 25.641026
530 0.000109 0.159948 800.000000 25.078369
540 0.000061 0.006954 100.000000 24.390244
540 0.000020 0.011981 200.000000 25.316456
540 0.000041 0.015037 300.000000 25.862068
540 0.000032 0.014364 400.000000 26.143791
540 0.000061 0.010396 500.000000 26.178011
540 0.000047 0.005809 600.000000 25.974026
540 0.000101 0.114333 700.000000 25.454546
540 0.000113 0.159997 800.000000 24.844721
550 0.000093 0.013115 100.000000 24.390244
550 0.000017 0.018328 200.000000 25.316456
550 0.000046 0.018597 300.000000 26.086956
550 0.000035 0.016673 400.000000 26.315790
550 0.000063 0.011748 500.000000 26.178011
550 0.000063 0.007598 600.000000 25.862068
550 0.000118 0.170253 700.000000 25.362318
550 0.000114 0.159774 800.000000 24.464832
560 0.000047 0.017548 100.000000 24.390244
560 0.000034 0.021988 200.000000 25.641026
560 0.000041 0.016675 300.000000 26.086956
560 0.000050 0.014342 400.000000 26.315790
560 0.000060 0.008310 500.000000 26.178011
560 0.000081 0.005212 600.000000 25.751074
560 0.000137 0.182688 700.000000 25.179855
560 0.000121 0.160577 800.000000 24.024025
570 0.000029 0.017775 100.000000 25.000000
570 0.000037 0.017574 200.000000 25.974026
570 0.000040 0.015478 300.000000 26.315790
570 0.000062 0.010898 400.000000 26.315790
570 0.000060 0.006090 500.000000 26.178011
570 0.000094 0.052634 600.000000 25.641026
570 0.000132 0.182906 700.000000 25.000000
570 0.000124 0.162387 800.000000 23.598820
580 0.000058 0.016271 100.000000 25.000000
580 0.000059 0.016419 200.000000 25.974026
580 0.000060 0.013395 300.000000 26.315790
580 0.000089 0.008171 400.000000 26.490067
580 0.000072 0.005672 500.000000 26.041666
580 0.000127 0.133635 600.000000 25.531916
580 0.000137 0.183253 700.000000 24.734982
580 0.000124 0.165463 800.000000 23.054754
590 0.000109 0.015896 100.000000 25.641026
590 0.000070 0.013176 200.000000 26.315790
590 0.000080 0.010010 300.000000 26.548672
590 0.000100 0.005735 400.000000 26.315790
590 0.000094 0.006950 500.000000 26.041666
590 0.000153 0.206288 600.000000 25.316456
590 0.000145 0.183681 700.000000 24.305555
590 0.000122 0.168673 800.000000 22.662889
600 0.000116 0.023882 100.000000 25.641026
600 0.000062 0.013318 200.000000 26.315790
600 0.000084 0.010696 300.000000 26.548672
600 0.000083 0.007087 400.000000 26.315790
600 0.000106 0.009162 500.000000 25.773195
600 0.000163 0.213509 600.000000 25.104603
600 0.000144 0.184309 700.000000 23.809525
600 0.000120 0.170447 800.000000 22.222221
610 0.000073 0.020766 100.000000 25.641026
610 0.000058 0.016551 200.000000 26.666666
610 0.000083 0.011350 300.000000 26.548672
610 0.000067 0.007225 400.000000 26.143791
610 0.000113 0.072147 500.000000 25.641026
610 0.000150 0.213425 600.000000 24.793388
610 0.000136 0.186024 700.000000 23.178808
610 0.000102 0.171183 800.000000 21.798365
620 0.000089 0.020871 100.000000 26.315790
620 0.000067 0.016160 200.000000 26.666666
620 0.000103 0.009701 300.000000 26.548672
620 0.000083 0.006914 400.000000 25.974026
620 0.000151 0.177630 500.000000 25.380711
620 0.000153 0.213514 600.000000 24.390244
620 0.000133 0.188897 700.000000 22.653721
620 0.000083 0.171950 800.000000 21.505377
630 0.000150 0.021710 100.000000 26.315790
630 0.000075 0.018028 200.000000 26.666666
630 0.000094 0.010393 300.000000 26.315790
630 0.000096 0.006997 400.000000 25.806452
630 0.000169 0.255553 500.000000 25.000000
630 0.000151 0.213233 600.000000 23.904383
630 0.000123 0.190996 700.000000 22.082020
630 0.000077 0.171546 800.000000 21.164021
640 0.000124 0.014023 100.000000 26.315790
640 0.000076 0.013106 200.000000 26.666666
640 0.000066 0.007056 300.000000 26.086956
640 0.000105 0.006919 400.000000 25.477707
640 0.000178 0.255593 500.000000 24.752476
640 0.000151 0.214401 600.000000 23.166023
640 0.000119 0.193042 700.000000 21.538462
640 0.000077 0.171951 800.000000 20.725389
650 0.000103 0.009455 100.000000 26.315790
650 0.000147 0.007621 200.000000 26.315790
650 0.000095 0.012764 300.000000 25.862068
650 0.000163 0.134936 400.000000 25.157232
650 0.000191 0.256496 500.000000 24.271845
650 0.000165 0.218889 600.000000 22.471910
650 0.000119 0.196813 700.000000 21.084337
650 0.000093 0.174212 800.000000 20.304569
660 0.000097 0.012342 100.000000 26.315790
660 0.000157 0.007519 200.000000 25.974026
660 0.000119 0.008717 300.000000 25.641026
660 0.000199 0.254675 400.000000 24.844721
660 0.000189 0.256242 500.000000 23.809525
660 0.000154 0.221600 600.000000 21.818182
660 0.000100 0.196371 700.000000 20.771513
660 0.000153 0.166134 800.000000 19.851116
670 0.000211 0.008178 100.000000 25.641026
670 0.000171 0.012101 200.000000 25.974026
670 0.000174 0.014766 300.000000 25.210085
670 0.000243 0.320019 400.000000 24.390244
670 0.000201 0.257468 500.000000 23.041475
670 0.000163 0.225925 600.000000 21.201414
670 0.000108 0.198599 700.000000 20.348837
670 0.000118 0.172152 800.000000 19.417477
680 0.000234 0.007097 100.000000 25.641026
680 0.000152 0.012516 200.000000 25.641026
680 0.000180 0.062748 300.000000 24.793388
680 0.000239 0.320400 400.000000 23.952095
680 0.000201 0.259894 500.000000 22.222221
680 0.000147 0.228397 600.000000 20.689655
680 0.000106 0.198883 700.000000 19.886364
680 0.000175 0.169155 800.000000 19.093079
690 0.000199 0.007868 100.000000 25.641026
690 0.000078 0.008618 200.000000 25.316456
690 0.000197 0.237212 300.000000 24.390244
690 0.000204 0.319868 400.000000 23.529411
690 0.000173 0.261512 500.000000 21.459227
690 0.000103 0.226591 600.000000 20.202021
690 0.000086 0.195569 700.000000 19.444445
700 0.000204 0.005525 100.000000 25.000000
700 0.000142 0.005894 200.000000 24.691359
700 0.000240 0.382839 300.000000 24.000000
700 0.000206 0.319858 400.000000 22.857143
700 0.000161 0.265112 500.000000 20.833334
700 0.000099 0.226782 600.000000 19.867550
700 0.000147 0.187227 700.000000 18.970190
710 0.000123 0.006325 100.000000 25.000000
710 0.000156 0.005793 200.000000 24.390244
710 0.000263 0.426021 300.000000 23.622047
710 0.000200 0.320294 400.000000 21.978022
710 0.000152 0.266758 500.000000 20.161291
710 0.000093 0.226416 600.000000 19.417477
710 0.000083 0.190516 700.000000 18.567638
720 0.000072 0.005382 100.000000 24.390244
720 0.000172 0.156696 200.000000 23.809525
720 0.000234 0.425999 300.000000 23.076923
720 0.000194 0.322309 400.000000 21.164021
720 0.000126 0.268053 500.000000 19.607843
720 0.000087 0.225770 600.000000 18.987341
730 0.000019 0.008352 100.000000 23.809525
730 0.000211 0.399381 200.000000 23.529411
730 0.000207 0.425692 300.000000 22.556391
730 0.000166 0.324527 400.000000 20.304569
730 0.000089 0.266665 500.000000 19.230770
730 0.000039 0.221137 600.000000 18.518518
740 0.000068 0.013173 100.000000 23.809525
740 0.000262 0.617408 200.000000 22.988506
740 0.000208 0.425298 300.000000 21.739130
740 0.000148 0.327239 400.000000 19.704433
740 0.000079 0.266349 500.000000 18.867924
740 0.000087 0.211783 600.000000 18.072289
750 0.000194 0.006132 100.000000 23.255814
750 0.000325 0.639280 200.000000 22.471910
750 0.000226 0.426418 300.000000 20.833334
750 0.000160 0.330841 400.000000 19.047619
750 0.000089 0.268363 500.000000 18.518518
750 0.000188 0.223326 600.000000 17.751480
760 0.000277 0.313882 100.000000 22.727272
760 0.000317 0.639163 200.000000 21.978022
760 0.000235 0.429271 300.000000 20.000000
760 0.000141 0.333436 400.000000 18.604650
760 0.000090 0.269014 500.000000 18.050541
770 0.000441 0.799695 100.000000 22.222221
770 0.000320 0.639126 200.000000 21.505377
770 0.000228 0.433229 300.000000 19.230770
770 0.000114 0.334340 400.000000 18.181818
770 0.000044 0.266199 500.000000 17.605635
780 0.000450 1.191910 100.000000 21.739130
780 0.000271 0.638156 200.000000 20.833334
780 0.000173 0.434585 300.000000 18.518518
780 0.000085 0.330805 400.000000 17.857143
780 0.000308 0.252519 500.000000 17.241379
790 0.000477 1.278087 100.000000 21.276596
790 0.000245 0.637851 200.000000 19.801981
790 0.000149 0.434526 300.000000 17.964071
790 0.000066 0.328534 400.000000 17.543859
790 0.000062 0.261256 500.000000 16.891891
800 0.000421 1.097881 100.000000 20.833334
800 0.000232 0.549952 200.000000 18.867924
800 0.000118 0.375451 300.000000 17.441860
800 0.000066 0.282891 400.000000 17.167381
800 0.000174 0.224654 500.000000 16.666666
810 0.000262 0.653718 100.000000 20.408163
810 0.000159 0.328231 200.000000 18.018019
810 0.000080 0.222708 300.000000 17.142857
810 0.000049 0.167159 400.000000 16.806723
820 0.000151 0.256462 100.000000 19.607843
820 0.000072 0.128595 200.000000 17.241379
820 0.000098 0.084072 300.000000 16.853933
820 0.000576 0.052647 400.000000 16.393442
830 0.000069 0.009851 100.000000 18.518518
830 0.000053 0.007395 200.000000 16.666666
830 0.000119 0.008467 300.000000 16.574585
830 0.000114 0.033569 400.000000 16.129032
840 0.000025 0.010684 100.000000 17.241379
840 0.000068 0.010167 200.000000 16.129032
840 0.000125 0.012271 300.000000 16.304348
840 0.000130 0.041341 400.000000 15.873015
850 0.000083 0.009019 100.000000 16.393442
850 0.000109 0.006708 200.000000 15.873015
850 0.000111 0.012297 300.000000 15.957447
860 0.000121 0.009223 100.000000 15.625000
860 0.000187 0.007732 200.000000 15.625000
860 0.000109 0.014404 300.000000 15.625000
870 0.000115 0.009586 100.000000 14.925373
870 0.000198 0.012360 200.000000 15.503876
870 0.000614 0.024629 300.000000 15.384615
880 0.000133 0.010782 100.000000 14.705882
880 0.000200 0.014320 200.000000 15.503876
880 0.000180 0.047319 300.000000 15.306123
890 0.000145 0.012282 100.000000 14.705882
890 0.000188 0.017512 200.000000 15.625000
890 0.000099 0.052353 300.000000 15.306123
900 0.000165 0.012905 100.000000 14.925373
900 0.000193 0.020405 200.000000 15.625000
900 0.000174 0.057757 300.000000 15.306123
910 0.000224 0.012602 100.000000 14.925373
910 0.000174 0.022397 200.000000 15.503876
920 0.000293 0.013815 100.000000 15.384615
920 0.000153 0.024181 200.000000 15.503876
930 0.000329 0.015383 100.000000 15.625000
930 0.000429 0.025502 200.000000 15.503876
940 0.000299 0.018461 100.000000 15.873015
940 0.001016 0.046857 200.000000 15.384615
950 0.000304 0.019546 100.000000 16.129032
950 0.000212 0.067970 200.000000 15.384615
960 0.000290 0.025057 100.000000 16.129032
960 0.000273 0.082792 200.000000 15.384615
970 0.000205 0.025080 100.000000 15.873015
970 0.000276 0.080031 200.000000 15.384615
980 0.000095 0.021970 100.000000 15.625000
990 0.000564 0.020532 100.000000 15.151515
1000 0.001187 0.041399 100.000000 14.705882
1010 0.000186 0.100044 100.000000 14.492754
1020 0.000807 0.127637 100.000000 14.492754
1030 0.000775 0.128912 100.000000 14.705882
