0.000000 -0.000000 0.000000 0.000000
0.287920 2.986691 0.262639 2.978292
0.971569 5.887651 0.920407 5.883659
2.050498 8.646240 1.980536 8.643630
3.483068 11.215600 3.405295 11.208510
5.252124 13.530580 5.085239 13.576910
7.315983 15.554830 7.074098 15.655950
9.617499 17.248350 9.425325 17.258790
12.138440 18.605410 8.456973 17.199110
14.845670 19.655580 11.133190 18.372130
17.710960 20.442900 13.984490 19.256280
20.708720 20.958900 17.012330 19.823410
23.853650 21.214680 20.187490 20.151520
27.127230 21.215640 23.492530 20.318270
30.502910 21.029600 26.898320 20.219620
33.942320 20.718590 30.378820 19.962740
37.526800 20.278900 34.043280 19.594320
41.305500 19.746480 37.897800 19.150350
45.281370 19.137530 41.949120 18.588170
49.442010 18.473180 46.182290 17.974810
53.784140 17.768220 50.597450 17.345290
58.319700 17.046980 55.200030 16.676810
63.045640 16.314830 60.006580 16.043970
67.933580 15.564290 64.956300 15.439150
72.949570 14.807080 70.045150 14.868970
78.112070 14.037650 75.274250 14.261780
83.403150 13.249300 80.633360 13.713090
88.827470 12.428430 86.120210 12.982230
94.384170 11.569350 91.722750 12.139500
100.052700 10.639880 97.430590 11.287740
105.791000 9.611618 103.219600 10.337810
111.620600 8.486629 109.105300 9.352160
117.518200 7.246929 115.050600 8.228388
123.481700 5.883248 121.100200 7.152563
129.500400 4.402279 127.218000 5.969094
135.583700 2.806947 133.403600 4.704554
141.730400 1.132152 139.609800 3.145550
147.930500 -0.644931 145.862800 1.474293
154.181200 -2.533182 152.142300 -0.412847
160.473700 -4.525316 158.513700 -2.237574
166.825700 -6.614701 164.938500 -4.172045
173.224500 -8.806086 171.421200 -6.182279
179.671400 -11.085600 177.926900 -8.363317
186.169900 -13.447970 184.498300 -10.588670
192.708700 -15.908790 191.173200 -12.745840
199.295800 -18.474840 197.859000 -15.047410
205.877000 -21.127230 204.521700 -17.564040
212.474400 -23.878960 211.176300 -20.187070
219.085400 -26.695130 217.867000 -22.814320
225.674300 -29.566300 224.542000 -25.517820
232.258400 -32.511370 231.190700 -28.319340
238.826600 -35.515520 237.811200 -31.214550
245.357100 -38.591140 244.412700 -34.116970
251.842400 -41.746310 250.926400 -37.188820
258.295100 -44.977770 257.367000 -40.462220
264.734000 -48.300070 263.774100 -43.881560
271.174400 -51.720410 270.235100 -47.272610
277.658000 -55.253110 276.873100 -50.563240
284.188500 -58.892510 283.428300 -54.215000
290.770400 -62.649290 290.093500 -57.910190
297.421200 -66.505210 296.889600 -61.550830
304.114100 -70.451700 303.676000 -65.412720
310.871400 -74.512450 310.497200 -69.430060
317.638300 -78.729880 317.349500 -73.556810
324.412000 -83.100090 324.301900 -77.663490
331.147700 -87.570510 331.082700 -82.076360
337.838900 -92.151540 337.816500 -86.597850
344.489200 -96.836160 344.555400 -91.174080
351.109400 -101.590900 351.265200 -95.821030
357.680900 -106.441100 357.937100 -100.537000
364.205100 -111.363100 364.436900 -105.467900
370.654300 -116.349400 370.978400 -110.330600
377.044400 -121.373300 377.554100 -115.086100
383.353100 -126.497900 382.258000 -118.638500
389.648900 -131.627300 386.554500 -121.920400
395.838500 -136.824400 393.460300 -124.508700
401.977500 -142.068800 400.809500 -126.904100
408.063900 -147.386100 406.873300 -132.225800
414.119900 -152.725600 409.695100 -138.175000
420.140100 -158.070100 410.239900 -144.977400
426.135700 -163.442300 416.920700 -147.840600
432.096100 -168.831000 422.847100 -153.268900
438.042000 -174.202900 428.780800 -158.657400
444.039200 -179.520000 434.644900 -164.124500
450.064000 -184.791600 440.749500 -169.302500
456.158000 -189.992400 446.874100 -174.471300
462.246200 -195.183000 453.067600 -179.534900
468.350900 -200.337600 459.146400 -184.715800
474.468300 -205.478700 465.111400 -190.036600
480.606000 -210.588600 471.056400 -195.370300
486.757700 -215.677000 476.983300 -200.719800
492.916600 -220.757600 483.017400 -205.952300
499.072200 -225.827000 489.176300 -211.022300
505.239000 -230.914300 495.310600 -216.150100
511.393900 -235.996900 501.493700 -221.195200
517.549300 -241.076200 507.513200 -226.438700
523.710600 -246.155700 513.651200 -231.549800
529.865100 -251.222800 519.893800 -236.477400
536.037700 -256.292500 525.880500 -241.760700
542.213600 -261.366100 532.021300 -246.865200
548.376000 -266.436600 538.098400 -252.039700
554.549300 -271.525400 544.113100 -257.314700
560.720400 -276.614600 550.001500 -262.729900
566.895900 -281.702100 555.959200 -268.075400
573.077300 -286.787100 561.835700 -273.513300
579.254000 -291.852900 567.707200 -278.933600
585.438300 -296.913900 573.578500 -284.358800
591.610800 -301.938300 579.593000 -289.575100
597.802700 -306.948800 585.432400 -295.000500
604.002400 -311.952300 591.231000 -300.466000
610.204100 -316.963500 597.079900 -305.891900
616.401400 -321.978100 602.913900 -311.321300
622.606700 -326.989100 608.816300 -316.691600
628.813800 -331.994200 614.678600 -322.104400
635.032400 -336.999800 620.593100 -327.472300
641.237400 -341.988600 626.463300 -332.857100
647.445400 -346.968600 632.312700 -338.262900
653.662300 -351.935500 638.209700 -343.605800
659.877900 -356.880600 644.043800 -349.001800
666.112000 -361.828900 649.916300 -354.371200
672.350500 -366.769500 655.780800 -359.758800
678.587600 -371.720300 661.681600 -365.110800
684.819800 -376.684200 667.476000 -370.586500
691.040800 -381.648800 673.342800 -375.972600
697.271000 -386.614300 679.160800 -381.420600
703.506500 -391.568600 685.314000 -386.486000
709.744100 -396.517700 691.281200 -391.765600
715.983900 -401.433800 696.996000 -397.282700
722.229600 -406.329600 702.753600 -402.751000
728.498300 -411.207700 708.822900 -407.882200
734.766400 -416.073400 714.618800 -413.297000
741.047900 -420.934000 720.557800 -418.574000
747.328900 -425.791700 726.437500 -423.915700
753.611600 -430.654100 732.177300 -429.410300
759.909100 -435.497600 737.939400 -434.882100
766.234600 -440.329500 743.817400 -440.248500
772.573000 -445.140400 749.778100 -445.514000
778.917600 -449.932200 755.854500 -450.637500
785.270600 -454.711000 761.680900 -456.050400
791.604400 -459.487600 767.776300 -461.121600
797.914000 -464.271400 773.723400 -466.354000
804.202800 -469.044800 779.556100 -471.674800
810.490200 -473.819600 785.723800 -476.588600
816.791500 -478.590500 791.370700 -482.115100
823.116400 -483.340400 797.347800 -487.297800
829.464500 -488.061400 803.603900 -489.918500
835.854100 -492.776100 810.038900 -494.537200
842.262300 -497.485400 815.975200 -499.825200
848.682700 -502.196400 822.066100 -504.953600
855.114700 -506.913500 827.748200 -510.552500
861.557000 -511.637000 833.777800 -515.795600
868.011600 -516.355400 839.611400 -521.237300
874.441900 -521.049300 845.638900 -526.436900
880.882200 -525.706500 851.475600 -531.799100
887.323800 -530.307900 853.548900 -533.544400
893.755000 -534.861900 847.588700 -528.385900
900.174200 -539.374300 845.732100 -526.538200
906.591000 -543.848100 839.914900 -521.300400
912.989900 -548.291900 841.852700 -523.028000
919.400600 -552.731200 847.653800 -528.243900
925.806600 -557.125700 852.987400 -533.872700
932.226300 -561.535200 856.735100 -540.074000
938.632500 -565.932700 858.636900 -541.816100
945.057500 -570.322000 860.359500 -543.788900
951.507700 -574.710200 866.196400 -548.969300
957.980400 -579.074900 870.192700 -552.293600
964.464000 -583.424600 872.666700 -557.847800
970.963300 -587.758200 878.979300 -562.459000
977.455300 -592.093300 885.196300 -567.185000
983.961700 -596.421100 891.290500 -572.085200
990.461700 -600.766400 897.404400 -576.964800
996.966300 -605.096100 903.649300 -581.675800
1003.471000 -609.407800 909.801500 -586.494600
1009.973000 -613.695400 915.770000 -591.508000
1016.458000 -617.959200 921.973700 -596.198500
1022.925000 -622.217200 928.019800 -601.056900
1029.367000 -626.452700 934.106100 -605.812800
1035.804000 -630.641600 940.205000 -610.511300
1042.231000 -634.798800 945.958300 -615.552000
1048.656000 -638.946200 951.898200 -620.382400
1055.084000 -643.051500 957.616900 -625.429400
1061.525000 -647.144100 963.493200 -630.272400
1067.966000 -651.185500 969.658900 -634.756600
1074.401000 -655.235300 975.696300 -639.386500
1080.840000 -659.293400 981.778400 -643.949900
1087.270000 -663.328400 987.910600 -648.458000
1093.718000 -667.347400 993.868900 -653.172600
1100.195000 -671.340900 1000.040000 -657.630700
1106.668000 -675.317100 1006.210000 -662.068600
1113.157000 -679.272000 1012.507000 -666.334500
1119.659000 -683.201000 1018.775000 -670.641900
1126.198000 -687.131900 1024.842000 -675.247500
1132.753000 -691.046400 1031.212000 -679.456800
1139.341000 -694.955400 1037.484000 -683.851500
1145.954000 -698.852200 1043.864000 -688.123800
1152.585000 -702.740800 1050.293000 -692.344200
1159.229000 -706.637800 1056.720000 -696.586500
1165.886000 -710.538400 1063.090000 -700.943300
1172.562000 -714.459000 1069.502000 -705.283900
1179.271000 -718.394000 1076.006000 -709.642800
1186.021000 -722.344800 1082.406000 -713.999500
1192.784000 -726.294800 1088.962000 -718.307200
1199.585000 -730.258400 1095.528000 -722.645700
1206.417000 -734.212600 1102.117000 -727.003300
1213.283000 -738.159200 1108.604000 -731.534900
1220.173000 -742.105200 1115.325000 -735.754800
1227.101000 -746.027900 1121.934000 -740.187500
1234.074000 -749.929400 1128.673000 -744.471500
1241.082000 -753.823500 1135.503000 -748.646000
1248.123000 -757.717500 1142.309000 -752.926700
1255.209000 -761.611600 1149.097000 -757.302400
1262.318000 -765.501500 1156.057000 -761.428400
1269.473000 -769.393200 1163.207000 -765.239400
1276.670000 -773.287000 1170.137000 -769.560000
1283.885000 -777.170800 1176.837000 -774.283600
1291.103000 -781.040700 1183.751000 -778.686000
1298.329000 -784.899000 1190.719000 -782.996300
1305.561000 -788.742100 1197.772000 -787.166900
1312.794000 -792.571300 1204.727000 -791.471900
1320.032000 -796.384600 1211.719000 -795.740600
1327.287000 -800.172300 1218.742000 -799.928800
1334.542000 -803.950000 1225.711000 -804.221300
1341.797000 -807.723100 1232.662000 -808.540200
1349.058000 -811.481900 1239.659000 -812.768400
1356.319000 -815.232700 1246.594000 -817.102100
1363.568000 -818.960500 1253.563000 -821.348800
1370.797000 -822.663500 1260.535000 -825.524200
1378.014000 -826.342400 1267.518000 -829.650600
1385.241000 -830.002800 1274.579000 -833.605300
1392.473000 -833.639800 1281.590000 -837.647100
1399.712000 -837.258600 1288.589000 -841.713800
1406.940000 -840.856000 1295.569000 -845.787700
1414.145000 -844.419900 1302.473000 -849.935700
1421.338000 -847.958700 1309.368000 -854.032300
1428.540000 -851.473700 1316.276000 -858.085000
1435.735000 -854.974700 1323.166000 -862.165900
1442.936000 -858.462100 1330.034000 -866.265800
1450.116000 -861.922600 1336.963000 -870.209600
1457.288000 -865.353900 1343.785000 -874.307400
1464.432000 -868.758100 1350.625000 -878.318500
1471.550000 -872.135000 1357.393000 -882.364100
1478.642000 -875.485100 1364.180000 -886.302500
1485.696000 -878.796500 1370.919000 -890.238900
1492.712000 -882.085000 1377.631000 -894.144800
1499.686000 -885.346400 1384.251000 -898.091000
1506.608000 -888.579300 1390.889000 -901.900000
1513.510000 -891.787400 1397.454000 -905.786200
1520.388000 -894.966500 1403.948000 -909.694300
1527.242000 -898.117000 1410.341000 -913.715900
1534.067000 -901.240100 1416.755000 -917.632500
1540.873000 -904.334900 1423.325000 -921.210900
1547.641000 -907.393900 1429.775000 -924.935500
1554.374000 -910.425200 1436.262000 -928.395800
1561.071000 -913.426300 1442.614000 -932.092000
1567.716000 -916.424100 1448.869000 -935.848800
1574.331000 -919.426300 1454.973000 -939.783300
1580.910000 -922.431500 1461.286000 -943.341600
1587.477000 -925.449400 1467.700000 -946.670300
1593.998000 -928.484000 1474.026000 -950.099500
1600.456000 -931.552300 1480.154000 -953.805300
1606.851000 -934.653500 1486.235000 -957.513200
1613.177000 -937.795300 1492.244000 -961.260100
1619.446000 -940.960600 1498.153000 -965.071400
1625.639000 -944.138700 1503.946000 -968.967300
1631.780000 -947.302000 1509.491000 -973.093900
1637.876000 -950.461600 1515.116000 -977.045800
1643.920000 -953.598100 1512.713000 -976.857600
1649.931000 -956.702500 1506.659000 -973.804900
1655.907000 -959.742900 1500.488000 -971.114100
1661.857000 -962.732200 1494.297000 -968.661000
1667.828000 -965.652000 1488.400000 -965.631900
1673.786000 -968.517000 1482.854000 -962.017800
1679.740000 -971.331200 1477.246000 -958.532800
1685.682000 -974.128800 1479.073000 -959.743400
1691.585000 -976.910500 1473.460000 -956.382100
1697.460000 -979.678900 1471.542000 -955.350400
1703.321000 -982.431100 1469.665000 -954.287500
1709.144000 -985.145100 1475.031000 -957.836000
1714.950000 -987.831400 1480.395000 -961.328300
1720.748000 -990.466700 1485.697000 -964.879800
1726.528000 -993.063100 1490.950000 -968.457100
1732.261000 -995.615600 1496.175000 -971.994400
1737.915000 -998.126400 1501.325000 -975.455800
1743.475000 -1000.590000 1506.406000 -978.863300
1748.971000 -1002.990000 1511.429000 -982.205100
1754.388000 -1005.375000 1516.426000 -985.424900
1759.751000 -1007.751000 1521.333000 -988.667200
1764.998000 -1010.123000 1526.135000 -991.918200
1770.113000 -1012.467000 1530.827000 -995.115100
1775.097000 -1014.785000 1535.430000 -998.192000
1779.954000 -1017.080000 1539.878000 -1001.285000
1784.649000 -1019.347000 1544.169000 -1004.351000
1789.178000 -1021.604000 1548.297000 -1007.365000
1793.508000 -1023.881000 1552.230000 -1010.384000
1797.645000 -1026.269000 1555.975000 -1013.425000
1801.573000 -1028.814000 1559.479000 -1016.578000
1805.302000 -1031.525000 1562.676000 -1019.889000
1808.823000 -1034.439000 1565.564000 -1023.440000
1812.120000 -1037.563000 1568.415000 -1026.985000
1815.169000 -1040.921000 1570.916000 -1030.776000
1817.931000 -1044.484000 1573.099000 -1034.747000
1820.326000 -1048.207000 1574.916000 -1038.868000
1822.465000 -1052.152000 1576.416000 -1043.115000
1824.255000 -1056.260000 1577.516000 -1047.460000
1825.688000 -1060.491000 1578.179000 -1051.839000
1826.758000 -1064.825000 1578.522000 -1056.304000
1827.464000 -1069.230000 1578.502000 -1060.785000
1827.812000 -1073.687000 1578.175000 -1065.258000
1827.812000 -1078.165000 1577.445000 -1069.690000
1827.468000 -1082.643000 1579.336000 -1072.964000
1826.704000 -1087.072000 1577.741000 -1077.203000
1825.633000 -1091.489000 1577.592000 -1079.099000
1824.183000 -1095.811000 1575.320000 -1083.056000
1822.357000 -1099.995000 1574.456000 -1084.353000
1820.139000 -1103.994000 1572.973000 -1085.156000
1817.589000 -1107.799000 1574.438000 -1084.606000
1814.723000 -1111.351000 1570.806000 -1087.403000
1811.551000 -1114.626000 1569.722000 -1088.414000
1808.088000 -1117.606000 1566.333000 -1091.483000
1804.284000 -1120.246000 1562.420000 -1093.765000
1800.315000 -1122.623000 1558.357000 -1095.802000
1796.124000 -1124.692000 1553.891000 -1096.875000
1791.742000 -1126.471000 1549.225000 -1097.523000
1787.194000 -1127.955000 1544.615000 -1098.805000
1782.506000 -1129.180000 1540.046000 -1100.352000
1777.702000 -1130.193000 1535.393000 -1101.847000
1772.797000 -1131.038000 1530.692000 -1103.407000
1767.796000 -1131.740000 1525.902000 -1104.862000
1762.736000 -1132.348000 1520.991000 -1106.207000
1757.655000 -1132.885000 1516.012000 -1107.343000
1752.565000 -1133.366000 1511.043000 -1108.560000
1747.458000 -1133.818000 1506.079000 -1109.807000
1742.342000 -1134.251000 1501.102000 -1111.066000
1737.220000 -1134.667000 1496.113000 -1112.298000
1732.115000 -1135.064000 1491.090000 -1113.363000
1727.075000 -1135.441000 1486.116000 -1114.387000
1722.082000 -1135.788000 1481.243000 -1115.570000
1717.161000 -1136.086000 1476.417000 -1116.733000
1712.341000 -1136.271000 1471.651000 -1117.688000
1707.613000 -1136.285000 1466.969000 -1118.473000
1703.031000 -1136.085000 1462.379000 -1119.002000
1698.586000 -1135.613000 1457.884000 -1119.155000
1694.241000 -1134.791000 1453.416000 -1119.028000
1689.991000 -1133.671000 1449.023000 -1118.544000
1685.870000 -1132.171000 1444.723000 -1117.641000
1681.961000 -1130.284000 1440.568000 -1116.305000
1678.306000 -1127.996000 1436.619000 -1114.560000
1674.826000 -1125.267000 1435.493000 -1116.756000
1671.787000 -1122.274000 1431.965000 -1114.339000
1669.099000 -1118.972000 1428.691000 -1111.610000
1666.783000 -1115.408000 1425.730000 -1108.400000
1664.817000 -1111.609000 1424.565000 -1104.779000
1663.209000 -1107.637000 1423.049000 -1100.981000
1661.958000 -1103.507000 1421.768000 -1097.045000
1661.115000 -1099.284000 1422.276000 -1092.853000
1660.724000 -1094.939000 1419.072000 -1091.519000
1660.665000 -1090.516000 1419.999000 -1087.556000
1661.140000 -1086.159000 1420.569000 -1085.715000
1662.049000 -1081.841000 1418.638000 -1084.352000
1663.374000 -1077.556000 1417.091000 -1080.612000
1665.055000 -1073.325000 1416.726000 -1076.517000
1667.040000 -1069.131000 1417.145000 -1072.851000
1669.233000 -1064.989000 1419.263000 -1068.683000
1671.640000 -1060.840000 1418.982000 -1065.216000
1674.135000 -1056.683000 1421.268000 -1060.957000
1676.716000 -1052.451000 1423.483000 -1056.535000
1679.381000 -1048.145000 1425.925000 -1052.167000
