0.000000 -0.000000 0.000000 0.000000
-0.140643 2.574964 0.015956 2.578176
-0.281220 5.148987 -0.099565 5.155655
-0.421837 7.724036 -0.192944 7.733472
-0.562431 10.298960 -0.352766 10.307670
-0.701879 12.869650 -0.498333 12.881860
-0.854664 15.479570 -0.644416 15.521760
-1.011589 18.173180 -0.804973 18.237320
-1.171840 20.913680 -0.995247 20.992730
-1.334841 23.709530 -1.165820 23.804100
-1.487044 26.544710 -1.239141 26.650140
-1.633363 29.422930 -1.390280 29.552810
-1.768976 32.357140 -1.578153 32.488610
-1.929780 35.330970 -1.772136 35.541070
-2.126953 38.471510 -1.975522 38.659870
-2.329940 41.561110 -2.169090 41.741380
-2.535885 44.597900 -2.425565 44.754180
-2.728914 47.592750 -2.659947 47.733220
-2.937935 50.537730 -2.924009 50.669300
-3.130185 53.464980 -3.184680 53.574480
-3.310922 56.350390 -3.391061 56.458050
-3.511313 59.225400 -3.638681 59.307960
-3.703384 62.006320 -3.884413 62.055130
-3.912602 64.697860 -4.168862 64.698890
-4.114442 67.264550 -4.376562 67.225790
-4.313021 69.714240 -4.618366 69.636710
-4.514875 72.037350 -4.892221 71.889350
-4.709494 74.175390 -5.153649 73.966700
-4.891889 76.138280 -5.401339 75.858300
-5.039038 77.925340 -5.573440 77.602230
-5.159772 79.592300 -5.685213 79.229990
-5.235209 81.135380 -5.724491 80.731120
-5.207469 82.555940 -5.726037 82.120470
-5.029560 83.885300 -5.446201 83.399400
-4.680938 85.118200 -5.008454 84.580080
-4.130089 86.200010 -4.515425 85.667910
-3.393066 87.095580 -3.820173 86.567480
-2.508137 87.820100 -2.986812 87.349560
-1.511055 88.343490 -2.009899 87.914290
-0.450022 88.747950 -0.960739 88.368950
0.676345 89.023150 0.153385 88.688030
1.832910 89.277150 1.325500 88.963770
3.089762 89.418990 2.617363 89.135440
4.475771 89.556060 4.034861 89.321000
5.974572 89.621010 5.571422 89.452980
7.614093 89.671530 7.260440 89.564210
9.420230 89.707860 9.120022 89.633350
11.388370 89.721450 11.130940 89.753410
13.505010 89.738680 13.298380 89.717120
15.773680 89.805260 15.614790 89.816510
18.156510 89.929480 18.004510 90.066780
20.581930 90.082780 20.438610 90.283130
23.034320 90.227690 22.883160 90.513810
25.478370 90.365000 25.305880 90.799430
27.909920 90.499220 27.731420 90.959820
30.340320 90.588890 30.142990 91.159730
32.740690 90.598330 32.529750 91.246600
35.110390 90.529620 34.884920 91.267980
37.430830 90.386730 37.191030 91.272350
39.683630 90.176290 39.430660 91.246400
41.863240 89.910310 41.593180 91.043130
43.959460 89.634420 43.659040 90.872850
45.922800 89.378560 45.573710 90.689960
47.726310 89.193250 47.322920 90.613840
49.366470 89.121130 48.927010 90.584900
50.939410 89.191540 50.487740 90.725530
52.464070 89.450930 51.981930 91.093210
53.889450 89.945260 53.375560 91.595560
55.133190 90.660970 54.397870 92.489100
56.158450 91.620300 55.408390 93.461590
56.967930 92.764920 56.214010 94.614980
57.539920 94.061200 56.763800 95.935380
57.927200 95.446880 57.140590 97.345750
58.277310 96.884370 57.500130 98.797140
58.589460 98.403450 57.775860 100.352100
58.940360 100.002400 58.118560 101.982400
59.343230 101.692600 58.518060 103.717800
59.798800 103.499800 58.983510 105.561400
60.309140 105.392300 59.472450 107.479700
60.819120 107.363700 59.969240 109.503300
61.355080 109.477800 60.448580 111.662000
61.874140 111.669200 60.959390 113.887000
62.417580 113.964900 61.507440 116.220700
62.973720 116.373200 62.070450 118.657100
63.512460 118.836400 62.617970 121.127100
64.057360 121.342700 63.194680 123.637700
64.655860 123.876700 63.765720 126.189900
65.262090 126.422600 64.403960 128.729500
65.864770 128.941000 64.964120 131.219300
66.510510 131.382800 65.564270 133.707600
67.135460 133.867500 66.129270 136.156100
67.748220 136.262500 66.705050 138.573100
68.311480 138.668800 67.250540 140.981000
68.830800 141.066900 67.728840 143.373800
69.359830 143.451000 68.215460 145.749100
69.844620 145.829800 68.649770 148.153200
70.257380 148.240700 69.021620 150.554700
70.634070 150.615300 69.387080 152.944700
70.952630 153.048800 69.699310 155.375600
71.236680 155.482600 69.915380 157.829900
71.430750 157.958600 70.109430 160.301100
71.592060 160.420500 70.304950 162.756100
71.705560 162.889100 70.375410 165.247500
71.811250 165.386800 70.466270 167.720800
71.901490 167.846500 70.551420 170.199400
71.944200 170.358200 70.626700 172.718000
71.944230 172.867000 70.640850 175.215800
71.880770 175.411200 70.552320 177.782600
71.759300 177.947700 70.416240 180.301200
71.629380 180.489300 70.292820 182.866900
71.495820 183.069400 70.203230 185.436300
71.389860 185.611000 70.065140 187.988800
71.229200 188.181800 69.859960 190.534400
71.075770 190.694700 69.674010 193.048600
70.908190 193.208300 69.494030 195.552200
70.732240 195.676300 69.284630 197.998700
70.587330 197.902600 69.123850 200.115300
70.462020 200.022200 68.981440 202.233500
70.336670 202.141700 68.815230 204.349200
70.211280 204.261000 68.673110 206.466400
70.085900 206.379000 68.545830 208.584100
69.986060 208.445300 68.535040 210.592300
70.007780 210.375700 68.527760 212.513700
70.026080 212.295900 68.545560 214.444400
70.017620 214.252400 68.533800 216.402000
70.013230 216.217200 68.550210 218.391600
69.972110 218.270700 68.502820 220.462100
69.934360 220.317400 68.446900 222.468400
69.972850 222.305500 68.421930 224.490900
69.981630 224.353700 68.336190 226.527000
69.981870 226.399100 68.275120 228.589500
69.949190 228.454500 68.151410 230.622600
69.907170 230.454300 68.051800 232.608100
69.859830 232.418200 68.003070 234.537200
69.810200 234.247600 67.924820 236.313400
69.754960 235.896800 67.909740 237.911600
69.602960 237.437200 67.737300 239.439100
69.315000 238.920100 67.416200 240.894800
68.846420 240.276600 66.871450 242.201500
68.166090 241.479400 65.965890 243.216000
67.318270 242.492800 65.075550 244.161500
66.332240 243.344200 64.085550 244.978100
65.260110 243.991900 63.019410 245.599100
64.140300 244.474300 61.896200 246.109400
62.867510 244.772700 60.588490 246.430200
61.458940 244.926000 59.143950 246.563100
59.947420 244.952000 57.603490 246.602600
58.335370 244.902100 55.954490 246.509000
56.595980 244.824000 54.160820 246.502500
54.694040 244.743800 52.197450 246.500100
52.650420 244.604800 50.106960 246.476700
50.451970 244.390700 47.819220 246.475100
48.058070 244.235000 45.370700 246.454100
45.515050 244.100900 42.791510 246.414500
42.921790 243.969200 40.196220 246.388300
40.316590 243.840300 37.580040 246.328400
37.706940 243.722400 34.959000 246.266700
35.094890 243.629800 32.352500 246.144000
32.472950 243.489000 29.714190 246.004300
29.851950 243.348200 27.106440 245.898700
27.264200 243.258500 24.532400 245.814700
24.724050 243.174900 21.996370 245.780000
22.210390 243.091000 19.495390 245.758900
19.736330 242.979500 17.038980 245.684100
17.311070 242.850400 14.613040 245.606000
14.901790 242.682800 12.212380 245.514500
12.542000 242.455300 9.866397 245.389000
10.258080 242.218100 7.608358 245.187300
8.077281 241.997300 5.467555 245.063600
6.032146 241.805400 3.455616 244.984500
4.114420 241.647100 1.579965 244.916300
2.325909 241.523700 -0.167249 244.917400
0.684853 241.422100 -1.758728 244.869500
-0.804697 241.361800 -3.196767 244.885400
-2.147061 241.322400 -4.489947 244.887100
-3.335045 241.321100 -5.263299 244.881700
-4.362696 241.347700 -5.964876 244.923800
-5.195608 241.375100 -6.289543 244.932900
-5.787975 241.411000 -6.868384 244.978000
-6.148943 241.435700 -7.117342 245.020900
-6.347609 241.453500 -7.117342 245.020900
-6.441034 241.457400 -7.345424 245.027000
-6.441440 241.456100 -7.345424 245.027000
-6.439927 241.462600 -7.345424 245.027000
-6.440440 241.482800 -7.345424 245.027000
-6.480607 241.498100 -7.345424 245.027000
-6.560264 241.507700 -7.345424 245.027000
-6.742488 241.516100 -7.540074 245.026900
-7.099251 241.541700 -7.710558 245.033500
-7.627305 241.597900 -7.858099 245.045500
-8.293171 241.705000 -8.058643 245.108300
-9.050632 241.890800 -8.131118 245.130500
-9.863606 242.207700 -8.225925 245.252700
-10.727660 242.661600 -8.276323 245.279200
-11.566170 243.294100 -8.283334 245.284600
-12.317670 244.121800 -8.292446 245.295300
-12.969870 245.164100 -8.307120 245.318200
-13.469580 246.441200 -8.330164 245.369500
-13.828110 247.877300 -8.351653 245.468900
-14.057520 249.558000 -8.389869 245.703400
-14.176210 251.405900 -8.494533 245.995100
-14.264690 253.405000 -8.508478 246.577200
-14.328890 255.544200 -8.511874 247.295600
-14.399650 257.837600 -8.527681 248.103700
-14.471380 260.263200 -8.525745 249.011400
-14.561590 262.807800 -8.563402 250.016400
-14.652820 265.491700 -8.557174 251.095600
-14.739760 268.254400 -8.522081 252.203500
-14.858340 271.134800 -8.523816 253.481000
-14.973530 274.134700 -8.570799 254.905100
-15.069550 277.175700 -8.605348 256.472500
-15.175210 280.293600 -8.673242 258.227300
-15.297230 283.446400 -8.725966 260.117700
-15.436590 286.619600 -8.783239 262.161500
-15.585790 289.810900 -8.821129 264.346400
-15.736240 292.959600 -8.926747 266.685500
-15.885310 296.071900 -9.026433 269.143600
-16.046970 299.165600 -9.156947 271.736700
-16.219660 302.246300 -9.286738 274.445200
-16.389710 305.314100 -9.404190 277.235600
-16.559690 308.378300 -9.548285 280.155400
-16.709350 311.458900 -9.659714 283.172600
-16.839300 314.563300 -9.767063 286.235700
-16.972270 317.709200 -9.890398 289.370000
-17.118400 320.893100 -10.002980 292.516600
-17.281700 324.127200 -10.067670 295.704500
-17.454380 327.375400 -10.135560 298.884900
-17.614190 330.593900 -10.198290 302.017800
-17.775860 333.802500 -10.353730 305.124600
-17.959610 336.995200 -10.456130 308.210800
-18.128440 340.134300 -10.576320 311.293700
-18.295640 343.191900 -10.697600 314.354500
-18.453080 346.169000 -10.767200 317.420800
-18.632610 349.056200 -10.915710 320.507500
-18.817710 351.841100 -11.061940 323.617400
-18.986450 354.488400 -11.189350 326.775100
-19.124870 356.982400 -11.238040 329.971300
-19.220930 359.289500 -11.394170 333.215200
-19.310450 361.377700 -11.589430 336.452000
-19.390050 363.254000 -11.552420 339.662600
-19.458340 364.945900 -11.464930 342.858100
-19.552440 366.417400 -11.712420 346.018900
-19.716910 367.755600 -12.076690 349.112000
-19.992010 369.044200 -12.572720 352.099000
-20.413100 370.267200 -13.564340 354.863600
-20.994480 371.390500 -14.968540 357.348900
-21.767920 372.412000 -16.951790 358.802700
-22.740410 373.381300 -18.991860 360.161600
-23.931400 374.199500 -21.034360 361.397200
-25.311900 374.775400 -22.981600 362.485400
-26.849130 375.102700 -24.895330 363.108400
-28.541320 375.088500 -26.709890 363.241700
-30.331610 374.930400 -28.326930 363.222600
-32.178580 374.714400 -29.750540 363.187600
-34.124600 374.519300 -31.084740 363.191200
-36.192510 374.312000 -32.401970 363.181100
-38.360350 374.089000 -33.690340 363.179700
-40.674090 373.890900 -34.956010 363.196700
-43.125350 373.717400 -36.274580 363.242600
-45.733890 373.570600 -37.675590 363.299400
-48.422050 373.450300 -39.139190 363.372300
-51.153580 373.336900 -40.651920 363.444000
-53.919190 373.217300 -42.266260 363.505900
-56.668140 373.082400 -43.985470 363.585900
-59.399580 372.949600 -45.817690 363.648400
-62.128270 372.797100 -47.690890 363.635100
-64.827270 372.599800 -49.698750 363.659400
-67.509200 372.402100 -51.805070 363.704800
-70.186170 372.208700 -54.023850 363.774900
-72.845340 372.028400 -56.395850 363.790000
-75.495320 371.886100 -58.903190 363.873300
-78.116050 371.787300 -61.554830 363.949600
-80.717850 371.718500 -64.255350 364.083700
-83.311780 371.694800 -66.999540 364.304200
-85.842710 371.709900 -69.747470 364.605800
-88.215690 371.734100 -72.477600 364.941300
-90.402660 371.755300 -75.196900 365.183500
-92.376860 371.747200 -77.916340 365.421100
-94.181170 371.700000 -80.612960 365.562100
-95.954170 371.610100 -83.298780 365.726200
-97.692900 371.484000 -85.970280 365.821300
-99.428840 371.332400 -88.635970 365.858800
-101.212400 371.150100 -91.275720 365.760100
-103.049100 370.929900 -93.887170 365.588000
-104.963700 370.712900 -96.487000 365.523300
-106.999900 370.469800 -99.072270 365.510600
-109.147400 370.218500 -101.555700 365.467100
-111.413900 369.990500 -103.870100 365.431700
-113.850400 369.787500 -105.985600 365.352500
-116.381500 369.587900 -107.886300 365.375600
-119.079000 369.402000 -109.663800 365.507400
-121.870500 369.312400 -111.424600 365.643600
-124.798000 369.251000 -113.152700 365.811900
-127.749200 369.222000 -114.901000 365.966800
-130.738100 369.191300 -116.708100 366.119000
-133.724900 369.151000 -118.572900 366.266900
-136.693200 369.116700 -120.531700 366.422400
-139.640200 369.026200 -122.625600 366.557200
-142.545400 368.909400 -124.803300 366.658500
-145.452900 368.800400 -127.165800 366.780200
-148.326000 368.653700 -129.622100 366.856300
-151.184500 368.483700 -132.234000 366.968700
-154.029500 368.306700 -134.955000 367.030600
-156.834000 368.110800 -137.810400 367.070800
-159.601600 367.929800 -140.742000 367.130400
-162.352900 367.769700 -143.709400 367.222900
-165.025300 367.622800 -146.704600 367.232300
-167.587100 367.473600 -149.678300 367.280100
-169.989700 367.347100 -152.653700 367.382500
-172.229800 367.237400 -155.576900 367.490500
-174.255000 367.118500 -158.485700 367.565400
-176.113500 366.976300 -161.394000 367.587500
-177.851600 366.825100 -164.255600 367.573300
-179.482200 366.619100 -167.121800 367.456200
-181.041000 366.257200 -169.946400 367.171700
-182.506900 365.700900 -172.611300 366.311300
-183.830900 364.922700 -175.082400 365.082600
-184.967900 363.901900 -177.258800 363.419600
-185.900600 362.645300 -178.970100 361.415000
-186.575700 361.163300 -180.217000 359.224700
-186.999600 359.497900 -180.908700 357.000100
-187.152300 357.675600 -181.334500 354.861300
-187.206000 355.773500 -181.597600 352.923400
-187.197400 353.800900 -181.771400 351.108900
-187.078300 351.712900 -181.858300 349.405800
-186.904300 349.515700 -181.904400 347.780900
-186.700200 347.199500 -181.944100 346.189500
-186.441500 344.761700 -181.943700 344.632200
-186.138100 342.245600 -181.922700 343.105400
-185.836200 339.600700 -181.910300 341.570000
-185.558800 336.870000 -181.906500 339.928500
-185.300200 334.088400 -181.915400 338.270400
-185.053400 331.295700 -181.940500 336.536300
-184.825700 328.513100 -181.983600 334.705100
-184.626700 325.706700 -182.069200 332.779400
-184.418100 322.895600 -182.145900 330.775400
-184.219300 320.049800 -182.243600 328.650300
-184.077900 317.187100 -182.395300 326.415600
-183.933200 314.300800 -182.530400 324.052800
-183.761600 311.460200 -182.652700 321.581200
-183.601800 308.616200 -182.762100 319.010500
-183.458100 305.794900 -182.890300 316.316900
-183.343100 303.000200 -183.013700 313.561200
-183.261300 300.211900 -183.218400 310.766400
-183.178800 297.450000 -183.407200 307.980600
-183.090500 294.684900 -183.573600 305.180500
-182.927300 291.908300 -183.663400 302.377600
-182.766600 289.099200 -183.759900 299.548800
-182.613800 286.267300 -183.897500 296.692500
-182.441900 283.385600 -184.009000 293.823700
-182.300400 280.490600 -184.174400 290.952500
-182.149900 277.557000 -184.276400 288.114900
-182.001400 274.627800 -184.388600 285.275600
-181.823500 271.689000 -184.534900 282.466100
-181.638500 268.767800 -184.647800 279.685700
-181.424600 265.787800 -184.715100 276.899100
-181.219800 262.838200 -184.823400 274.140400
-181.009300 259.844900 -184.846400 271.376900
-180.770400 256.828000 -184.909700 268.585000
-180.561000 253.860400 -184.994700 265.777300
-180.372700 250.908200 -185.122300 262.918100
-180.191000 247.979500 -185.211400 260.037200
-180.025600 245.104800 -185.301500 257.121200
-179.890000 242.301100 -185.482800 254.194000
-179.765100 239.629200 -185.608700 251.264500
-179.603400 237.077700 -185.665600 248.319200
-179.486600 234.610600 -185.753000 245.379400
-179.426200 232.293500 -185.974500 242.410700
-179.384800 230.153000 -186.159200 239.459400
-179.372900 228.203000 -186.454100 236.448200
-179.353200 226.445600 -186.615300 233.452800
-179.284500 224.889700 -186.812600 230.494800
-179.159500 223.520400 -186.701400 227.544600
-178.892900 222.222300 -186.344700 224.656800
-178.440800 221.019500 -185.580400 221.905300
-177.799300 219.912400 -184.422400 219.395900
-176.993100 218.868700 -183.015200 217.173900
-175.953700 217.908600 -181.309800 215.316000
-174.646400 217.098800 -179.370500 213.860800
-173.037500 216.423500 -177.412200 212.731300
-171.242400 215.987700 -175.466900 212.007700
-169.251700 215.748100 -173.624500 211.609300
-167.160900 215.651300 -171.948100 211.360500
-164.983800 215.579200 -170.474600 211.181700
-162.753200 215.542200 -169.133600 211.045500
-160.419600 215.517400 -167.805000 210.911200
-157.986900 215.494400 -166.533000 210.790500
-155.493900 215.476600 -165.234800 210.697300
-152.924600 215.528800 -163.893200 210.599600
-150.250300 215.556200 -162.449100 210.493400
-147.567100 215.656900 -160.844200 210.373600
-144.855900 215.751900 -159.101300 210.275600
-142.145800 215.896800 -157.193700 210.190000
-139.455100 216.087400 -155.149500 210.166300
-136.768400 216.330800 -153.026000 210.124800
-134.103700 216.562300 -150.828700 210.062500
-131.505400 216.803000 -148.573200 210.086800
-128.992800 217.018200 -146.191300 210.040400
-126.584900 217.191000 -143.752900 209.930700
-124.357100 217.330100 -141.237600 209.807700
-122.326100 217.418900 -138.632700 209.666900
-120.463500 217.466200 -135.954700 209.434700
-118.653600 217.497200 -133.275400 209.163000
-116.849600 217.495900 -130.578600 208.830200
-115.067800 217.514000 -127.888700 208.519800
-113.324000 217.535300 -125.202800 208.226900
-111.616000 217.623100 -122.522800 208.039000
-109.927700 217.875300 -119.861600 208.010500
-108.290900 218.301300 -117.311900 208.398400
-106.749500 218.945400 -114.906000 209.052600
-105.349200 219.793800 -112.728300 209.942500
-104.115500 220.834900 -110.894100 211.095000
-103.036000 222.051200 -109.402200 212.370800
-102.179100 223.400100 -108.372600 213.891800
-101.543200 224.848700 -107.912700 215.324900
-101.115700 226.383800 -107.164000 216.950400
-100.830600 227.968600 -106.555900 218.603900
-100.531100 229.501100 -105.954700 220.210100
-100.252100 231.017900 -105.271000 221.769300
-99.883990 232.463500 -104.520600 223.283200
-99.425550 233.824100 -103.655100 224.719900
-98.775880 234.872900 -102.498300 225.886700
-98.086100 235.806300 -101.272400 226.955300
-97.174270 236.468700 -99.790270 227.590300
-96.254150 236.931100 -98.204140 227.925000
-95.283150 237.358800 -96.639220 228.103100
-94.185080 237.674800 -95.053490 228.151100
-92.955310 237.898800 -93.439490 228.128800
-91.596850 238.102700 -91.840420 228.051100
-90.074690 238.248300 -90.295220 227.889200
-88.387450 238.391700 -88.781920 227.715300
-86.486290 238.540100 -87.316300 227.549200
-84.443490 238.650800 -85.945480 227.389700
-82.253860 238.746800 -84.755640 227.252300
-79.940140 238.872300 -83.603590 227.121100
-77.539590 239.011100 -82.523730 226.957100
-75.087440 239.150700 -81.506120 226.813400
-72.574930 239.313900 -80.431890 226.657800
-69.991910 239.446400 -79.264550 226.491300
-67.351620 239.548800 -77.994650 226.300700
-64.666360 239.657700 -76.585020 226.107000
-61.998030 239.808800 -75.018360 225.908600
-59.311750 239.952600 -73.259670 225.679700
-56.701950 240.109100 -71.330920 225.416700
-54.151130 240.267600 -69.264650 225.153100
-51.625940 240.427100 -67.048160 224.870200
-49.127390 240.564300 -64.704290 224.600400
-46.665870 240.712700 -62.308780 224.323900
-44.240570 240.886300 -59.846500 224.067900
-41.878960 241.088900 -57.330060 223.804000
-39.649020 241.312800 -54.729670 223.572500
-37.552430 241.539400 -52.084440 223.303500
-35.488740 241.743100 -49.414510 223.039800
-33.456700 241.939000 -46.750250 222.769800
-31.533090 242.124800 -44.081720 222.525600
-29.764560 242.287900 -41.519570 222.240800
-28.172420 242.408100 -38.992940 221.880900
-26.747170 242.468900 -36.502260 221.578800
-25.460260 242.473300 -34.052080 221.068900
-24.318710 242.437400 -31.655790 220.587100
-23.324200 242.322300 -29.329670 219.926100
-22.483780 242.186900 -27.121010 219.187400
-21.843230 242.069500 -25.748140 218.642200
-21.357270 241.937100 -25.109290 218.325200
-20.874950 241.791000 -23.895570 217.639000
-20.410090 241.641000 -23.294670 217.293400
-19.938580 241.453200 -22.232090 216.419400
-19.330890 241.150500 -21.531930 215.301300
-18.603550 240.674100 -20.008600 214.041400
-17.817550 240.000300 -18.806860 212.665800
-17.047940 239.130000 -17.945170 211.247800
-16.371440 238.041100 -17.415870 209.870700
-15.819140 236.731500 -17.113960 208.573800
-15.431720 235.164300 -17.031660 207.392000
-15.160930 233.366900 -17.045430 206.341600
-14.985430 231.359800 -17.130590 205.445400
-14.879450 229.166100 -17.207380 204.730500
-14.834570 226.783800 -17.284910 204.203900
-14.805910 224.227300 -17.362050 203.704300
-14.776150 221.503700 -17.435460 203.222300
-14.726190 218.625200 -17.511290 202.740100
-14.646810 215.602400 -17.593990 202.137400
-14.509690 212.459600 -17.680100 201.324900
-14.353480 209.201300 -17.795430 200.366000
-14.179740 205.869600 -17.910390 199.257400
-13.962380 202.478800 -18.024050 198.030300
-13.739120 199.045100 -18.150160 196.628700
-13.514930 195.572200 -18.301830 195.102800
-13.275440 192.054900 -18.472950 193.370900
-13.052000 188.499600 -18.666980 191.437600
-12.854570 184.884700 -18.902560 189.328400
-12.675140 181.220200 -19.165270 187.025800
-12.508030 177.502000 -19.436480 184.552900
-12.341190 173.718700 -19.785660 181.913000
-12.175010 169.898000 -20.109250 179.110300
-12.018250 166.028100 -20.439540 176.159300
-11.841350 162.134100 -20.781360 173.080200
-11.655180 158.220500 -21.149210 169.888400
-11.466580 154.287300 -21.522360 166.599600
-11.281310 150.320000 -21.958310 163.265600
-11.057620 146.379100 -22.310200 159.863000
-10.815240 142.443600 -22.652060 156.423800
-10.570550 138.517900 -23.030460 152.941900
-10.333980 134.639100 -23.369170 149.425600
-10.123240 130.785800 -23.691290 145.848400
-9.914350 127.027500 -24.022620 142.223200
-9.696148 123.395700 -24.347290 138.539700
-9.493383 119.914400 -24.646060 134.799400
-9.310280 116.607700 -25.007400 131.010600
-9.151332 113.442300 -25.417700 127.183600
-9.017561 110.482000 -25.837210 123.317100
-8.888960 107.744800 -26.275560 119.446500
-8.774269 105.222900 -26.715680 115.546600
-8.679794 102.918000 -27.223770 111.630500
-8.504861 100.812800 -27.622020 107.705700
-8.163715 98.919720 -27.459750 103.767600
-7.618518 97.243660 -26.807390 99.897000
-6.858427 95.725240 -25.391270 96.264600
-5.899838 94.392380 -23.604200 92.850370
-4.759829 93.253900 -21.140980 89.990080
-3.450087 92.348760 -18.467300 87.476620
-1.973871 91.691730 -15.501740 85.560710
-0.436803 91.261860 -12.425590 84.199810
1.138073 91.026340 -9.326838 83.310130
2.751248 90.881970 -6.390688 82.579640
4.431705 90.766140 -3.630498 81.996760
6.211745 90.683570 -1.084391 81.484350
8.081090 90.578530 1.236771 80.998080
10.076580 90.469280 3.377140 80.572880
12.205890 90.365360 5.323204 80.207610
14.489810 90.290310 7.097972 79.870220
16.910510 90.321490 8.791784 79.631890
19.453620 90.459650 10.439510 79.454150
22.045730 90.671110 12.058910 79.328550
24.644280 90.895340 13.644430 79.173970
27.207850 91.064010 15.254680 78.975340
29.764780 91.130150 16.839210 78.744980
32.287690 91.085550 18.397820 78.430040
34.803420 90.937800 19.970710 78.092610
37.325120 90.728940 21.577530 77.700330
39.896170 90.508470 23.280220 77.275610
42.547960 90.289960 25.076270 76.885580
45.244630 90.097810 26.979230 76.426580
47.943020 89.903610 29.008510 75.958000
50.617990 89.629730 31.148430 75.320040
53.252150 89.185630 33.398170 74.564780
55.814150 88.557720 35.713380 73.587170
58.313300 87.791630 38.011720 72.395070
60.805470 86.920740 40.310460 71.149820
63.322020 85.994100 42.566040 69.891280
65.833720 85.055040 44.784860 68.601360
68.406220 84.080780 46.976000 67.329190
70.998610 83.045350 49.113870 65.994830
73.578520 81.879280 51.200760 64.572730
76.170160 80.586970 53.279260 63.076950
78.819830 79.219290 55.382670 61.488140
81.480420 77.842690 57.527640 59.857140
84.108690 76.469870 59.719910 58.267420
86.695220 75.055290 61.832800 56.584350
89.188920 73.556030 63.872090 54.850020
91.573040 71.968490 65.811300 53.040640
93.850380 70.285940 67.613360 51.138150
96.020560 68.521450 69.359250 49.185310
98.103890 66.740880 71.069480 47.119040
100.107700 65.034010 72.811830 45.100440
101.996900 63.459780 74.569410 43.005660
103.764900 62.070330 76.428610 40.942060
105.408600 60.801050 78.337840 38.870530
107.003200 59.530310 80.238230 36.729110
108.589500 58.247390 82.195260 34.502380
110.134700 56.970520 84.177080 32.255480
111.717500 55.637520 86.077130 29.962740
113.353400 54.247110 87.977160 27.705590
115.077800 52.831180 89.905870 25.503050
116.904200 51.439420 91.864960 23.395120
118.836800 50.054850 93.870720 21.383030
120.853600 48.602090 95.835440 19.379170
122.938000 47.083700 97.728710 17.369370
125.092700 45.485300 99.577060 15.433120
127.330000 43.820780 101.295000 13.587680
129.637600 42.087830 102.902900 11.913370
131.967100 40.344760 104.341200 10.362580
134.297900 38.609850 105.741900 8.875358
136.621900 36.849050 107.138600 7.381888
138.949900 35.131110 108.546100 5.946823
141.293500 33.464730 109.978400 4.495844
143.603900 31.795640 111.470700 2.994252
145.871800 30.121580 112.986700 1.385333
148.133300 28.418200 114.553100 -0.257178
150.347600 26.750990 116.159700 -1.978067
152.506100 25.137140 117.835500 -3.751682
154.521200 23.603510 119.608100 -5.593276
156.409800 22.104300 121.380000 -7.550581
158.102600 20.729550 123.231000 -9.595224
159.605700 19.470090 125.123900 -11.722820
161.034400 18.328640 127.131900 -13.838350
162.527500 17.369930 129.249900 -15.807320
164.102000 16.690040 131.712200 -17.377890
165.725700 16.231240 134.322900 -18.620440
167.465400 15.980230 137.044800 -19.544440
169.275300 15.912810 139.835300 -20.156930
171.157200 15.957740 142.628900 -20.618880
173.098700 15.972680 145.403300 -21.135260
175.120500 15.945180 148.137700 -21.729960
177.167200 15.872150 150.789400 -22.331110
179.305300 15.756280 153.317000 -22.934420
181.477000 15.604010 155.682400 -23.538320
183.703700 15.412020 157.876700 -24.127790
185.980700 15.238130 159.826900 -24.653180
188.280500 15.072990 161.637700 -25.103760
190.577500 14.896800 163.366500 -25.538040
192.894300 14.714610 165.066200 -25.954320
195.244200 14.510220 166.707200 -26.344810
197.633500 14.283820 168.382700 -26.794070
200.090000 14.030130 170.083400 -27.343770
202.592100 13.785300 171.862700 -27.878440
205.104900 13.534110 173.701400 -28.409950
207.640700 13.310070 175.637900 -28.924950
210.148900 13.111090 177.596100 -29.471250
212.697300 12.915740 179.639400 -30.001360
215.224700 12.737830 181.738000 -30.554800
217.808000 12.513180 183.866900 -31.157810
220.389500 12.282700 186.040500 -31.814170
223.037500 12.068550 188.260400 -32.411060
225.699900 11.872960 190.475500 -33.060950
228.380800 11.657570 192.699000 -33.675620
231.063800 11.400770 194.963300 -34.321140
233.768800 11.157120 197.249500 -34.975690
236.452700 10.908570 199.605800 -35.627310
239.115400 10.628320 202.011800 -36.319100
241.756200 10.390980 204.447700 -36.963370
244.376200 10.177670 206.923600 -37.547110
246.942400 9.977031 209.352000 -38.212500
249.503100 9.796410 211.820800 -38.870470
251.962400 9.616742 214.269800 -39.498940
254.329800 9.452561 216.769800 -40.123650
256.557200 9.297183 219.292300 -40.709500
258.681500 9.140396 221.849400 -41.356800
260.487900 8.870715 224.421300 -42.050040
262.171000 8.558198 226.970200 -42.890100
263.852900 8.246051 229.517700 -43.788170
265.533700 7.934305 232.034200 -44.772020
267.212200 7.623220 234.532100 -45.818570
268.719700 7.309828 236.998600 -46.848760
269.768600 7.040605 239.431100 -47.957570
270.654800 6.869143 241.893800 -48.867600
271.433400 6.780906 244.384300 -49.611800
272.188300 6.798910 246.929300 -49.909410
272.939800 6.915555 249.425700 -50.035680
273.674100 7.139266 251.791100 -49.671800
274.435500 7.486302 254.031800 -49.231240
275.206100 8.021776 255.993800 -48.369830
275.841400 9.123003 257.529700 -47.164680
276.399700 10.403880 258.782500 -46.003720
276.938800 11.672800 259.948800 -44.788770
277.461700 12.927990 260.743700 -43.279300
277.969300 14.165350 261.483700 -41.741840
278.402000 15.600760 262.104000 -40.154960
278.675500 17.540870 262.436700 -39.058510
278.887100 19.689590 262.691400 -38.133110
279.050300 22.004090 262.884500 -37.346050
279.153100 24.513040 263.058600 -36.597830
279.310000 27.147550 263.232700 -35.853350
279.492000 29.910160 263.441300 -35.117580
279.682000 32.722430 263.631800 -34.369270
279.891600 35.618700 263.864500 -33.498780
280.117300 38.587970 264.187800 -32.380440
280.340800 41.563150 264.568600 -31.033920
280.553900 44.602790 264.937400 -29.701810
280.757500 47.669170 265.307600 -28.388160
280.966700 50.717990 265.646400 -27.089470
281.189800 53.763250 266.003900 -25.817740
281.387500 56.840290 266.505500 -23.970030
281.609200 59.915920 267.072800 -21.972840
281.892800 62.993940 267.702900 -19.786110
282.168100 66.061440 268.381800 -17.436650
282.386200 69.137860 269.067600 -14.932220
282.581400 72.205720 269.763600 -12.298180
282.741100 75.260420 270.525000 -9.611477
282.945600 78.300480 271.290900 -6.850962
283.185400 81.322840 272.057300 -3.994569
283.441700 84.363870 272.878600 -1.142184
283.683800 87.353300 273.678600 1.785670
283.940100 90.352150 274.459800 4.729313
284.231300 93.355260 275.365200 7.654397
284.541900 96.345100 276.285800 10.559980
284.938000 99.320580 277.248000 13.483180
285.395000 102.259500 278.262300 16.384960
285.844100 105.163200 279.303000 19.287530
286.321900 108.053700 280.402300 22.147410
286.793800 110.912200 281.507700 25.039430
287.216900 113.736500 282.556800 27.908230
287.630900 116.518500 283.596700 30.795860
288.058700 119.219300 284.660900 33.641920
288.448800 121.780900 285.632500 36.524480
288.846400 124.280600 286.754600 39.325620
289.285300 126.630100 287.771900 42.172810
289.743500 128.835400 288.914700 44.914780
290.213000 130.821100 290.179000 47.651850
290.683600 132.626000 291.587400 50.279160
291.166200 134.262000 292.718000 53.068150
291.580800 135.832500 293.912300 55.792780
291.961700 137.426400 295.240600 58.407200
292.194000 139.020100 296.227000 61.154820
292.237900 140.604400 296.841700 63.982690
291.762300 142.158200 297.017300 66.837890
290.662500 143.578100 296.674100 69.633120
289.562400 144.964600 295.925000 72.300750
288.468100 146.318100 294.815800 74.683190
287.386000 147.641500 293.285400 76.729030
286.399400 148.976200 291.574500 78.465570
284.571900 149.919400 289.794400 79.919820
282.598600 150.835500 288.056300 81.128580
280.553400 151.805400 286.539000 82.296050
278.418500 152.847000 285.145900 83.375420
276.187000 153.972900 283.869900 84.397770
273.848800 155.201700 282.587800 85.413560
271.423500 156.516000 281.335400 86.441430
268.909500 157.880900 280.118700 87.455500
266.393100 159.278800 278.872100 88.479900
263.831700 160.712200 277.518300 89.671330
261.343100 162.229400 276.211700 90.875380
258.927700 163.839100 274.971900 92.109070
256.567900 165.515700 273.768300 93.335350
254.220600 167.219800 272.606000 94.555050
251.812400 168.915300 271.307000 95.920020
249.342900 170.564800 269.771900 97.431960
246.829700 172.171100 268.155500 98.966730
244.268800 173.728400 266.426900 100.533800
241.687800 175.211100 264.632100 102.208600
239.066600 176.646400 262.621800 103.844700
236.435100 178.027700 260.520700 105.575700
233.828600 179.391700 258.294300 107.318900
231.251200 180.752600 256.053200 109.106700
228.707700 182.113100 253.811000 110.963300
226.214900 183.484500 251.571400 112.844800
223.769900 184.811700 249.328700 114.686300
221.367300 186.107100 247.077300 116.506800
219.059200 187.344000 244.851700 118.349400
216.843700 188.521200 242.549000 120.163000
214.730300 189.612200 240.232500 122.014300
212.761600 190.600600 237.874300 123.804700
210.934100 191.518800 235.441200 125.571900
209.293500 192.364900 233.076100 127.381800
207.831400 193.113300 230.717200 129.198500
206.576700 193.798300 228.348300 130.944700
205.539900 194.395600 225.978400 132.693200
204.729700 194.901600 223.728000 134.563200
204.122300 195.321500 223.028000 135.222500
203.546300 195.745200 221.124200 137.359300
203.042900 196.282400 219.311600 139.545900
202.515700 196.788100 217.431800 141.583500
201.945400 197.325500 215.753300 143.728700
201.195300 198.000000 214.240600 145.851200
200.227400 198.808500 212.635900 147.772300
199.076800 199.760000 211.163900 149.630700
197.730700 200.791700 209.667800 151.243500
196.253000 201.872000 208.303000 152.762900
194.623700 202.967100 206.985600 154.053200
192.619800 204.117900 205.772700 155.158100
190.615300 205.269000 204.694000 156.093500
188.611600 206.419500 203.792300 156.877800
186.608000 207.569800 203.063000 157.493600
184.604500 208.720100 202.491800 157.960500
182.452000 209.923800 201.956600 158.433400
180.162600 211.202300 201.401300 158.915300
177.855000 212.473600 200.845400 159.388800
175.554100 213.761200 200.240800 159.885600
173.260900 215.031900 199.475200 160.540700
171.006800 216.296100 198.510300 161.347000
168.770100 217.549300 197.372600 162.310600
166.635700 218.725900 196.096300 163.423300
164.640400 219.823800 194.688800 164.588900
162.800000 220.792300 193.186000 165.845400
161.109900 221.618400 191.376100 167.270800
159.510500 222.334400 189.477800 168.577900
157.845500 222.860900 187.514100 169.783800
156.181300 223.202900 185.388700 170.680300
154.511100 223.364000 183.171200 171.312400
152.786900 223.350100 180.743600 171.741500
150.969000 223.245000 178.153000 172.146800
149.048400 223.060600 175.536000 172.451600
146.999200 222.886700 172.920300 172.784900
144.811400 222.709100 170.319700 173.111500
142.452400 222.507300 167.760500 173.473100
139.985700 222.307100 165.223400 173.839000
137.342300 222.162600 162.821900 174.253900
134.568800 222.029900 160.580200 174.655000
131.695500 221.932100 158.539100 175.054300
128.711000 221.803000 156.688800 175.386400
125.647300 221.650100 154.962200 175.686000
122.615400 221.500000 153.235200 175.946800
119.543800 221.309500 151.555800 176.209100
116.511500 221.102100 149.893700 176.449600
113.516800 220.903600 148.185200 176.690000
110.545200 220.708000 146.384700 176.968200
107.636200 220.532300 144.484400 177.310500
104.717200 220.373700 142.455500 177.659500
101.840600 220.218600 140.289000 178.024000
98.994700 220.067300 137.940700 178.330400
96.181550 219.895100 135.492900 178.707200
93.438620 219.686500 132.868600 179.063600
90.855460 219.500600 130.109800 179.397000
88.388610 219.326300 127.259300 179.785900
86.123680 219.157800 124.298200 180.181400
84.049970 219.045300 121.274800 180.703900
82.152880 219.016300 118.279300 181.163800
80.388010 219.115100 115.314300 181.976500
78.664760 219.366200 112.442700 182.928500
77.016290 219.796000 109.763200 184.276100
75.461480 220.446100 107.294800 185.921300
74.069090 221.411200 105.296100 188.035400
72.862850 222.604000 103.749600 190.508300
71.841850 224.015300 102.570600 193.130800
71.023420 225.699900 101.928200 195.897200
70.421670 227.540000 101.675800 198.695600
70.034550 229.518400 101.773100 201.433400
69.813760 231.610700 102.088400 203.994400
69.670080 233.800300 102.422000 206.438800
69.603690 236.022800 102.864300 208.659300
69.545910 238.342600 103.269900 210.688800
69.499400 240.719700 103.681200 212.535900
69.469400 243.192800 104.040700 214.261800
69.384530 245.776400 104.359100 215.970000
69.232580 248.432800 104.627800 217.650700
69.094640 251.146000 104.920700 219.308900
68.950990 253.982700 105.210600 220.980400
68.811860 256.917100 105.512900 222.648900
68.650580 259.920100 105.802000 224.361800
68.462200 263.082100 106.127500 226.200800
68.288560 266.252800 106.462800 228.101800
68.096650 269.464100 106.818500 230.081200
67.903830 272.683000 107.176700 232.149000
67.721470 275.872400 107.560200 234.303800
67.525460 279.043300 107.904000 236.492400
67.317450 282.219100 108.276400 238.775300
67.111650 285.343500 108.663900 241.116300
66.901350 288.508400 109.082000 243.550900
66.688140 291.652400 109.469000 246.099400
66.478800 294.782200 109.910700 248.714100
66.289190 297.878200 110.380600 251.382500
66.078070 300.944500 110.873700 254.171200
65.826270 304.008500 111.332600 257.064400
65.573590 307.018200 111.791500 260.028900
65.274710 310.032300 112.180800 263.161000
64.924470 313.030600 112.527900 266.304100
64.540610 315.995300 112.863900 269.494300
64.089990 318.947600 113.122800 272.697200
63.671720 321.903700 113.385500 275.868900
63.304260 324.895900 113.694000 279.020400
62.967580 327.898100 114.069300 282.173400
62.699080 330.909200 114.541700 285.260600
62.553590 333.929000 115.064200 288.379300
62.402330 336.963400 115.648800 291.465000
62.266570 340.021300 116.181800 294.543900
62.116500 343.035800 116.750400 297.583100
61.993500 346.032900 117.286900 300.598300
61.866370 348.989100 117.843100 303.611200
61.760870 351.857800 118.431000 306.561700
61.679290 354.611700 118.951400 309.535600
61.586300 357.261400 119.497800 312.494000
61.550600 359.776900 120.115300 315.407000
61.577240 362.145700 120.827100 318.298000
61.603020 364.290800 121.557000 321.183600
61.628690 366.323100 122.289000 324.093400
61.649880 368.352400 123.040400 327.009000
61.624730 370.355800 123.739000 329.940100
61.511180 372.339500 124.243500 332.910500
61.271590 374.388200 124.590900 335.915200
60.966710 376.528400 124.790400 338.956300
60.637150 378.796200 125.006100 341.956200
60.324540 381.208000 125.352400 344.923900
60.065570 383.741300 125.739500 347.848300
59.884830 386.413700 126.181300 350.673700
59.789830 389.195600 126.691400 353.369700
59.765420 392.106700 127.241300 355.953300
59.766400 395.121300 127.798900 358.399400
59.728620 398.268800 128.291900 360.708900
59.673270 401.492900 128.735800 362.801600
59.575390 404.694600 129.118600 364.792000
59.425140 407.916600 129.468700 366.784100
59.267000 411.104300 129.820600 368.749800
59.084670 414.257800 130.155000 370.701400
58.913680 417.417100 130.480600 372.730600
58.748810 420.528100 130.880000 374.847300
58.574140 423.604200 131.264200 377.098300
58.437200 426.635400 131.680000 379.483200
58.286850 429.523300 132.101600 381.984600
58.117570 432.280500 132.462900 384.626900
57.924100 434.902000 132.884700 387.369800
57.663190 437.382700 133.192800 390.256000
57.368250 439.710400 133.535400 393.244800
57.036690 441.889000 133.791400 396.368800
56.656850 443.874800 133.960700 399.573100
56.323860 445.645400 134.068200 402.763300
56.148660 447.270100 134.467800 405.956900
56.616130 448.530800 135.352900 409.005200
57.333540 449.649800 136.685400 411.847100
58.025620 450.723300 138.729600 414.244200
58.683230 451.752100 141.258200 416.020000
59.300760 452.745900 144.066400 417.272700
60.051910 453.493100 147.017500 417.983500
61.232100 453.863600 149.902600 418.118800
62.575150 454.072200 152.653700 417.881400
64.075560 454.193600 155.260900 417.553500
65.729870 454.237800 157.695500 417.039700
67.536180 454.320400 160.018300 416.716700
69.481920 454.413600 162.198200 416.397100
71.568440 454.517900 164.190200 416.068200
73.783230 454.637300 165.977600 415.846900
76.158670 454.789800 167.600600 415.647300
78.646770 454.943100 168.991900 415.470400
81.225870 455.115600 170.312100 415.305100
83.916780 455.302300 171.582000 415.156400
86.702020 455.456700 172.792500 414.986600
89.526350 455.578300 173.953600 414.834100
92.412350 455.733700 175.071500 414.661900
95.328570 455.895400 176.309800 414.495100
98.249890 456.054300 177.656700 414.301300
101.184100 456.224200 179.145600 414.073900
104.093100 456.393100 180.786500 413.862700
106.998900 456.525600 182.576000 413.602900
109.897200 456.654500 184.494400 413.266100
112.749700 456.816600 186.565900 412.989300
115.610200 456.965500 188.758900 412.657600
118.400100 457.099300 191.116400 412.328800
121.145900 457.258900 193.584800 411.972800
123.876500 457.448100 196.150100 411.646100
126.583800 457.666500 198.828800 411.317500
129.241600 457.972700 201.611900 411.108800
131.877300 458.360200 204.436900 410.996700
134.472300 458.810900 207.327400 410.925400
137.047800 459.328100 210.249300 410.878600
139.578900 459.909300 213.174200 410.967200
142.082300 460.548100 216.109800 411.135400
144.536100 461.240400 219.017400 411.326000
146.935100 462.035700 221.912900 411.613900
149.323900 462.890800 224.791700 411.978500
151.645200 463.789700 227.617900 412.415900
153.953700 464.746000 230.436500 412.940100
156.216300 465.719100 233.173800 413.504000
158.442000 466.755000 235.859700 414.107900
160.610800 467.844100 238.503600 414.822700
162.721500 468.976400 241.115000 415.574800
164.765200 470.136200 243.690300 416.298800
166.772400 471.335900 246.201200 417.194600
168.632200 472.526000 248.644000 418.181200
170.346500 473.697400 251.096600 419.120900
171.909300 474.797000 253.506800 420.089800
173.302800 475.783300 255.911100 420.993900
174.556500 476.625400 258.221700 422.039700
175.656700 477.273900 260.669600 422.632100
176.667400 477.791400 263.125600 423.277500
177.693700 478.199200 265.570400 423.745000
178.769200 478.445200 268.066800 423.812700
179.820200 478.560500 270.526700 423.647700
180.911200 478.531600 272.927000 423.140000
182.068600 478.323700 275.185600 422.248700
183.262200 477.935100 277.269900 421.075200
184.488300 477.285200 279.080500 419.578800
185.759400 476.306800 280.563000 417.790700
187.077400 475.006900 281.790900 415.959900
188.478700 473.464500 282.918400 414.219800
189.953700 471.703500 283.870800 412.565300
191.518900 469.725200 284.717300 411.085500
193.208300 467.608400 285.430300 409.756500
195.017400 465.320900 286.028700 408.630600
196.863700 462.933100 286.577200 407.639900
198.729100 460.522700 287.106700 406.672300
200.614200 458.121400 287.642200 405.705800
202.510500 455.730200 288.156700 404.781000
204.411000 453.358300 288.685100 403.824100
206.321800 451.001000 289.257300 402.795000
208.222000 448.665100 289.876900 401.698500
210.114400 446.337900 290.561900 400.493300
211.976500 444.014500 291.345200 399.097400
213.836200 441.706600 292.251500 397.488200
215.683700 439.420500 293.291000 395.688500
217.555600 437.143300 294.433200 393.703400
219.471300 434.824100 295.693500 391.525300
221.450500 432.447100 297.055600 389.193200
223.466700 430.017100 298.509500 386.673300
225.486700 427.604100 300.019700 384.068100
227.506500 425.191500 301.538300 381.434900
229.526100 422.779100 303.082500 378.811800
231.545400 420.367100 304.636400 376.193100
233.564400 417.955300 306.225100 373.610400
235.559300 415.588300 307.793400 371.020300
237.436800 413.389000 309.339900 368.443700
238.780200 411.507400 310.880500 365.882900
239.937800 409.690800 312.306000 363.276200
241.095100 407.877000 313.545100 360.593500
242.251200 406.068000 314.574000 357.849200
243.408000 404.262500 315.199700 354.978600
244.011000 402.484000 315.268100 351.981900
244.001400 400.839200 314.720800 348.947000
243.616800 399.284000 313.403500 346.087100
242.890100 397.828700 311.562100 343.553100
241.873600 396.462000 309.343200 341.343000
240.631500 395.201500 306.657400 339.888800
239.221600 394.033800 304.033800 338.249800
237.618600 392.957600 301.347100 336.695900
235.793400 391.994800 298.415500 335.705200
233.764600 391.138800 295.601800 335.041500
231.526900 390.407500 293.315800 334.664500
229.101900 389.773400 291.174300 334.433800
226.502900 389.204300 289.027400 334.309900
223.725900 388.759000 286.881600 334.278600
220.797800 388.372500 284.738800 334.306300
217.710700 387.983400 282.832700 334.389900
214.530600 387.607200 281.178500 334.439400
211.281800 387.245500 279.574600 334.516900
207.989900 386.906600 277.947200 334.601200
204.658000 386.595500 276.245500 334.711900
201.286800 386.304300 274.478600 334.842100
197.918900 386.031200 272.652200 335.007200
194.555800 385.786300 270.725700 335.188500
191.207200 385.554600 268.671200 335.418200
187.886200 385.358400 266.482100 335.686800
184.599200 385.187900 264.142100 335.967100
181.348200 385.028900 261.647700 336.227700
178.125300 384.880300 259.002500 336.541200
174.940200 384.732200 256.205400 336.852400
171.787000 384.605200 253.271300 337.199700
168.667500 384.479200 250.181300 337.545300
165.610000 384.375800 247.001000 337.898600
162.651900 384.300900 243.761400 338.315400
159.841600 384.253100 240.482200 338.746100
157.212800 384.244100 237.169200 339.192400
154.757500 384.238100 233.834200 339.731300
152.465500 384.177300 230.492700 340.211900
150.349500 384.033300 227.137400 340.530800
148.462800 383.774700 223.784200 340.533100
146.861800 383.342900 220.483100 340.165900
145.493000 382.652100 217.338600 339.220700
144.342900 381.710300 214.578600 337.514900
143.476000 380.548800 212.292100 335.246100
142.885900 379.215000 210.523100 332.605200
142.512900 377.743300 209.237000 329.727800
142.317800 376.136600 208.375200 326.732600
142.188100 374.395800 207.658400 323.759700
142.147200 372.567400 207.097000 320.857800
142.122900 370.607400 206.559300 318.101500
142.117600 368.494900 206.122500 315.512300
142.130800 366.233800 205.750800 313.088400
142.204400 363.814600 205.443500 310.817700
142.299400 361.231000 205.195900 308.712100
142.415300 358.474700 204.963000 306.823400
142.582500 355.558100 204.774500 305.174100
142.739700 352.539000 204.606000 303.646200
142.891900 349.439100 204.468400 302.160200
143.064500 346.281300 204.310500 300.717500
143.227100 343.091000 204.149500 299.265300
143.425200 339.887400 203.983000 297.755700
143.616200 336.700500 203.811500 296.145500
143.795900 333.502200 203.600000 294.414000
144.005700 330.337500 203.408400 292.595900
144.230000 327.130600 203.200300 290.648100
144.419100 323.896200 202.955200 288.551200
144.587400 320.591100 202.681100 286.309200
144.754600 317.239000 202.391400 283.909800
144.941900 313.833000 202.034000 281.353100
145.157300 310.363000 201.761100 278.612700
145.368500 306.861100 201.438700 275.714700
145.569800 303.322100 201.061600 272.718500
145.779600 299.781500 200.721000 269.638100
145.995800 296.224300 200.338600 266.501700
146.232800 292.723700 200.005400 263.328100
146.466500 289.221500 199.620400 260.143700
146.685200 285.746000 199.326900 256.968600
146.893800 282.281200 198.955600 253.791300
147.103700 278.834100 198.669100 250.634000
147.309200 275.380000 198.352500 247.437300
147.469000 272.014900 197.990300 244.222500
147.644100 268.640500 197.541700 240.946500
147.828000 265.287400 197.221500 237.609500
148.018700 262.011300 196.918900 234.217900
148.191600 258.776500 196.558100 230.763100
148.362500 255.568000 196.107600 227.285000
148.542700 252.484800 195.733900 223.764900
148.699400 249.530100 195.362800 220.239900
148.855100 246.697000 194.921000 216.708900
149.012000 244.059600 194.517500 213.225900
149.177500 241.565300 194.201100 209.734800
149.354100 239.240800 193.911500 206.268600
149.518500 237.141100 193.637000 202.812800
149.688400 235.241100 193.357100 199.375500
149.831600 233.536700 193.107100 195.927500
149.906300 232.004900 192.730000 192.584800
149.838700 230.619900 191.992000 189.296300
149.635100 229.344100 190.919900 186.117600
149.241300 228.150200 189.453700 183.184300
148.716100 227.039600 187.609100 180.523400
148.000700 226.008200 185.342200 178.250700
147.075700 225.048900 182.868200 176.401600
145.937600 224.217300 180.298700 174.937400
144.564400 223.496400 177.637200 173.957000
143.010800 222.963900 175.056800 173.397700
141.316600 222.568700 172.572400 173.135000
139.454500 222.334500 170.242200 173.140700
137.425000 222.166300 168.142900 173.250600
135.205500 222.050100 166.241100 173.376000
132.804000 221.961500 164.543100 173.572200
130.267400 221.919300 163.020500 173.749500
127.508700 221.882500 161.642000 173.895700
124.622700 221.854300 160.357500 174.037300
121.664000 221.830100 159.105500 174.154300
118.657200 221.763300 157.881800 174.268300
115.641600 221.685500 156.628800 174.375600
112.627300 221.570300 155.299900 174.491300
109.673500 221.356100 153.891000 174.609000
106.754900 221.166500 152.342800 174.722000
103.815900 220.977200 150.705000 174.863800
100.933900 220.822800 148.969100 174.985000
98.075460 220.656000 147.097700 175.142200
95.253020 220.487500 145.066900 175.291300
92.486910 220.344500 142.852000 175.463800
89.875370 220.223200 140.455200 175.642900
87.458400 220.103100 137.927900 175.842500
85.308900 219.940400 135.176400 175.998100
83.404740 219.814900 132.305400 176.293400
81.811460 219.719400 129.365800 176.609800
80.386560 219.682400 126.414300 177.163600
79.003730 219.767200 123.459800 177.602400
77.660700 220.007600 120.571700 178.435900
76.371580 220.406400 117.827100 179.508600
75.155860 220.960300 115.309700 180.977100
74.011040 221.726500 113.080900 182.877400
72.923470 222.715600 111.163900 185.024200
71.978870 223.872400 109.665900 187.452400
71.184520 225.266700 108.626700 190.070700
70.559680 226.755300 107.896800 192.738600
70.106430 228.212400 107.512600 195.321700
69.780350 229.717400 107.428900 197.737900
69.611080 231.273600 107.532900 199.887300
69.507330 232.885000 107.553800 201.792600
69.413710 234.508900 107.693800 203.378800
69.343880 236.144900 107.831700 204.795500
69.165330 237.775100 107.950500 206.168100
68.850580 239.377200 107.916900 207.529300
68.411010 240.827300 107.713000 208.860600
67.727420 242.111200 107.264700 210.112800
66.803100 243.182900 106.502100 211.254900
65.701790 244.107800 105.482800 212.308300
64.448250 244.782200 104.277200 213.189500
63.080800 245.260000 102.871500 213.948600
61.580750 245.474700 101.328500 214.402900
60.021940 245.545100 99.838980 214.732700
58.373630 245.501300 98.313810 214.946800
56.557790 245.387700 96.758610 215.105100
54.575700 245.267600 95.156760 215.308500
52.422320 245.171900 93.544870 215.528700
50.087930 245.081900 91.914300 215.668600
47.581640 245.008900 90.286090 215.855400
44.918970 244.937600 88.662760 216.031200
42.122820 244.817200 87.151840 216.157400
39.164720 244.672400 85.695570 216.301200
36.057060 244.510700 84.279610 216.442900
32.840100 244.318200 82.837800 216.551300
29.595440 244.119000 81.414080 216.678900
26.356030 243.938500 79.963020 216.789200
23.136280 243.778100 78.449960 216.926500
19.923890 243.574600 76.891550 217.037400
16.771670 243.333700 75.244230 217.129000
13.661940 243.082500 73.427890 217.243700
10.666390 242.818300 71.444740 217.354900
7.814747 242.555200 69.291150 217.462100
5.139292 242.325200 66.968650 217.723200
2.679849 242.118700 64.466520 217.882500
0.450309 241.930700 61.809180 218.063600
-1.528966 241.776000 59.019800 218.269800
-3.228819 241.670700 56.084850 218.629100
-4.618300 241.633500 52.990800 218.972300
-5.727634 241.635600 49.793300 219.374400
-6.594910 241.676300 46.616440 220.002800
-7.316062 241.736500 43.667110 221.216400
-7.999830 241.824600 40.615810 222.237000
-8.668434 241.971800 37.625180 223.402600
-9.310473 242.159800 34.797400 224.759900
-10.040280 242.489600 32.234290 226.497700
-10.900630 242.986700 29.852640 228.310900
-11.788840 243.696900 27.851800 230.336800
-12.605680 244.629900 26.368960 232.557000
-13.325190 245.805400 25.491740 234.834200
-13.876090 247.212100 25.058510 237.014500
-14.262280 248.903900 24.867390 238.984900
-14.456720 250.843200 24.918830 240.681300
-14.534350 252.994100 25.043920 242.064300
-14.597030 255.350200 25.172530 243.163600
-14.667090 257.910700 25.274120 244.023700
-14.735990 260.649600 25.368420 244.737500
-14.849520 263.575900 25.443880 245.421600
-14.957480 266.729800 25.504210 246.102600
-15.059630 270.015600 25.561050 246.768300
-15.182710 273.477200 25.649070 247.561700
-15.303150 277.021400 25.738690 248.550100
-15.440230 280.658500 25.840030 249.680900
-15.590580 284.351600 25.941100 250.916800
-15.764490 288.068200 26.041720 252.290200
-15.946800 291.811700 26.134900 253.794700
-16.099940 295.543400 26.296160 255.519000
-16.260060 299.308400 26.435790 257.456500
-16.425310 303.105800 26.640210 259.593000
-16.590140 306.893300 26.833340 261.935500
-16.756680 310.705900 27.069750 264.479200
-16.910250 314.536100 27.270400 267.205400
-17.062160 318.371600 27.539550 270.114000
-17.211700 322.183300 27.856700 273.243800
-17.359600 325.995800 28.216890 276.499900
-17.503240 329.777900 28.483350 279.946600
-17.652950 333.537700 28.720200 283.475200
-17.803470 337.274400 28.986450 287.094700
-17.965510 340.928300 29.210200 290.773200
-18.139020 344.467400 29.517720 294.470900
-18.309560 347.827300 29.751040 298.202900
-18.498430 351.069300 30.015500 301.918400
-18.657830 354.177800 30.331900 305.664800
-18.779270 357.113600 30.741750 309.435100
-18.870160 359.864000 31.148410 313.195900
-18.946200 362.402300 31.454920 316.987000
-18.990920 364.711200 31.790830 320.794400
-19.050610 366.784400 32.251620 324.595500
-19.150770 368.599600 32.480710 328.389100
-19.288630 370.232600 32.597980 332.190900
-19.600770 371.746300 32.218830 335.941800
-20.181060 373.134000 31.129070 339.476000
-21.046240 374.352900 29.276160 342.687700
-22.127780 375.353800 25.813020 343.509500
-23.457040 376.098400 22.845120 345.289400
-24.934490 376.556700 19.876210 346.814500
-26.555040 376.670400 16.761870 347.693900
-28.276760 376.521700 13.692220 348.067100
-30.056280 376.231600 10.788950 348.439800
-31.975970 375.881500 8.041570 348.561500
-34.041570 375.538800 5.511697 348.756200
-36.312400 375.174700 3.215657 348.953300
-38.740670 374.815500 1.154532 349.149300
-41.349510 374.513500 -0.649016 349.347200
-44.097790 374.260800 -2.267848 349.589500
-47.011360 374.040700 -3.790882 349.848300
-50.040150 373.823900 -5.277345 350.096400
-53.185680 373.618900 -6.756659 350.344400
-56.406270 373.421900 -8.217885 350.592500
-59.653410 373.251300 -9.728841 350.873200
-62.943060 373.083600 -11.273130 351.148200
-66.219570 372.909300 -12.877360 351.435900
-69.486870 372.732000 -14.575250 351.753500
-72.726120 372.532900 -16.348470 352.068700
-75.949990 372.348800 -18.267720 352.409000
-79.132360 372.198800 -20.328580 352.773800
-82.276670 372.085900 -22.576390 353.232400
-85.318380 372.021300 -24.979860 353.712600
-88.202870 371.999200 -27.525660 354.337800
-90.927450 371.989600 -30.209200 354.969700
-93.555550 371.974900 -33.053090 355.604100
-96.169310 371.894100 -36.021850 356.213500
-98.735200 371.699400 -39.126110 356.741800
-101.335900 371.405700 -42.328440 357.086800
-104.006100 371.090100 -45.554560 357.416300
-106.771100 370.792200 -48.822420 357.767500
-109.682200 370.477800 -52.075360 358.180600
-112.739100 370.228500 -55.310720 358.633400
-115.931600 370.036400 -58.495940 359.234100
-119.286600 369.828600 -61.659080 359.861000
-122.729500 369.724600 -64.763020 360.526500
-126.288700 369.671200 -67.813510 361.259800
-129.839700 369.662300 -70.772970 361.931700
-133.385600 369.650900 -73.586530 362.527700
-136.894400 369.634000 -76.234590 363.128800
-140.398100 369.514400 -78.810740 363.610800
-143.862100 369.340500 -81.384240 364.043000
-147.327600 369.166400 -83.912490 364.487900
-150.737000 368.971100 -86.481330 364.953400
-154.158600 368.781900 -89.122330 365.412900
-157.533900 368.539100 -91.869680 365.792500
-160.863100 368.281900 -94.774480 366.125600
-164.185700 368.025000 -97.809780 366.541000
-167.432800 367.748600 -100.977300 366.955400
-170.642400 367.488400 -104.296900 367.439200
-173.841400 367.227100 -107.692500 367.971100
-177.023700 366.951400 -111.212500 368.429300
-180.244500 366.730400 -114.709600 368.975900
-183.473900 366.580900 -118.189400 369.612400
-186.744800 366.472000 -121.611200 370.346000
-190.033500 366.367300 -125.036300 371.061800
-193.355400 366.250500 -128.432500 371.725600
-196.716900 366.188600 -131.834600 372.372900
-200.121200 366.182600 -135.162500 373.105500
-203.540500 366.199800 -138.493200 373.888400
-206.952700 366.227500 -141.779000 374.667700
-210.347900 366.285500 -145.024600 375.428100
-213.706200 366.365900 -148.252800 376.222500
-217.009500 366.481900 -151.403500 377.028000
-220.179700 366.654500 -154.484400 377.938400
-223.191200 366.879000 -157.541900 378.878200
-226.097000 367.114900 -160.571800 379.849900
-228.814800 367.345400 -163.607500 380.921500
-231.386300 367.584000 -166.628800 382.033600
-233.712600 367.887700 -169.709100 383.109300
-235.782000 368.275800 -172.744300 384.341200
-237.675400 368.737900 -175.734800 385.746400
-239.369400 369.206200 -178.751300 387.203900
-240.923900 369.617600 -181.721900 388.836600
-242.343700 369.946600 -183.713700 389.916500
-243.617800 370.200700 -185.813600 390.789500
-244.859400 370.340600 -186.878200 391.177200
-246.077300 370.391700 -190.155700 392.049500
-247.267700 370.379800 -193.419700 392.853400
-248.493500 370.333700 -196.658500 393.576300
-249.783700 370.306600 -199.764800 394.394900
-251.078800 370.299200 -202.713100 395.249100
-252.358200 370.349900 -205.554300 395.989800
-253.632100 370.436500 -208.193400 396.850200
-254.850600 370.581800 -210.662600 397.781000
-255.940600 370.729900 -212.929100 398.579900
-256.915700 370.895600 -214.943900 399.371700
-257.880300 371.026600 -216.811700 400.074500
-258.825300 371.074700 -218.534600 400.616900
-259.790200 371.036700 -220.155800 400.925600
-260.853800 370.865000 -221.657400 401.029400
-261.981300 370.525600 -222.996900 400.908800
-263.149900 369.955400 -224.205000 400.581700
-264.334300 369.128800 -225.355100 400.144500
-265.453200 367.983800 -226.377500 399.521700
-266.451000 366.525200 -227.284700 398.732900
-267.251800 364.723800 -228.098500 397.753500
-267.949500 362.709300 -228.805900 396.666800
-268.506500 360.485200 -229.440300 395.553100
-268.941500 358.026800 -229.978100 394.397800
-269.220400 355.348600 -230.416400 393.226100
-269.448800 352.477300 -230.801400 392.148600
-269.718000 349.407100 -231.136900 391.198100
-269.985700 346.177700 -231.461200 390.275900
-270.257600 342.841000 -231.772400 389.378300
-270.518100 339.408900 -232.076500 388.486900
-270.754500 335.850800 -232.406300 387.503500
-270.955500 332.279200 -232.755900 386.417300
-271.100700 328.699800 -233.125100 385.213700
-271.205200 325.126400 -233.512100 383.874900
-271.267700 321.587300 -233.935100 382.381900
-271.275200 318.070500 -234.368500 380.727500
-271.222900 314.582000 -234.831600 378.900600
-271.120000 311.120600 -235.297500 376.883900
-270.978000 307.683800 -235.770100 374.694100
-270.782700 304.265600 -236.247300 372.317900
-270.528600 300.853100 -236.710100 369.735000
-270.242000 297.429400 -237.180900 366.975400
-269.919600 293.989900 -237.624800 363.999700
-269.545200 290.528500 -238.165300 360.867700
-269.141700 287.042100 -238.612800 357.589000
-268.688300 283.528200 -239.060700 354.228300
-268.188900 279.998100 -239.466300 350.744700
-267.644900 276.438400 -239.870500 347.183700
-267.060700 272.864800 -240.213200 343.653600
-266.415600 269.267600 -240.515800 340.092900
-265.703700 265.659900 -240.777500 336.568200
-264.933700 262.028500 -240.933600 333.065000
-264.083600 258.356100 -241.025700 329.587300
-263.198600 254.694500 -241.085100 326.128200
-262.249500 251.044300 -241.119900 322.701900
-261.237300 247.429800 -241.076200 319.293600
-260.189300 243.839800 -240.966900 315.889100
-259.094000 240.246100 -240.826700 312.483600
-257.955600 236.666200 -240.670400 309.058300
-256.772700 233.104800 -240.463500 305.608700
-255.531300 229.548500 -240.120400 302.142600
-254.248400 226.028100 -239.784000 298.648500
-252.919100 222.544000 -239.402800 295.129800
-251.574800 219.079600 -239.021500 291.580400
-250.208800 215.633800 -238.619200 288.007700
-248.823500 212.212300 -238.220300 284.411000
-247.396200 208.816100 -237.718900 280.793600
-245.924600 205.438400 -237.211000 277.154700
-244.407500 202.096000 -236.572100 273.476200
-242.864900 198.761700 -235.944100 269.781000
-241.279000 195.474400 -235.239000 266.112800
-239.649300 192.235800 -234.461700 262.445300
-237.983200 189.035400 -233.635900 258.821600
-236.298900 185.858800 -232.758700 255.192900
-234.588400 182.702700 -231.892200 251.562700
-232.835600 179.589900 -230.916000 247.965000
-231.009300 176.491000 -229.900400 244.362300
-229.111700 173.245900 -228.878300 240.771900
-227.176300 170.021800 -227.787900 237.226700
-225.177100 166.838100 -226.637700 233.713500
-223.121100 163.678300 -225.419200 230.237400
-221.021800 160.583500 -224.216600 226.758700
-218.906700 157.528200 -222.955800 223.320500
-216.758300 154.516100 -221.622300 219.909200
-214.598900 151.542200 -220.271000 216.522500
-212.419400 148.613400 -218.907500 213.138300
-210.228200 145.723000 -217.530700 209.771100
-207.984500 142.875200 -216.094300 206.457700
-205.709300 140.044600 -214.635300 203.181900
-203.367700 137.252600 -213.092400 199.956200
-200.986900 134.476000 -211.541300 196.753000
-198.545200 131.709700 -209.941200 193.581500
-196.059300 128.939500 -208.282500 190.426000
-193.510200 126.196800 -206.510800 187.190600
-190.897300 123.468900 -204.699300 183.932300
-188.227400 120.762000 -202.866900 180.679000
-185.497000 118.076800 -200.949200 177.457000
-182.724000 115.414700 -198.978800 174.299000
-179.874900 112.756200 -196.997300 171.173100
-176.963500 110.129700 -194.948500 168.114800
-174.022700 107.478800 -192.954000 165.039100
-171.062700 104.830200 -190.924900 162.034200
-168.072200 102.205400 -188.833600 159.086300
-165.063500 99.572080 -186.778800 156.137500
-162.094200 96.925240 -184.769900 153.142700
-159.158100 94.245620 -182.805000 150.108500
-156.222000 91.591220 -180.811000 147.079800
-153.302600 88.949020 -178.840900 144.004400
-150.415700 86.290970 -176.834200 140.904200
-147.525700 83.616700 -174.836800 137.775900
-144.616800 80.967880 -172.775300 134.649600
-141.680000 78.334030 -170.686200 131.503200
-138.744900 75.701910 -168.573200 128.354000
-135.803000 73.066790 -166.461800 125.169400
-132.863800 70.434610 -164.315500 121.966500
-129.933000 67.796650 -162.148200 118.742200
-127.009300 65.165490 -159.986400 115.459100
-124.094300 62.565200 -157.818900 112.164800
-121.185800 59.961850 -155.612900 108.886400
-118.275800 57.358150 -153.349500 105.618200
-115.383500 54.746480 -151.122800 102.343500
-112.487100 52.132910 -148.908200 99.075900
-109.563100 49.507800 -146.735500 95.794640
-106.649400 46.882310 -144.594200 92.513890
-103.717200 44.240620 -142.461500 89.247860
-100.776700 41.607720 -140.310000 85.990140
-97.815960 38.955960 -138.129100 82.738570
-94.863170 36.299440 -135.967200 79.470570
-91.884440 33.643060 -133.793400 76.208220
-88.909720 30.989760 -131.633100 72.932180
-85.917480 28.322680 -129.445200 69.671960
-82.929050 25.668410 -127.230600 66.444010
-79.941980 23.038030 -124.975900 63.246140
-76.962720 20.421650 -122.826200 59.997090
-74.007520 17.823510 -120.668900 56.778650
-71.092400 15.226900 -118.508700 53.554020
-68.209240 12.634500 -116.398800 50.301960
-65.354250 10.051970 -114.254000 47.077740
-62.542350 7.481356 -112.095500 43.822160
-59.754040 4.927046 -109.989800 40.553910
-57.009180 2.422195 -107.880800 37.250990
-54.340090 0.009828 -105.703300 33.994480
-51.766990 -2.296378 -103.523700 30.697630
-49.260900 -4.526641 -101.326600 27.418060
-46.853800 -6.677798 -99.103090 24.136150
-44.569730 -8.685225 -96.825370 20.880120
-42.404320 -10.528340 -94.521890 17.636540
-40.364200 -12.198710 -92.046680 14.520600
-38.389800 -13.695430 -89.582760 11.407870
-36.423220 -15.003710 -86.999460 8.421446
-34.423200 -16.097900 -84.225990 5.644082
-32.364650 -16.913830 -81.074840 3.339977
-30.265120 -17.411740 -77.659350 1.525995
-28.163420 -17.604910 -74.026900 0.240516
-26.110560 -17.459960 -70.289660 -0.468861
-24.143360 -16.987220 -66.506790 -0.634438
-22.296980 -16.217800 -62.827990 0.037545
-20.604650 -15.231400 -59.375360 1.061512
-19.008910 -14.153640 -56.063150 2.187388
-17.427180 -13.090130 -52.973980 3.494924
-15.874640 -12.069320 -49.913800 4.661788
-14.363580 -11.106930 -46.903870 5.421649
-12.922670 -10.242620 -44.113250 6.192015
-11.574780 -9.466819 -41.451280 6.660200
-10.317910 -8.788752 -38.972890 7.104939
-9.188230 -8.193104 -36.615530 7.503287
-8.211014 -7.716742 -34.363600 7.981314
-7.426664 -7.335419 -32.134120 8.069326
-6.732949 -7.004384 -31.432270 8.283027
-6.081177 -6.624412 -30.020580 8.566915
-5.489078 -6.233971 -29.339030 8.796607
-4.934984 -5.802268 -28.043270 9.350217
-4.339961 -5.285216 -26.192500 10.279820
-3.697865 -4.592905 -24.447030 11.311510
-3.037676 -3.769289 -22.807630 12.473280
-2.408137 -2.790908 -21.294490 13.739470
-1.801721 -1.625169 -19.956450 15.137190
-1.269630 -0.215074 -18.844540 16.695900
-0.812186 1.417145 -17.841360 18.275220
-0.577413 3.304554 -17.094920 19.928630
-0.470925 5.426109 -16.527820 21.550750
-0.476637 7.694492 -16.071540 23.080180
-0.570738 10.119870 -15.708710 24.501380
-0.648451 12.686750 -15.404620 25.794780
-0.748385 15.378500 -15.138460 26.916940
-0.860824 18.191740 -14.921080 27.833590
-0.998219 21.084400 -14.721830 28.583330
-1.176238 24.100490 -14.552950 29.328440
-1.395968 27.224660 -14.409530 30.033520
-1.640741 30.420880 -14.260860 30.718880
-1.879320 33.664680 -14.113620 31.445230
-2.150183 36.923590 -13.928440 32.316660
-2.397389 40.249040 -13.723870 33.318360
-2.638864 43.594280 -13.480110 34.416280
-2.848280 46.962570 -13.200180 35.638820
-3.041372 50.356970 -12.904190 37.046580
-3.212653 53.820380 -12.530740 38.631180
-3.380992 57.307360 -12.126300 40.410460
-3.567609 60.834770 -11.649010 42.400140
-3.786600 64.385720 -11.170480 44.561300
-3.981904 67.973540 -10.676960 46.875080
-4.173959 71.565920 -10.110870 49.322810
-4.396788 75.106490 -9.548604 51.903000
-4.593996 78.623730 -8.979391 54.615910
-4.800834 82.136440 -8.351003 57.398570
-5.016400 85.597270 -7.689289 60.293890
-5.214554 89.008160 -6.947492 63.296710
-5.369648 92.435540 -6.253323 66.383600
-5.524006 95.827610 -5.510962 69.546750
