-0.000000 0.000000 0.000000 0.000000
-0.031067 2.888054 -0.017096 2.887209
-0.064585 5.738958 -0.034217 5.715953
-0.101303 8.535486 -0.052466 8.505669
-0.142195 11.339520 -0.102346 11.262930
-0.184906 14.041360 -0.110716 13.985160
-0.236713 16.743090 -0.161157 16.674430
-0.293743 19.414190 -0.221938 19.333950
-0.351775 22.037930 -0.272385 21.940180
-0.412104 24.615430 -0.351326 24.480850
-0.469077 27.080370 -0.392278 26.916070
-0.537729 29.454710 -0.451793 29.265890
-0.609883 31.753310 -0.552816 31.535480
-0.707028 33.962280 -0.676222 33.740370
-0.822501 36.085730 -0.806014 35.808540
-0.935694 38.111240 -0.956654 37.795650
-1.022967 40.037480 -1.046400 39.718540
-1.107347 41.890890 -1.132098 41.506470
-1.156523 43.592390 -1.166583 43.150090
-1.165281 45.110470 -1.156185 44.604250
-1.139704 46.435620 -1.119270 45.860980
-1.077742 47.567320 -1.102463 46.899160
-1.006263 48.450880 -1.030892 47.737130
-0.897746 49.232390 -0.893731 48.503470
-0.757712 49.986150 -0.727822 49.244800
-0.562625 50.707270 -0.530924 49.962310
-0.317219 51.420200 -0.329484 50.696230
0.000274 52.129820 -0.031799 51.416840
0.427978 52.800310 0.380509 52.108590
0.965237 53.472800 0.933600 52.806870
1.658262 54.153430 1.663011 53.528370
2.612681 54.789880 2.637997 54.224880
3.766145 55.335410 3.812078 54.836250
5.103719 55.721430 5.148704 55.327960
6.612372 55.902800 6.674881 55.566500
8.209580 55.971350 8.320698 55.690850
9.933246 55.981820 10.084940 55.679490
11.755010 55.963040 11.933430 55.679570
13.673080 55.883300 13.886850 55.623440
15.697980 55.779010 15.942860 55.552650
17.784720 55.672100 18.059710 55.475930
19.978240 55.590270 20.266420 55.433580
22.167140 55.510110 22.455450 55.402820
24.373310 55.484540 24.664950 55.403420
26.568060 55.472620 26.859000 55.407110
28.777650 55.510270 29.064820 55.426500
30.985590 55.548590 31.278990 55.438710
33.207400 55.613480 33.503210 55.478230
35.442520 55.709300 35.750120 55.517980
37.704740 55.826600 38.015660 55.663800
40.002200 55.976310 40.324970 55.833370
42.339510 56.141300 42.672410 56.015900
44.713720 56.343910 45.043040 56.240980
47.122240 56.605330 47.455000 56.476730
49.540680 56.921620 49.894790 56.801600
51.989070 57.297260 52.307890 57.165520
54.343180 57.698510 54.640550 57.541860
56.645460 58.120330 56.922380 57.952410
58.876010 58.567270 59.131620 58.389140
61.013190 59.021080 61.232590 58.851370
63.055930 59.468430 63.255350 59.251730
65.032810 59.902180 65.190080 59.718900
66.922080 60.298360 67.057580 60.130760
68.724720 60.677920 68.806150 60.537290
70.449950 61.033000 70.500420 60.885370
72.086540 61.346730 72.123720 61.178100
73.701140 61.657010 73.737730 61.495120
75.335240 61.944750 75.384840 61.760680
76.992600 62.291350 77.058300 62.154490
78.692590 62.691950 78.773420 62.576640
80.453400 63.179850 80.549070 63.036230
82.265790 63.740490 82.402300 63.596910
84.194030 64.399810 84.370420 64.276440
86.224450 65.153770 86.441850 65.036060
88.357870 65.993410 88.585900 65.900710
90.502450 66.907090 90.739020 66.806390
92.609040 67.903710 92.832550 67.773880
94.633120 68.920130 94.833100 68.741970
96.583420 69.912990 96.783150 69.698720
98.435050 70.883890 98.621500 70.640660
100.212200 71.816210 100.386000 71.546620
101.905500 72.735820 102.070500 72.404070
103.511500 73.620900 103.683100 73.233590
105.060100 74.482340 105.219800 74.067090
106.565000 75.343110 106.718600 74.925380
108.028900 76.228830 108.179400 75.800640
109.484600 77.160920 109.654600 76.756530
111.012500 78.171090 111.203000 77.787580
112.582900 79.246780 112.783400 78.890750
114.228600 80.425890 114.430000 80.150870
115.947600 81.729260 116.153000 81.503200
117.700100 83.151090 117.916900 82.962250
119.523000 84.685210 119.797200 84.511320
121.433400 86.292660 121.722400 86.129560
123.377700 87.978210 123.637300 87.849260
125.311100 89.753620 125.566000 89.666290
127.275600 91.596860 127.532300 91.519050
129.224500 93.463900 129.509900 93.379790
131.149100 95.403230 131.490400 95.275160
133.059000 97.419260 133.439100 97.253100
134.953900 99.488560 135.357000 99.342820
136.852800 101.578900 137.224500 101.437800
138.768400 103.700800 139.084100 103.580100
140.668600 105.771500 140.972700 105.681100
142.593300 107.805600 142.864800 107.713600
144.499400 109.783900 144.785300 109.699600
146.448400 111.754000 146.668500 111.670700
148.396300 113.639400 148.625100 113.556000
150.376300 115.438400 150.542200 115.425100
152.404100 117.222400 152.542400 117.240800
154.478600 118.989300 154.590700 119.053900
156.645400 120.724500 156.717900 120.863000
158.905800 122.432200 158.902600 122.636600
161.194700 124.063600 161.199400 124.277400
163.498700 125.601900 163.462300 125.871700
165.800800 127.092000 165.688800 127.420900
168.046900 128.527100 167.912200 128.802800
170.193100 129.881700 170.021900 130.206300
172.320500 131.175000 172.121300 131.469100
174.354500 132.418200 174.150800 132.692100
176.353200 133.630800 176.117600 133.901600
178.293700 134.777800 178.022000 135.042700
180.174800 135.863800 179.875900 136.108100
181.990300 136.890800 181.667500 137.124400
183.746700 137.844100 183.415500 138.054300
185.502900 138.752600 185.181800 138.960900
187.316700 139.650000 187.029100 139.832600
189.197800 140.526600 188.928900 140.703400
191.166700 141.381000 190.902500 141.609400
193.245000 142.204500 193.005200 142.468400
195.460000 143.026300 195.235000 143.333400
197.772100 143.833600 197.566900 144.175200
200.145100 144.607400 199.977400 144.967400
202.692400 145.397600 202.529300 145.764900
205.249500 146.171900 205.092000 146.564600
207.860900 146.926000 207.697300 147.445800
210.549200 147.643600 210.394900 148.222000
213.300400 148.348200 213.163600 148.899600
216.084100 149.048900 215.929200 149.654200
218.860300 149.726200 218.704900 150.359800
221.644800 150.382100 221.481100 151.028600
224.412100 151.021800 224.231500 151.686100
227.167600 151.643200 227.004600 152.311800
229.918900 152.230300 229.730700 152.908800
232.689500 152.785800 232.495800 153.502100
235.449300 153.313200 235.255700 154.021500
238.199800 153.803200 237.975600 154.533000
240.934200 154.256400 240.718500 154.991500
243.668800 154.668400 243.430700 155.477300
246.368400 155.041200 246.118000 155.891600
249.069800 155.358200 248.793700 156.247300
251.725900 155.632800 251.450700 156.574300
254.402400 155.881300 254.104600 156.870700
257.042800 156.089700 256.737600 157.091300
259.660100 156.224000 259.340300 157.232900
262.271700 156.315800 261.950500 157.380000
264.865700 156.356900 264.538500 157.418800
267.459400 156.359600 267.126200 157.424300
270.039500 156.343700 269.695300 157.433700
272.588200 156.330000 272.240500 157.438700
275.056200 156.330100 274.664400 157.427200
277.448400 156.359600 277.026700 157.516400
279.738200 156.429500 279.282500 157.569600
281.938200 156.520200 281.454900 157.648500
284.012100 156.634000 283.477300 157.762900
285.967000 156.761600 285.394100 157.910600
287.810800 156.898300 287.207700 158.059400
289.549300 157.041600 288.905500 158.224000
291.199000 157.180400 290.520500 158.380100
292.759600 157.324200 292.040000 158.594800
294.237400 157.467800 293.500900 158.778400
295.702000 157.617000 294.971100 158.962500
297.209000 157.765400 296.491100 159.123600
298.767900 157.889400 298.077600 159.289700
300.432800 158.016900 299.778400 159.446800
302.189300 158.141600 301.555700 159.580600
304.038500 158.267800 303.443500 159.702800
305.995200 158.405700 305.423200 159.888100
308.048700 158.531900 307.498900 160.076300
310.174500 158.661100 309.652200 160.141300
312.381400 158.771100 311.889900 160.289300
314.676200 158.867600 314.202900 160.356900
317.037300 158.975500 316.593300 160.468300
319.477900 159.096700 319.047900 160.583700
321.983300 159.231700 321.582400 160.696300
324.556700 159.385400 324.175800 160.907000
327.199000 159.561700 326.836200 161.004100
329.888000 159.763100 329.527300 161.229800
332.606500 159.992500 332.254000 161.470700
335.346200 160.242300 334.995600 161.698600
338.087800 160.502200 337.722800 162.045500
340.808300 160.751300 340.438500 162.267300
343.520500 160.989100 343.146600 162.513700
346.223500 161.227200 345.838100 162.760900
348.906500 161.474100 348.524800 163.015700
351.590100 161.717700 351.192100 163.295100
354.273100 161.969400 353.874900 163.562900
356.966000 162.239900 356.559700 163.893700
359.666600 162.550200 359.241700 164.348400
362.375700 162.896300 361.925300 164.780400
365.062800 163.323000 364.586900 165.325500
367.727000 163.850800 367.230300 165.895500
370.348600 164.475400 369.847600 166.524100
372.964400 165.138700 372.456200 167.234600
375.599800 165.826700 375.097100 167.909600
378.229900 166.566100 377.714000 168.658300
380.801800 167.357500 380.263200 169.448500
383.318400 168.171800 382.776800 170.251700
385.808200 169.013900 385.244800 171.089600
388.246500 169.856400 387.654900 171.974600
390.650800 170.695000 390.029900 172.831600
393.014800 171.503500 392.406000 173.623000
395.404400 172.284100 394.774400 174.408400
397.780400 173.063700 397.159000 175.213200
400.205400 173.874000 399.591100 176.085500
402.725900 174.699400 402.075100 176.945900
405.238700 175.529800 404.619700 177.833800
407.810400 176.369600 407.183700 178.680500
410.380800 177.246300 409.744600 179.570600
412.944100 178.091800 412.288200 180.450100
415.502100 178.907300 414.816300 181.283800
417.987000 179.722000 417.242500 182.166100
420.400700 180.499000 419.619900 182.954100
422.723500 181.229600 421.895500 183.704500
424.970600 181.953100 424.091100 184.532000
427.191300 182.654700 426.280400 185.237600
429.364900 183.330700 428.427100 185.960200
431.542400 184.015100 430.559900 186.720300
433.709700 184.706100 432.732900 187.450900
435.894400 185.396800 434.882600 188.123100
437.987000 186.094800 436.934900 188.850800
439.976500 186.775400 438.898400 189.541900
441.889500 187.423200 440.779700 190.206300
443.709700 188.041300 442.596200 190.696900
445.449300 188.641500 444.251400 191.313500
447.056300 189.201200 445.850200 191.843300
448.590500 189.739900 447.336400 192.408500
450.015000 190.249300 448.723800 192.917600
451.352700 190.721500 450.025000 193.373000
452.596100 191.161200 451.208500 193.819000
453.710200 191.550200 452.275800 194.231200
454.731200 191.911400 453.231500 194.674000
455.653200 192.246800 454.101700 195.059300
456.505300 192.533700 454.949600 195.272500
457.319300 192.826200 455.763600 195.527100
458.109900 193.111500 456.557400 195.777000
458.896600 193.410900 457.312500 196.156100
459.697700 193.760100 458.130300 196.460600
460.531700 194.165900 458.947500 196.943700
461.370300 194.631800 459.779100 197.409400
462.158600 195.139900 460.526000 197.925900
462.899600 195.612800 461.216300 198.402000
463.586200 195.962000 461.924400 198.727000
464.354300 196.273600 462.620100 199.120600
465.139400 196.550800 463.407000 199.406700
465.948600 196.799800 464.219300 199.604500
466.714000 197.006300 464.953000 199.832300
467.409700 197.209000 465.611100 200.049900
468.004600 197.427000 466.161800 200.262400
468.491000 197.643300 466.603400 200.487700
468.884200 197.788300 466.964700 200.654300
469.204000 197.984300 467.254500 200.858800
469.473000 198.134800 467.485700 201.039800
469.708700 198.262200 467.683900 201.191100
469.857800 198.400100 467.762200 201.294000
469.984600 198.505100 467.841200 201.370900
470.093200 198.600100 467.886800 201.401300
