0.000000 -0.000000 0.000000 0.000000
0.003267 4.566315 -0.079694 4.549960
-0.031716 9.099118 -0.170539 9.069394
-0.081952 13.587370 -0.253356 13.545070
-0.172757 18.042800 -0.344703 17.985740
-0.267875 22.451640 -0.416594 22.378170
-0.358400 26.802010 -0.517292 26.703590
-0.442803 31.082040 -0.684077 30.956620
-0.523018 35.271990 -0.722516 35.102810
-0.611006 39.330190 -0.795241 39.117010
-0.673187 43.239550 -0.741754 42.964820
-0.695957 46.977480 -0.791225 46.658160
-0.690361 50.605530 -0.733830 50.251320
-0.609462 54.132960 -0.615956 53.740780
-0.411112 57.531050 -0.412187 57.100620
-0.030280 60.807340 -0.054382 60.339200
0.568852 63.940690 0.563389 63.433540
1.400581 66.903860 1.364369 66.368010
2.445156 69.702430 2.443819 69.115450
3.697183 72.300100 3.820712 71.627610
5.171922 74.740420 5.360261 73.991420
6.852965 76.941870 7.035806 76.171670
8.750799 78.905900 8.949833 78.083110
10.823450 80.634320 11.057780 79.759660
13.066210 82.178440 13.294900 81.355560
15.504950 83.526400 15.736520 82.701420
18.101340 84.588810 18.359060 83.743900
20.853170 85.339470 21.151980 84.398660
23.704110 85.757740 24.013400 84.758460
26.596700 85.903500 26.925620 84.929550
29.539120 85.860020 29.871070 84.823850
32.495530 85.669740 32.841450 84.655920
35.473920 85.419290 35.830280 84.371020
38.479390 85.150930 38.842030 84.076060
41.523140 84.840110 41.890810 83.698160
44.591610 84.512730 44.980930 83.414230
47.698590 84.159740 48.108280 83.115320
50.851300 83.780360 51.278790 82.763440
54.021280 83.370120 54.456830 82.365060
57.236480 82.963200 57.680260 81.973630
60.484150 82.564450 60.963220 81.650440
63.801630 82.126570 64.277610 81.304540
67.115350 81.671290 67.591890 80.804200
70.485000 81.248710 70.978730 80.406610
73.889090 80.831410 74.377690 79.951610
77.339480 80.402860 77.846210 79.567710
80.814430 79.981940 81.335340 79.175490
84.311560 79.560560 84.826860 78.794090
87.843140 79.132970 88.372740 78.384580
91.452740 78.712050 91.996060 77.935550
95.109110 78.302620 95.664520 77.537100
98.802080 77.939830 99.369000 77.268540
102.537600 77.577720 103.102300 76.868900
106.283100 77.182590 106.842000 76.452460
110.001900 76.763780 110.538000 75.976050
113.690700 76.253080 114.189800 75.349780
117.341000 75.581300 117.787900 74.494310
120.903700 74.751300 121.298600 73.546650
124.437500 73.785660 124.818000 72.562030
127.882800 72.651860 128.200900 71.287690
131.253600 71.361680 131.560200 70.027890
134.528800 69.931300 134.819200 68.575520
137.742000 68.328450 138.041100 66.969380
140.926800 66.546730 141.207600 65.164860
144.031200 64.574810 144.253600 63.101320
147.051200 62.406270 147.201600 60.828440
149.969500 60.049300 150.100500 58.450610
152.781800 57.504160 152.876900 55.849620
155.436800 54.746640 155.512100 53.048950
157.947400 51.752940 157.945200 49.995210
160.279800 48.634580 160.220500 46.859260
162.349000 45.353340 162.118100 43.494380
164.179800 41.946720 163.853000 40.042510
165.830900 38.447790 165.413400 36.517930
167.335400 34.861970 166.892700 32.937290
168.691200 31.242820 168.260100 29.324240
169.969500 27.582240 169.529900 25.679670
171.127300 23.900190 170.734000 22.019400
172.263200 20.221330 171.970300 18.408080
173.377000 16.599090 173.109800 14.798270
174.627000 13.004350 174.407100 11.221850
175.942500 9.442182 175.734400 7.682014
177.356800 5.917093 177.144100 4.151994
178.928800 2.434985 178.750600 0.685662
180.675800 -0.971876 180.414600 -2.740639
182.554400 -4.252484 182.297100 -5.986895
184.560700 -7.384682 184.282500 -9.118601
186.750900 -10.368790 186.472300 -12.090780
189.116500 -13.135630 188.874300 -14.776010
191.665700 -15.656880 191.391600 -17.305230
194.385900 -17.931220 194.132100 -19.529540
197.226100 -19.980800 196.938500 -21.599260
200.271800 -21.743030 199.976200 -23.351750
203.448300 -23.203180 203.160800 -24.753150
206.758900 -24.325190 206.503900 -25.812770
210.184300 -25.068170 209.915800 -26.520170
213.630700 -25.424490 213.364600 -26.854420
217.117000 -25.407460 216.836000 -26.835370
220.571900 -25.039820 220.302200 -26.523820
224.021200 -24.363710 223.771100 -25.889640
227.429900 -23.372920 227.182700 -24.923720
230.747500 -22.058700 230.507100 -23.621400
233.928400 -20.443850 233.775200 -22.134070
237.019600 -18.526770 236.924000 -20.312140
239.961000 -16.355940 239.867100 -18.141340
242.779800 -13.984550 242.674300 -15.751340
245.458500 -11.414060 245.433000 -13.256460
247.997000 -8.674394 248.002600 -10.539770
250.390600 -5.759310 250.417500 -7.633080
252.655600 -2.686673 252.641800 -4.509203
254.806500 0.534019 254.861000 -1.323849
256.864000 3.862410 256.958900 1.999570
258.884400 7.263272 259.017300 5.393394
260.877600 10.718320 260.938300 8.898817
262.828700 14.222610 262.782200 12.460690
264.741600 17.745920 264.789400 15.926520
266.637600 21.266150 266.752000 19.413450
268.527700 24.786100 268.781400 22.852700
270.375000 28.334210 270.569400 26.437090
272.219500 31.917810 272.474500 30.008400
274.124700 35.502240 274.294800 33.638150
276.050500 39.060050 276.136100 37.237620
277.989700 42.665330 277.994300 40.898750
279.912600 46.301830 279.803300 44.588660
281.775800 49.949900 281.664400 48.208290
283.563100 53.532720 283.429600 51.785180
285.356500 57.056770 285.258100 55.270420
287.075600 60.536460 286.696100 58.841250
288.712000 63.954910 288.232200 62.276840
290.293900 67.289100 289.765500 65.598270
291.871100 70.559820 291.364200 68.843810
293.538100 73.753600 293.031600 72.041870
295.351100 76.864560 294.835900 75.149000
297.261700 79.892800 296.707900 78.196210
299.367900 82.771990 298.859300 81.023630
301.654700 85.444430 301.107300 83.701800
304.129900 87.873730 303.518800 86.146890
306.795800 90.009740 306.148500 88.276090
309.610300 91.815310 308.905700 90.130520
312.540600 93.287990 311.853200 91.540390
315.589700 94.424870 314.908400 92.650070
318.731100 95.231100 318.041200 93.409880
321.947000 95.719040 321.252700 93.937650
325.202000 95.875140 324.480800 94.202770
328.404100 95.672520 327.632500 94.075000
331.635400 95.086030 330.886500 93.465760
334.756200 94.171900 333.952600 92.629610
337.636900 92.963350 336.836000 91.454120
340.363200 91.461070 339.570600 89.989640
342.964100 89.692180 342.170300 88.188960
345.403300 87.579170 344.443000 85.888090
347.592200 85.092570 346.590300 83.356490
349.463400 82.321490 348.468100 80.625950
351.002500 79.397790 349.963100 77.727240
352.204000 76.402830 351.184400 74.777480
353.107800 73.306490 352.090700 71.675540
353.811200 70.096650 352.834500 68.492230
354.464700 66.889050 353.418500 65.276420
355.047400 63.664610 353.955700 62.063150
355.500500 60.449100 354.421800 58.877740
355.866900 57.296080 354.799700 55.764770
356.198500 54.208160 355.189600 52.724800
356.525800 51.221050 355.553600 49.791640
356.961300 48.369400 356.035300 47.028280
357.538900 45.752540 356.637700 44.513910
358.275300 43.388830 357.343400 42.198430
359.266800 41.238890 358.311000 40.080550
360.571800 39.373830 359.611700 38.266650
362.156300 37.835540 361.191300 36.755910
363.974400 36.638300 362.963200 35.573860
366.080400 35.761110 365.112800 34.602990
368.547300 35.234490 367.643800 34.006320
371.148400 35.045060 370.308900 33.835970
373.899500 35.175270 373.093700 33.983540
376.698100 35.611110 375.881500 34.511100
379.470900 36.322790 378.651100 35.199640
382.212100 37.294470 381.373500 36.232220
384.867700 38.517990 383.988400 37.548490
387.364100 39.991850 386.421900 39.168390
389.701500 41.780710 388.689100 41.053790
391.802700 43.839190 390.745500 43.163640
393.689400 46.099010 392.561500 45.469410
395.383900 48.474340 394.246400 47.842100
396.942200 50.928340 395.765000 50.302630
398.325500 53.450140 397.104100 52.844630
399.544900 56.052550 398.296300 55.467900
400.579700 58.728940 399.344200 58.136840
401.390700 61.486590 400.158100 60.916220
401.978000 64.333130 400.631100 63.790760
402.335300 67.250270 400.902600 66.742650
402.474600 70.259740 400.994600 69.784210
402.447300 73.356030 400.945700 72.905810
402.341800 76.540880 400.681400 76.114930
402.228800 79.805450 400.471600 79.401760
402.075400 83.156280 400.205100 82.785100
401.927800 86.597120 399.886500 86.227050
401.721900 90.113350 399.505900 89.771760
401.455800 93.737450 399.079200 93.410150
401.169200 97.438860 398.660200 97.120170
400.835400 101.196700 398.221000 100.886500
400.479100 104.981000 397.762800 104.658300
400.086700 108.745200 397.308500 108.412900
399.638200 112.493800 396.697800 112.147500
399.138700 116.226700 396.110900 115.863300
398.603300 119.924700 395.486300 119.549100
398.025400 123.612000 394.811800 123.231700
397.409200 127.314800 394.075400 126.916700
396.829000 131.013100 393.339600 130.591800
396.222300 134.687900 392.604300 134.228700
395.601900 138.281700 392.011900 137.824300
395.033400 141.881600 391.352900 141.411200
394.483600 145.487500 390.728200 145.002700
393.961300 149.091800 390.080400 148.602200
393.456700 152.724500 389.427900 152.220100
392.964400 156.362200 388.851400 155.854400
392.473900 160.012200 388.286200 159.507100
391.988000 163.681600 387.737100 163.174000
391.511200 167.360500 387.207700 166.856100
391.037700 171.040400 386.665700 170.541000
390.574400 174.743200 386.156200 174.249200
390.110100 178.440800 385.652200 177.949900
389.662900 182.147700 385.126500 181.660100
389.244100 185.891700 384.682900 185.432000
388.894800 189.677500 384.299700 189.217800
388.606000 193.461200 383.922900 192.996700
388.392800 197.250000 383.669400 196.794500
388.242200 201.058600 383.431700 200.596100
388.167200 204.843700 383.278400 204.397500
388.164900 208.656700 383.140800 208.212400
388.225800 212.467100 383.146000 212.028400
388.337900 216.277100 383.187500 215.850500
388.518500 220.100100 383.208100 219.685900
388.781300 223.924000 383.375400 223.530700
389.110400 227.762200 383.668200 227.377900
389.519500 231.600300 383.950600 231.234900
390.000700 235.455300 384.335000 235.113400
390.533100 239.323100 384.838700 238.996900
391.126500 243.191800 385.306400 242.890400
391.817200 247.082900 385.929400 246.802800
392.446500 250.991000 386.551700 250.735600
393.192700 254.933200 387.359200 254.681000
394.129800 258.841200 388.255900 258.603000
395.212400 262.725700 389.301600 262.500400
396.381300 266.559900 390.377700 266.340800
397.591700 270.309200 391.535600 270.094300
398.915600 273.988100 392.693600 273.816100
400.261600 277.620100 393.919200 277.483100
401.674900 281.230100 395.207300 281.143400
403.099300 284.836200 396.543300 284.769500
404.552600 288.368900 397.868200 288.331800
405.981400 291.858600 399.241200 291.820200
407.396700 295.286300 400.569200 295.261000
408.787500 298.654400 401.894000 298.632600
410.160300 301.970700 403.161900 301.969500
411.532700 305.248600 404.500000 305.261600
412.910200 308.514300 405.762900 308.574400
414.286500 311.815200 407.044500 311.921300
415.632400 315.158100 408.341900 315.301100
416.955300 318.554600 409.658900 318.706500
418.356500 321.950200 411.128700 322.100400
419.919100 325.360500 412.709500 325.523800
421.619500 328.772700 414.428800 328.959100
423.465300 332.205100 416.202500 332.440800
425.389400 335.648500 418.135600 335.893900
427.393700 339.062100 420.094600 339.328200
429.441400 342.427400 422.106100 342.699200
431.502800 345.736000 424.080200 346.049200
433.555500 349.037600 426.097500 349.375200
435.647400 352.345100 428.002000 352.810000
437.737700 355.673900 430.059900 356.154200
439.858900 359.019800 432.132800 359.531000
441.938400 362.354800 434.138900 362.912500
444.011500 365.707600 436.155600 366.296200
446.074200 369.043000 438.178500 369.657200
448.108100 372.393000 440.183300 373.010900
450.106200 375.748500 442.156800 376.370700
452.077600 379.076100 444.129500 379.695400
454.072700 382.382200 446.136300 382.996800
456.149900 385.671800 448.183900 386.329100
458.224600 388.968400 450.214200 389.628100
460.351800 392.205600 452.308100 392.889500
462.503100 395.388100 454.372000 396.073900
464.568500 398.419600 456.408500 399.063800
466.632000 401.347200 458.396300 402.023300
468.654400 404.221700 460.420400 404.870700
470.657600 407.038900 462.380400 407.699400
472.677800 409.783700 464.293800 410.497000
474.657200 412.487100 466.216400 413.215000
476.592600 415.139500 468.124000 415.847800
478.496300 417.710700 470.041400 418.385300
480.372100 420.213300 471.863300 420.884400
482.195400 422.602900 473.566400 423.297800
483.955500 424.843700 475.192500 425.570700
485.628500 426.923600 476.783100 427.625100
487.190800 428.865800 478.268300 429.588900
488.699400 430.731200 479.653100 431.490900
490.108000 432.491800 481.023700 433.206400
491.375400 434.138900 482.213400 434.831800
492.521700 435.661300 483.328800 436.312700
493.585300 437.088500 484.395100 437.710100
494.601900 438.498800 485.412700 439.102800
495.493900 439.942600 486.324600 440.528700
496.198400 441.455900 487.081400 442.009400
496.643000 443.038900 487.575200 443.578100
496.894900 444.688300 487.825400 445.187100
496.838300 446.434300 487.841200 446.973800
496.587000 448.236400 487.658800 448.817100
496.020500 450.035800 487.165300 450.695400
495.316800 451.880800 486.466000 452.566900
494.382600 453.714700 485.531200 454.428700
493.357500 455.591800 484.539500 456.353100
492.259600 457.525200 483.487500 458.336700
491.138900 459.531700 482.448400 460.410700
489.968800 461.583000 481.289100 462.487800
488.778600 463.722100 480.147200 464.705900
487.527700 465.987400 478.933300 467.024100
486.241900 468.332900 477.654700 469.398300
484.929200 470.750300 476.404100 471.860300
483.595100 473.196800 475.074800 474.319600
482.240900 475.680400 473.759100 476.816300
480.881200 478.179700 472.398400 479.336400
479.506700 480.715200 471.065300 481.888500
478.139700 483.249600 469.754700 484.438700
476.741800 485.776600 468.387300 487.016300
475.327000 488.358200 466.995200 489.593800
473.905700 490.923000 465.606700 492.181600
472.463600 493.499100 464.232600 494.793400
471.030900 496.048700 462.845700 497.321900
469.654400 498.493900 461.545500 499.773900
468.311000 500.883700 460.226500 502.153100
467.003300 503.201000 458.968600 504.439500
465.767600 505.385700 457.789400 506.590400
464.618000 507.421200 456.723700 508.603100
463.563200 509.303500 455.717300 510.441300
462.581700 511.077100 454.780600 512.223700
461.620900 512.827500 453.886000 513.980800
460.698800 514.516100 453.028800 515.664600
459.825600 516.111800 452.204000 517.236400
459.035800 517.582500 451.491900 518.679000
458.312900 518.912300 450.765100 519.966800
457.589200 520.176600 450.032100 521.213000
456.756600 521.359000 449.187400 522.390200
455.798000 522.446500 448.249500 523.484800
454.695200 523.354600 447.180700 524.384300
453.456700 523.963300 445.965400 525.117900
452.010000 524.448000 444.493800 525.708500
450.370300 524.664900 442.838500 525.997900
448.645800 524.629300 441.085100 525.951500
446.853700 524.242200 439.228600 525.605700
445.001300 523.578900 437.286500 524.934600
443.053700 522.715000 435.286800 524.093700
441.070200 521.621600 433.288400 522.981800
439.068600 520.385000 431.228600 521.804400
437.067600 519.079900 429.204800 520.546000
435.131900 517.711100 427.253200 519.198400
433.248700 516.276400 425.312700 517.845300
431.409100 514.772600 423.460900 516.361000
429.653800 513.188400 421.655700 514.856900
427.979000 511.552500 419.925100 513.283200
426.376200 509.872800 418.257400 511.697800
424.896200 508.159600 416.714900 510.047400
423.477300 506.386900 415.223000 508.356500
422.151700 504.603800 413.806700 506.641700
420.895300 502.757100 412.420500 504.883400
419.698800 500.847600 411.162300 503.011800
418.553100 498.879100 409.937200 501.079100
417.436100 496.852200 408.746000 499.083400
416.341100 494.769800 407.556300 497.038000
415.299400 492.613200 406.431500 494.906100
414.283100 490.400400 405.266900 492.768400
413.291100 488.174100 404.134700 490.608900
412.307400 485.928500 402.995300 488.426900
411.321100 483.659600 401.950200 486.194200
410.385800 481.369500 400.930100 483.938800
409.484300 479.070200 399.937800 481.677200
408.605900 476.771200 398.975400 479.426200
407.747600 474.482200 397.992300 477.195400
406.916200 472.194500 397.094100 474.943000
406.106200 469.923800 396.221000 472.715900
405.321800 467.714100 395.374500 470.566900
404.581200 465.613200 394.545700 468.552600
403.881000 463.647100 393.789300 466.667200
403.196100 461.842900 393.123600 464.893800
402.563700 460.074300 392.374100 463.179300
401.946900 458.305600 391.608900 461.475700
401.296600 456.548600 390.884400 459.745100
400.651300 454.770400 390.121800 458.015500
399.996700 452.984700 389.379600 456.247600
399.329600 451.125900 388.621300 454.396900
398.618400 449.218000 387.770300 452.530000
397.822000 447.249700 386.865900 450.570500
396.969800 445.208000 385.934400 448.556300
396.116100 443.116600 384.972300 446.489300
395.211200 440.967800 383.915200 444.391500
394.287700 438.749400 382.837300 442.228200
393.341900 436.497700 381.792000 440.014900
392.358600 434.221800 380.702200 437.779600
391.343800 431.907700 379.566900 435.498600
390.285600 429.531900 378.358800 433.174000
389.177900 427.104300 377.106900 430.798000
388.002000 424.633000 375.798500 428.389300
386.786000 422.153600 374.450000 425.973300
385.529200 419.645500 373.066600 423.529700
384.252800 417.122900 371.608300 421.092800
382.927300 414.575600 370.228000 418.590100
381.591500 412.030100 368.730200 416.127600
380.224100 409.463100 367.268000 413.618800
378.830100 406.889400 365.696200 411.143400
377.404400 404.303400 364.079600 408.678400
375.940700 401.722300 362.454800 406.198200
374.431300 399.137000 360.834300 403.674300
372.878200 396.550200 359.173100 401.156000
371.286300 393.960100 357.458400 398.647000
369.662600 391.367800 355.708900 396.142800
368.012000 388.798400 353.931200 393.684900
366.357200 386.258300 352.118300 391.245900
364.686300 383.683500 350.259300 388.804100
362.990500 381.103100 348.460300 386.300400
361.274100 378.545400 346.572900 383.869700
359.479500 376.079600 344.755400 381.485800
357.743100 373.713700 342.964200 379.212000
356.046500 371.424400 341.147900 377.035100
354.349500 369.168400 339.352200 374.876400
352.662900 366.944000 337.608000 372.733900
351.018900 364.780500 335.947500 370.630000
349.445300 362.679200 334.383100 368.574300
347.970100 360.669800 332.862200 366.663200
346.587900 358.760700 331.426500 364.872100
345.269200 357.004900 329.952600 363.335000
343.987600 355.420000 328.617800 361.856700
342.722300 353.942300 327.306800 360.464200
341.428400 352.599100 326.059000 359.146600
340.132200 351.423100 324.740600 358.053900
338.769300 350.441200 323.371200 357.059900
337.341700 349.681300 321.919900 356.384200
335.777200 349.128400 320.371800 355.925000
334.132400 348.908200 318.716200 355.738800
332.452400 349.031300 317.032500 355.869900
330.797800 349.428100 315.336100 356.302600
329.211100 350.167300 313.753600 357.106600
327.641800 351.098300 312.227600 358.141100
326.094800 352.236000 310.699700 359.357200
324.512700 353.489700 309.140700 360.692000
322.875800 354.863500 307.415400 362.024300
321.135500 356.302000 305.771800 363.629000
319.250000 357.710100 303.874500 365.033100
317.242300 359.002400 301.875400 366.374400
315.093800 360.160000 299.720000 367.533800
312.852600 361.167400 297.475700 368.559500
310.509200 362.008200 295.138800 369.452500
308.069100 362.662200 292.708100 370.207900
305.560600 363.146700 290.188000 370.737900
302.953900 363.438100 287.580600 371.071900
300.313300 363.558500 284.951000 371.331000
297.631800 363.522600 282.244800 371.359200
294.885100 363.381000 279.477100 371.349400
292.104200 363.172300 276.685800 371.215900
289.300900 362.939000 273.871900 371.068200
286.491000 362.678500 271.048100 370.877700
283.693500 362.370200 268.260600 370.612800
280.920600 362.098000 265.485100 370.439500
278.169000 361.857400 262.739400 370.253200
275.446800 361.657400 260.018000 370.119400
272.737000 361.519800 257.308800 370.066600
270.035600 361.455000 254.601900 370.086900
267.327700 361.497700 251.894000 370.218200
264.630400 361.676000 249.199000 370.490600
261.940300 361.979900 246.504900 370.793500
259.250900 362.413000 243.810300 371.254000
256.573600 362.959900 241.141700 371.856900
253.917300 363.655300 238.511700 372.636600
251.288400 364.497000 235.889300 373.586600
248.680300 365.504900 233.290500 374.662000
246.094700 366.666900 230.719400 375.875500
243.562600 367.994000 228.226300 377.336000
241.083300 369.508300 225.772000 378.913400
238.697300 371.174900 223.507900 380.727100
236.432200 372.983900 221.294600 382.613600
234.282400 374.915600 219.171400 384.572900
232.221400 376.965100 217.184200 386.704100
230.283900 379.136000 215.313900 388.949700
228.445400 381.408600 213.553300 391.271700
226.762700 383.789500 211.877900 393.659600
225.240300 386.284200 210.432000 396.196900
223.870500 388.875300 209.201500 398.870900
222.651800 391.576800 207.988300 401.600700
221.610300 394.407600 206.976400 404.458800
220.731600 397.346700 206.125500 407.419400
220.036100 400.374900 205.582800 410.508300
219.492700 403.546000 205.152300 413.731400
219.131100 406.829700 204.815000 417.035300
218.954900 410.176200 204.745500 420.390600
218.961000 413.566100 204.905100 423.784100
219.145900 416.967900 205.197600 427.182900
219.451900 420.389700 205.619400 430.592800
219.829800 423.806600 206.159000 434.014500
220.310500 427.237200 206.799000 437.409700
220.868900 430.684800 207.401800 440.855300
221.441400 434.161900 208.177900 444.300700
222.038500 437.663400 208.904900 447.788100
222.674200 441.192400 209.596800 451.320900
223.324700 444.766400 210.357000 454.887900
223.976800 448.390400 211.072800 458.513400
224.645100 452.052600 211.847000 462.161600
225.326300 455.738000 212.628400 465.839800
226.013500 459.438200 213.443000 469.509200
226.742700 463.131400 214.200600 473.201500
227.489100 466.830800 215.164800 476.841400
228.247700 470.527000 216.018800 480.518200
229.012100 474.215100 216.865600 484.184100
229.762000 477.897100 217.740100 487.832400
230.499300 481.567900 218.584700 491.478000
231.252900 485.238400 219.393700 495.125100
232.010300 488.886300 220.265100 498.748100
232.763300 492.531800 221.067900 502.385100
233.545900 496.169700 221.994100 505.980200
234.328200 499.811600 222.887000 509.593800
235.108100 503.420000 223.744100 513.178100
235.907500 507.019800 224.590500 516.762200
236.703700 510.603300 225.535900 520.299900
237.481000 514.162500 226.367000 523.834900
238.249000 517.704200 227.181100 527.365400
239.014400 521.230500 228.027700 530.861100
239.746800 524.741600 228.799900 534.354100
240.436600 528.231300 229.601700 537.810300
241.102000 531.689500 230.296300 541.251800
241.740900 535.133300 231.043800 544.663000
242.359400 538.550300 231.814900 548.039200
242.993900 541.935900 232.572300 551.388500
243.655500 545.295800 233.420700 554.702000
244.307800 548.630700 234.189500 557.994000
244.986700 551.924500 234.979500 561.251500
245.686600 555.189800 235.846200 564.468900
246.402300 558.403000 236.694200 567.646600
247.160300 561.604000 237.566300 570.794800
247.954300 564.747800 238.520400 573.892400
248.799800 567.843200 239.470700 576.933600
249.719700 570.881500 240.525600 579.922300
250.691800 573.875500 241.601000 582.867200
251.722500 576.816900 242.718900 585.764600
252.792400 579.719200 243.899300 588.619400
253.899200 582.619100 245.128800 591.475600
254.999400 585.538800 246.328600 594.362900
256.084000 588.464600 247.453100 597.261200
257.132200 591.413100 248.598000 600.175400
258.142200 594.337700 249.699900 603.058900
259.143500 597.295100 250.688400 606.022600
260.132300 600.227900 251.736900 608.926200
261.124300 603.146400 252.801300 611.809600
262.175000 606.016800 253.917000 614.652500
263.321800 608.844200 255.157800 617.433300
264.592700 611.600700 256.486700 620.161500
266.012800 614.279900 258.053300 622.743400
267.588100 616.881700 259.759500 625.270800
269.323800 619.428300 261.579900 627.768300
271.210100 621.881800 263.471100 630.238400
273.238300 624.254900 265.646400 632.473400
275.373300 626.509900 267.896900 634.614300
277.623300 628.637000 270.202600 636.672400
279.976600 630.608900 272.632100 638.550800
282.453700 632.438800 275.210100 640.227400
285.065600 634.108700 277.902100 641.804200
287.781800 635.684200 280.709900 643.263500
290.614800 637.170400 283.593100 644.699200
293.572000 638.551300 286.625100 646.018600
296.640000 639.897800 289.754700 647.269100
299.815900 641.203200 292.982000 648.547800
303.076400 642.494500 296.273900 649.792700
306.357100 643.765800 299.607500 650.951200
309.674900 645.021300 302.964600 652.117900
312.999700 646.243800 306.312100 653.301300
316.341000 647.457400 309.669900 654.475400
319.656500 648.689200 312.975900 655.723900
322.948500 649.961000 316.314200 656.857400
326.166800 651.311700 319.584500 658.075100
329.336100 652.739100 322.811800 659.354100
332.444200 654.205600 325.933100 660.714700
335.400500 655.659200 328.904600 661.987600
338.177900 657.091100 331.734700 663.253600
340.853600 658.520100 334.418700 664.544300
343.392000 659.901300 336.964400 665.821400
345.797500 661.222900 339.396200 666.960900
348.061700 662.470200 341.680800 668.093600
350.227800 663.663600 343.898500 669.080100
352.269800 664.764500 345.956100 670.016300
354.171500 665.743600 347.811500 670.913300
355.867200 666.596600 349.476200 671.657400
357.385800 667.323400 350.932900 672.328800
358.688300 667.945100 352.160100 672.901000
359.785500 668.454700 353.160000 673.426500
360.684700 668.879300 354.018900 673.752000
361.448900 669.240500 354.784200 674.099700
362.202200 669.609800 355.530000 674.456000
362.884200 670.041700 356.166700 674.965600
363.544500 670.582800 356.937900 675.436900
364.209800 671.330500 357.714000 676.159500
364.845000 672.309500 358.444300 676.931800
365.349200 673.552400 358.899100 678.260800
365.693100 675.079000 359.444300 679.580400
365.765200 676.782400 359.360600 681.355400
365.523700 678.539500 358.938100 683.216300
365.089100 680.489300 358.272000 685.139400
364.466100 682.514600 357.392100 687.121600
363.616300 684.610800 356.365500 689.186000
362.501500 686.760700 355.101900 691.313700
361.240200 688.988000 353.687700 693.509900
359.916600 691.336700 352.196000 695.807400
358.517400 693.800300 350.635600 698.249200
357.035700 696.407500 348.943800 700.776000
355.508800 699.115600 347.206400 703.405700
353.904300 701.929300 345.352600 706.105500
352.257400 704.823800 343.452500 708.884300
350.567500 707.796400 341.519100 711.752000
348.841400 710.853200 339.558000 714.678900
347.061700 713.947900 337.472800 717.629300
345.240600 717.126500 335.346400 720.644600
343.396200 720.384700 333.194400 723.743800
341.517100 723.688800 331.053600 726.913500
339.619000 727.060600 328.861200 730.134600
337.697800 730.488300 326.644000 733.412400
335.746300 733.965100 324.405600 736.748800
333.767200 737.500800 322.112800 740.108500
331.787300 741.093200 319.871800 743.573200
329.802100 744.697600 317.581600 746.988600
327.822700 748.252900 315.327300 750.356800
325.882900 751.750500 313.067000 753.646500
323.953700 755.221900 310.811700 756.910900
322.019400 758.698600 308.565000 760.222900
320.037700 762.177600 306.299000 763.516000
318.097700 765.622300 304.032300 766.746600
316.183200 769.057500 301.839100 770.018900
314.250000 772.494900 299.601100 773.279500
312.275800 775.931500 297.296200 776.516100
310.254000 779.359500 294.972500 779.767600
308.122800 782.782800 292.523500 782.987600
305.862800 786.166800 290.014700 786.218700
303.500700 789.503100 287.372800 789.346400
300.970800 792.776600 284.597100 792.420300
298.346100 795.948700 281.742400 795.384300
295.632400 799.046800 278.743300 798.226400
292.854400 802.131000 275.716700 801.069300
290.021900 805.167500 272.626900 803.837300
287.126600 808.146600 269.456400 806.546500
284.119000 811.063300 266.208200 809.178200
281.041800 813.860300 262.923000 811.714900
277.869300 816.545900 259.625500 814.216900
274.646800 819.105600 256.182400 816.436200
271.386100 821.531200 252.743300 818.548400
268.116800 823.813700 249.305300 820.489100
264.867100 825.970500 245.872000 822.300500
261.611600 828.060300 242.455000 824.051800
258.412200 830.064600 239.135200 825.763400
255.270800 831.964500 235.864900 827.355400
252.165400 833.785500 232.656300 828.888800
249.035500 835.465400 229.367200 830.382500
245.676600 836.941500 226.078100 831.848500
242.526400 838.395100 223.015000 833.219500
239.649200 839.782300 220.121800 834.429500
236.954200 841.095200 217.432600 835.522900
234.477400 842.339200 214.936300 836.580000
232.193600 843.528700 212.644400 837.574800
230.093400 844.639300 210.575800 838.590600
228.164600 845.633300 208.649000 839.429000
226.339700 846.487500 206.853300 840.246700
224.559800 847.148600 205.059000 840.688200
222.862900 847.611100 203.356600 840.982400
221.160000 847.853200 201.614000 841.082100
219.343600 847.650900 199.836800 840.877700
217.613700 847.228800 198.137700 840.333500
215.983200 846.459000 196.519000 839.542400
214.496600 845.376700 195.089000 838.360400
213.166300 844.015600 193.855400 836.890900
211.989600 842.443000 192.775200 835.150100
210.942500 840.673500 191.912200 833.264500
210.015200 838.668700 191.187700 831.167000
209.177100 836.492300 190.507500 828.891600
208.420100 834.203400 189.965600 826.510600
207.685300 831.756600 189.456700 823.933500
206.966400 829.169500 188.978700 821.258100
206.234900 826.499600 188.459700 818.493400
205.491300 823.727800 187.962700 815.632400
204.726900 820.872900 187.476200 812.681600
203.960100 817.947300 186.928900 809.676400
203.188700 814.944500 186.405400 806.586700
202.387700 811.853000 185.854400 803.404100
201.557100 808.685000 185.296100 800.138200
200.707000 805.446700 184.702700 796.817800
199.837600 802.169300 184.210600 793.448000
198.959100 798.853000 183.681200 790.041900
198.078300 795.512000 183.212000 786.608900
197.208100 792.134200 182.634600 783.155200
196.331500 788.727300 182.015900 779.669900
195.393800 785.296400 181.441400 776.142400
194.407000 781.832200 180.740600 772.598800
193.372100 778.361600 179.998600 769.034100
192.268500 774.862700 179.213700 765.437000
191.104500 771.351900 178.350600 761.820500
189.900200 767.803200 177.492100 758.160500
188.697400 764.215300 176.642100 754.453000
187.525500 760.573100 175.764900 750.714600
186.417200 756.874800 174.964600 746.940500
185.391100 753.140200 174.283500 743.127500
184.425300 749.376100 173.666300 739.288200
183.505800 745.586000 173.041300 735.431900
182.630800 741.760500 172.495900 731.538500
181.799600 737.920600 171.878300 727.657700
180.995700 734.046000 171.414500 723.727300
180.235100 730.165100 170.900000 719.808700
179.509000 726.267300 170.452800 715.871000
178.782600 722.358000 170.039900 711.914200
178.060700 718.433400 169.676700 707.935800
177.362100 714.485400 169.339600 703.927400
176.683600 710.485300 168.971600 699.882300
176.012100 706.523900 168.655000 695.888600
175.366700 702.573200 168.369600 691.914700
174.771600 698.664000 168.115800 687.984000
174.208700 694.786000 167.855500 684.093300
173.664500 690.971400 167.693200 680.258500
173.120400 687.194400 167.427300 676.467300
172.609800 683.452500 167.205700 672.719800
172.111300 679.757200 167.047700 668.997600
171.620100 676.075400 166.849800 665.301800
171.116500 672.425100 166.620500 661.631400
170.597300 668.791300 166.446700 657.971900
170.061700 665.158300 166.220500 654.303400
169.508500 661.515700 166.056500 650.615000
168.924400 657.855800 165.807300 646.912100
168.353600 654.164700 165.471400 643.191000
167.787000 650.469600 165.048700 639.478100
167.241700 646.760000 164.857800 635.734300
166.711700 643.033600 164.623700 631.979900
166.161900 639.298500 164.337700 628.207700
165.603300 635.547200 164.116100 624.426300
165.019900 631.781100 163.896200 620.616000
164.407900 627.989800 163.638000 616.777300
163.795100 624.165700 163.404900 612.909600
163.188600 620.333500 163.082500 609.044100
162.585900 616.485800 162.835500 605.149400
162.003800 612.637200 162.629800 601.275300
161.404000 608.796100 162.369500 597.409900
160.758000 604.972100 162.162100 593.543900
160.133600 601.135300 161.952900 589.653400
159.495800 597.273400 161.701500 585.729400
158.840300 593.366000 161.429400 581.783000
158.208600 589.447000 161.128200 577.822000
157.580800 585.515400 160.865200 573.839700
156.942900 581.558400 160.621100 569.840400
156.315100 577.584700 160.386200 565.823100
155.693100 573.602200 160.175300 561.801800
155.097900 569.612100 159.957800 557.779800
154.494600 565.631700 159.750300 553.761000
153.882900 561.635800 159.408100 549.745800
153.275400 557.661700 159.198300 545.737000
152.657100 553.699500 158.947300 541.740100
152.007000 549.736100 158.772400 537.733100
151.335500 545.780700 158.603400 533.736500
150.702300 541.830000 158.325100 529.749200
150.111100 537.863200 158.089500 525.734300
149.565800 533.878000 157.898900 521.725300
149.070700 529.886400 157.637100 517.708300
148.583300 525.892200 157.482600 513.690800
148.098100 521.899600 157.298400 509.680000
147.615200 517.906000 156.989200 505.666600
147.078600 513.924800 156.746400 501.658300
146.557400 509.928000 156.518300 497.644400
145.990800 505.947400 156.349100 493.624500
145.414200 501.983900 156.127400 489.639900
144.839400 498.023200 155.926900 485.643100
144.237000 494.066600 155.599500 481.638700
143.642200 490.086700 155.347600 477.631300
143.093600 486.100600 155.121600 473.608000
142.520000 482.109500 154.891700 469.582200
141.953600 478.120000 154.623100 465.560500
141.409200 474.120700 154.369400 461.526100
140.866200 470.116800 154.174100 457.495400
140.329900 466.129000 153.983500 453.482500
139.802900 462.170200 153.755100 449.508500
139.285200 458.259400 153.585300 445.578700
138.767400 454.380800 153.372500 441.673600
138.265200 450.537100 153.205900 437.813100
137.781900 446.703500 153.032500 433.964400
137.326700 442.890000 152.952700 430.114300
136.905100 439.064700 152.876000 426.260000
136.518100 435.237300 152.821400 422.417800
136.143200 431.414200 152.724300 418.576500
135.825400 427.592200 152.644200 414.737100
135.543200 423.737300 152.651200 410.864000
135.270100 419.908100 152.792000 407.014700
135.035900 416.031200 152.996300 403.136200
134.860400 412.167200 153.002800 399.269200
134.729600 408.319200 153.265800 395.439300
134.657500 404.515600 153.607000 391.660600
134.622800 400.768700 153.840400 387.940600
134.596400 397.079600 154.089600 384.278700
134.623000 393.460300 154.449700 380.694600
134.664700 389.903700 154.789100 377.166300
134.742900 386.395400 155.180800 373.693800
134.849100 382.945500 155.604400 370.283600
134.972000 379.565400 156.111900 366.962100
135.131800 376.244700 156.563400 363.691000
135.333900 373.018200 156.935000 360.504200
135.556500 369.861200 157.429700 357.396100
135.838900 366.777100 157.953100 354.365800
136.225700 363.791900 158.602100 351.446800
136.738700 360.891300 159.356200 348.624700
137.359000 358.081000 160.208200 345.882200
138.112400 355.303200 161.173800 343.162700
138.966200 352.534800 162.407100 340.538300
139.893600 349.805900 163.543900 337.906900
140.896000 347.157200 164.693300 335.333100
141.971400 344.579000 165.927800 332.836700
143.130500 342.084500 167.325600 330.484500
144.392300 339.674500 168.798600 328.198100
145.777400 337.332100 170.386000 325.987700
147.331500 335.073900 172.127700 323.855100
149.057400 332.893100 173.982800 321.754500
150.967000 330.772000 176.087200 319.799200
153.050000 328.762800 178.370500 318.026500
155.286900 326.913400 180.776000 316.366400
157.696000 325.210700 183.290900 314.817500
160.258100 323.696400 185.984300 313.503800
162.973100 322.395300 188.817000 312.468300
165.832800 321.314600 191.765200 311.555600
168.823000 320.455500 194.839000 311.042100
171.915000 319.751800 198.003800 310.677500
175.093600 319.154400 201.244400 310.364000
178.356600 318.621500 204.568500 310.161700
181.670600 318.107800 207.897000 310.019100
184.954100 317.552100 211.268200 309.738600
188.360600 317.014600 214.715800 309.501400
191.810500 316.498600 218.223500 309.375400
195.303300 315.956300 221.761100 309.077800
198.810200 315.370500 225.313100 308.758100
202.319700 314.727700 228.894300 308.413100
205.854900 314.018600 232.489000 308.007000
209.382100 313.210000 236.079100 307.481300
212.873900 312.313500 239.617000 306.858100
216.282400 311.315800 243.088200 306.137500
219.602300 310.211800 246.441000 305.218800
222.828600 308.969500 249.727800 304.244600
225.892800 307.618500 252.907100 303.187100
228.857400 306.132600 255.962300 301.920200
231.705300 304.510000 258.917800 300.547100
234.404500 302.795000 261.738800 299.086100
236.964200 301.022400 264.405900 297.540200
239.357400 299.191600 266.919300 295.929600
241.573300 297.348000 269.233200 294.319100
243.583200 295.531300 271.372300 292.745600
245.364000 293.745300 273.234500 291.134300
246.928300 292.003400 274.868400 289.543200
248.255900 290.313300 276.248600 288.009000
249.318200 288.712300 277.352600 286.490100
250.170400 287.137600 278.263400 284.992500
250.789300 285.600000 279.021600 283.536600
251.165900 284.019700 279.477900 281.971800
251.314100 282.347000 279.771500 280.345200
251.208600 280.685900 279.884700 278.681300
250.772400 279.031200 279.621600 276.956000
249.999900 277.363100 279.008300 275.103500
248.862600 275.742500 277.940000 273.407600
247.391400 274.199800 276.537600 271.751200
245.604100 272.717600 274.849800 270.098500
243.606700 271.249000 272.923100 268.470700
241.483200 269.657000 270.843100 266.754800
239.255900 267.931300 268.687800 264.877000
236.942400 266.062700 266.470800 262.838200
234.573400 264.060900 264.244400 260.647000
232.194200 261.911300 262.021800 258.323700
229.828600 259.643500 259.806600 255.897100
227.459400 257.285700 257.580200 253.401900
225.117700 254.818300 255.405200 250.774200
222.794900 252.268100 253.292800 248.057800
220.539900 249.684100 251.252000 245.351800
218.379000 247.150200 249.332800 242.696800
216.331900 244.688600 247.503400 240.154000
214.447100 242.296600 245.762500 237.748700
212.738900 239.986300 244.246300 235.390300
211.155100 237.800000 242.856700 233.155300
209.645500 235.806000 241.490900 231.149700
208.153800 234.063200 240.156500 229.359600
206.642600 232.599300 238.819500 227.813600
205.050700 231.388700 237.252900 226.687000
203.386000 230.453900 235.689700 225.586600
201.568800 229.804200 233.930700 224.703100
199.652600 229.469400 232.043600 224.223100
197.649300 229.448700 230.078100 224.072700
195.695200 229.808500 228.086500 224.283300
193.757500 230.545900 226.051000 224.839200
191.873400 231.575500 224.061000 225.695300
190.008500 232.786900 222.048700 226.724500
188.027800 234.075600 219.883200 227.795400
185.893500 235.390300 217.592200 228.916000
183.609800 236.705800 215.191200 230.098300
181.165200 238.005100 212.593700 231.210900
178.517300 239.254000 209.814100 232.239600
175.726900 240.407000 206.880100 233.125700
172.707400 241.421200 203.750700 233.900900
169.603600 242.357600 200.585700 234.659000
166.445500 243.209000 197.391400 235.341400
163.269700 243.975200 194.166900 235.946800
160.018600 244.710100 190.858200 236.434100
156.736700 245.397400 187.525000 236.918600
153.408400 246.036100 184.162100 237.355700
150.090200 246.634600 180.829200 237.754300
146.806300 247.228400 177.505900 237.999900
143.505000 247.801600 174.167600 238.268500
140.209300 248.367500 170.843800 238.580600
136.935100 248.926700 167.554000 238.925000
133.701200 249.482000 164.308300 239.252500
130.512300 250.041400 161.109200 239.635000
127.368600 250.623000 157.956300 240.025500
124.279500 251.271600 154.849100 240.513100
121.226800 251.988400 151.756300 240.925500
118.235900 252.796200 148.723400 241.516300
115.296000 253.710500 145.740000 242.230800
112.410900 254.793600 142.769100 243.084200
109.550100 256.073600 139.799400 244.134400
106.765300 257.559400 136.902300 245.375400
104.058300 259.195200 134.076000 246.803100
101.451300 260.983800 131.365300 248.389600
98.958900 262.930000 128.698200 250.129100
96.560750 265.038400 126.140600 252.039100
94.233290 267.302400 123.563900 254.050600
91.992660 269.682500 121.156800 256.256900
89.872160 272.215300 118.871800 258.662500
87.867480 274.902800 116.616900 261.156300
85.990600 277.735000 114.539700 263.866600
84.244040 280.710100 112.528400 266.669600
82.619100 283.777000 110.663000 269.637400
81.079690 286.968600 108.914900 272.700900
79.784310 290.233300 107.297400 275.873600
78.568560 293.653400 105.780400 279.156500
77.471470 297.091000 104.307200 282.460600
76.507590 300.590600 103.015300 285.847800
75.684350 304.118500 101.834400 289.278900
74.993740 307.691900 100.776000 292.758600
74.448540 311.297700 99.865040 296.296100
74.042020 314.935900 99.175140 299.896000
73.771590 318.594800 98.573950 303.523600
73.715910 322.261900 98.011100 307.129800
73.769420 325.907700 97.572990 310.755300
73.817040 329.552100 97.222780 314.377000
74.000290 333.173500 96.951320 317.999300
74.172500 336.809200 96.636150 321.622800
74.344680 340.442200 96.381970 325.256200
74.514430 344.091300 96.177460 328.902700
74.662940 347.746700 95.911540 332.562000
74.736070 351.400000 95.597630 336.184200
74.769320 355.000700 95.335470 339.767300
74.814470 358.586500 94.954940 343.332900
74.746920 362.178000 94.582450 346.898800
74.686830 365.745600 94.270280 350.464500
74.555740 369.317000 93.858510 354.024500
74.360040 372.935200 93.423870 357.621800
74.109450 376.533900 92.907340 361.181400
73.828330 380.133100 92.408700 364.762000
73.476450 383.716600 91.795730 368.306500
73.062260 387.295400 91.117660 371.840100
72.635640 390.839200 90.384300 375.315000
72.123690 394.365700 89.560930 378.798100
71.585570 397.910500 88.775700 382.293200
70.976400 401.435000 87.843360 385.748000
70.311850 404.959700 86.858790 389.192700
69.602670 408.449900 85.798000 392.588100
68.879140 411.948200 84.817970 396.028500
68.139490 415.452800 83.760610 399.459800
67.432580 418.981100 82.690610 402.898700
66.735590 422.501800 81.746560 406.349900
66.031790 425.991100 80.785770 409.766700
65.337700 429.457600 79.807870 413.152400
64.678150 432.971500 78.862060 416.650700
64.092350 436.564700 77.946950 420.162700
63.538820 440.165700 77.112060 423.720100
63.089490 443.780200 76.336220 427.272800
62.687700 447.405600 75.618540 430.843700
62.395430 451.016900 75.034710 434.407200
62.179910 454.600300 74.502240 437.951700
62.016060 458.184800 74.039250 441.511200
61.878910 461.762700 73.575320 445.060200
61.782260 465.339800 73.154930 448.614100
61.711200 468.924000 72.833480 452.182000
61.669710 472.506000 72.519220 455.745400
61.695530 476.094800 72.123110 459.311300
61.729390 479.666900 71.821850 462.870100
61.822870 483.270300 71.578140 466.469600
61.924810 486.878100 71.349260 470.067200
62.056550 490.478600 71.286240 473.678100
62.176020 494.117900 70.982050 477.308700
62.266690 497.773900 70.681030 480.956900
62.330910 501.484400 70.390090 484.684000
62.383600 505.245100 70.197480 488.455500
62.456820 509.016300 69.954060 492.222400
62.639660 512.800600 69.839030 496.023000
62.868350 516.638100 69.683130 499.857600
63.106400 520.456700 69.544470 503.685200
63.367240 524.259400 69.442620 507.484900
63.593570 528.081800 69.330990 511.325200
63.801530 531.888200 69.253650 515.125700
64.024540 535.667900 69.173440 518.904700
64.206830 539.467500 69.049800 522.699600
64.344710 543.234900 68.826350 526.450200
64.496310 546.996900 68.632960 530.220600
64.631930 550.743000 68.387100 533.937100
64.749170 554.462700 68.125910 537.646800
64.914610 558.167300 68.020450 541.357200
65.103700 561.867200 67.853040 545.033100
65.335960 565.517200 67.788550 548.702200
65.569200 569.190200 67.657950 552.375700
65.794250 572.863800 67.569090 556.047900
65.979210 576.521900 67.380560 559.699800
66.180050 580.172300 67.247200 563.361500
66.362280 583.853000 67.197630 567.039300
66.538350 587.515200 67.131210 570.705200
66.682270 591.168900 66.916320 574.344300
66.777600 594.811400 66.703040 577.976800
66.890400 598.420300 66.517960 581.582700
67.026690 602.042900 66.428090 585.198300
67.177460 605.622900 66.184190 588.747700
67.323020 609.198300 66.075020 592.337300
67.450500 612.758000 65.939260 595.872300
67.653570 616.289300 65.751600 599.405000
67.878290 619.813700 65.806570 602.912500
68.154010 623.308500 65.780300 606.415800
68.437020 626.799600 65.725800 609.908100
68.771410 630.257700 65.753340 613.378900
69.202550 633.695200 65.893040 616.822400
69.600670 637.103300 65.955350 620.249600
70.036830 640.488700 66.109400 623.639400
70.506270 643.807100 66.317240 626.980500
70.892770 647.161500 66.453850 630.340700
71.232770 650.443300 66.500330 633.629900
71.580170 653.720500 66.523150 636.906500
71.988160 656.939000 66.613170 640.157300
72.305150 660.204100 66.604880 643.428600
72.604120 663.408400 66.548100 646.641700
72.917010 666.635000 66.479100 649.882500
73.242550 669.852400 66.385080 653.105400
73.637330 673.050100 66.365690 656.347600
74.027710 676.284300 66.356870 659.592600
74.459600 679.526800 66.447650 662.893500
74.950660 682.820100 66.607830 666.191100
75.485380 686.101000 66.730800 669.547000
75.997000 689.438300 66.911980 672.931600
76.620780 692.817900 67.191830 676.379700
77.255750 696.266300 67.437870 679.878500
77.860920 699.720200 67.755970 683.393700
78.456960 703.252300 68.021400 686.986300
79.046650 706.838300 68.189440 690.624400
79.748960 710.431700 68.489160 694.293000
80.377820 714.087800 68.738730 698.007700
80.984990 717.795000 69.064700 701.752900
81.568530 721.524100 69.399500 705.506500
82.226950 725.230100 69.699380 709.267200
82.971570 728.932500 70.052600 713.028700
83.716810 732.637800 70.465060 716.784200
84.461420 736.340000 70.857860 720.537600
85.205890 740.041500 71.374110 724.278700
85.988280 743.734800 71.943160 728.000800
86.881120 747.371500 72.480510 731.705200
87.770200 751.019300 72.901360 735.435200
88.659140 754.657900 73.529440 739.112600
89.568830 758.256300 74.097750 742.802400
90.529500 761.919200 74.747010 746.509400
91.504420 765.495400 75.404710 750.189700
92.518360 769.126400 76.117660 753.871300
93.541990 772.703400 76.802170 757.533700
94.615270 776.302000 77.541290 761.199300
95.687250 779.833200 78.266400 764.811500
96.764590 783.369100 79.097680 768.413700
97.857970 786.887700 79.861360 772.008600
98.977700 790.363900 80.684520 775.559200
100.102700 793.842400 81.513670 779.113600
101.281700 797.278800 82.449170 782.618300
102.480100 800.701200 83.304370 786.136600
103.706800 804.080200 84.228220 789.605600
104.948300 807.449200 85.226960 793.048600
106.192400 810.798000 86.211340 796.475100
107.467000 814.117100 87.240290 799.866000
108.775000 817.411500 88.216440 803.274200
110.077600 820.689800 89.202130 806.628000
111.337000 823.916800 90.175450 809.949500
112.595900 827.082700 91.214660 813.159600
113.862500 830.153000 92.277470 816.286200
115.118400 833.166500 93.263740 819.378700
116.423500 836.128900 94.205650 822.497200
117.895400 839.037200 95.416730 825.520400
119.447600 841.885100 96.745600 828.492000
121.088600 844.701900 98.015170 831.480600
122.872100 847.290700 99.416910 834.287200
124.724400 849.810800 100.896200 837.052000
126.575500 852.329600 102.557300 839.715500
128.426600 854.848600 104.169900 842.408400
130.276800 857.367000 105.942900 844.997300
132.127400 859.883600 107.674700 847.509200
133.992200 862.014800 109.387400 849.727000
135.814600 864.035300 111.071400 851.858800
137.604800 865.988300 112.622200 853.969400
139.298200 867.835900 114.159300 855.903100
140.919200 869.609300 115.579200 857.824800
142.486000 871.338400 116.868800 859.719400
143.940800 872.954000 118.104900 861.444300
145.300100 874.412900 119.269600 862.977100
146.559000 875.661600 120.433400 864.200500
147.650800 876.418400 121.182600 865.133400
148.685500 877.020600 122.077000 865.906400
149.713200 877.623900 122.811000 866.815000
150.732500 878.227900 123.856700 867.357000
151.742600 878.831700 124.933700 867.808300
152.808100 879.342000 126.065000 868.172200
154.068700 879.516900 127.350900 868.380500
155.413300 879.479400 128.745800 868.529900
156.888700 879.272300 130.283300 868.410700
158.478100 878.881900 131.919600 868.061800
160.134900 878.287500 133.639500 867.527000
161.860100 877.489100 135.469900 866.878000
163.672500 876.562600 137.347900 865.987100
165.594100 875.530000 139.343500 865.026100
167.624000 874.437100 141.431400 863.972600
169.770000 873.289900 143.672800 862.931000
172.035600 872.094100 146.000400 861.831700
174.385300 870.862300 148.452400 860.714300
176.854600 869.589200 151.027400 859.602000
179.401000 868.288100 153.641100 858.431800
181.975500 866.969700 156.260800 857.256500
184.536700 865.639500 158.851800 856.009900
187.062400 864.284700 161.397700 854.732900
189.538900 862.924800 163.889000 853.514800
191.918900 861.611300 166.265200 852.267100
194.206900 860.315700 168.579100 851.161100
196.343300 858.956400 170.823100 850.147000
198.368400 857.888200 172.820300 849.244000
200.275000 856.919100 174.764500 848.407200
202.193600 856.085800 176.691800 847.782800
204.073500 855.496400 178.546800 847.267600
205.960400 855.183900 180.444800 847.028900
207.864300 855.202100 182.272000 847.128200
209.713700 855.529100 184.083300 847.595600
211.499200 856.220700 185.875400 848.255800
213.188100 857.107700 187.564100 849.397600
214.784400 858.522000 189.037100 850.951000
216.227100 860.190500 190.346900 852.743500
217.589200 862.100400 191.578700 854.769100
218.870200 864.194100 192.703400 856.954100
220.036500 866.491500 193.745600 859.351200
221.092500 868.955100 194.670400 861.904700
222.159200 871.551200 195.536600 864.596500
223.261300 874.233400 196.435100 867.373000
224.402100 877.003500 197.345900 870.241800
225.538100 879.835200 198.313400 873.128500
226.647400 882.714200 199.223400 876.070000
227.713000 885.605500 200.118000 879.008700
228.729800 888.498800 200.955200 881.936400
229.740400 891.364700 201.709700 884.853000
230.756400 894.190300 202.489200 887.737400
231.798000 896.975600 203.347700 890.553400
232.862200 899.689300 204.197900 893.304500
234.006400 902.314400 205.123200 895.974600
235.284000 904.779800 206.241000 898.503500
236.717300 907.106500 207.430300 900.939800
238.297800 909.282700 208.830800 903.196400
240.026200 911.279800 210.362200 905.329100
241.899800 913.107900 212.052000 907.336500
243.969200 914.753500 213.911400 909.112700
246.167200 916.200700 215.971800 910.770800
248.519300 917.425900 218.199200 912.182100
250.970500 918.372900 220.577300 913.350200
253.540200 919.159700 223.134100 914.208100
256.240400 919.688000 225.787700 914.959600
259.064500 919.965800 228.604600 915.460600
262.004800 920.092700 231.522800 915.917500
265.032800 920.081200 234.596900 916.060600
268.210100 920.078400 237.812700 916.103600
271.495300 919.927300 241.095900 916.102000
274.820000 919.698100 244.440500 916.116600
278.229300 919.336300 247.900700 916.063100
281.674700 918.885400 251.354000 915.881300
285.133600 918.345800 254.854500 915.679500
288.622600 917.728600 258.385000 915.318600
292.132800 917.013700 261.922100 914.866400
295.617300 916.238200 265.431000 914.258300
299.090900 915.358200 268.955500 913.635700
302.533100 914.353500 272.464600 912.953000
305.943200 913.309900 275.919600 912.159700
309.311700 912.191400 279.359700 911.306000
312.679900 911.045400 282.777600 910.337100
316.061700 909.902400 286.240500 909.486100
319.450400 908.753400 289.670700 908.529200
322.840000 907.560400 293.132700 907.552100
326.249400 906.356000 296.613600 906.599900
329.691100 905.139800 300.143300 905.605600
333.195400 903.900600 303.744700 904.654500
336.754600 902.625300 307.401000 903.618300
340.384100 901.328400 311.116700 902.542100
344.064600 899.969000 314.896100 901.436800
347.769700 898.590900 318.661600 900.318600
351.401700 897.220500 322.353000 899.208500
354.975200 895.841100 325.975100 898.057100
358.485000 894.463600 329.539700 896.910700
361.949500 893.084300 333.036900 895.715900
365.336200 891.732700 336.501800 894.692000
368.619200 890.389400 339.850000 893.685500
371.749500 889.112100 342.956900 892.557700
374.681800 887.918900 345.891000 891.619500
377.389200 886.824500 348.585800 890.732400
379.874900 885.837000 351.023900 889.842000
382.177900 884.931600 353.321400 889.102000
384.328100 884.100300 355.485400 888.450700
386.400700 883.311200 357.587700 887.836400
388.376900 882.536800 359.560300 887.147100
390.309000 881.774800 361.556400 886.543000
392.306100 880.993700 363.583400 885.759700
394.377700 880.162100 365.746200 885.094800
396.550200 879.262200 368.006300 884.329100
398.842300 878.314900 370.424400 883.622800
401.259600 877.339000 372.956100 882.849100
403.789800 876.325100 375.588400 882.026100
406.435900 875.291100 378.336800 881.166400
409.217000 874.214500 381.212300 880.240900
412.118100 873.111300 384.226300 879.344300
415.118700 871.959800 387.309000 878.373000
418.218100 870.771000 390.504800 877.383700
421.393100 869.520300 393.782500 876.356400
424.627300 868.193200 397.121600 875.248800
427.914800 866.771900 400.506400 873.998000
431.247800 865.254500 403.922000 872.680100
434.552400 863.690400 407.363100 871.477800
437.807500 862.081600 410.735300 870.229300
440.966600 860.444200 413.969400 868.808300
444.049200 858.816700 417.141000 867.436800
447.069000 857.193700 420.245100 866.033500
450.037100 855.607100 423.283700 864.663800
452.944600 854.081100 426.253900 863.335600
455.777600 852.654400 429.127400 862.152700
458.467600 851.383400 431.818900 861.073600
460.990700 850.198200 434.383100 860.115800
463.426800 849.070300 436.866000 859.199600
465.787600 847.990900 439.267700 858.294600
468.094900 846.950600 441.610700 857.403200
470.366800 845.937300 443.964900 856.598300
472.708100 844.897600 446.403800 855.756000
475.121700 843.800400 448.880100 854.786400
477.587500 842.683800 451.449200 853.869800
480.152400 841.532300 454.142800 852.999700
482.766300 840.339500 456.835400 851.999300
485.445100 839.143200 459.584500 850.950700
488.188300 837.891400 462.401500 849.870700
490.987500 836.623000 465.271600 848.778800
493.803100 835.351100 468.137200 847.705300
496.624700 834.094400 471.039100 846.620800
499.474300 832.809600 473.958300 845.526900
502.358500 831.502600 476.913500 844.429100
505.286800 830.236700 479.896700 843.314900
508.248000 828.948300 482.877300 842.114700
511.244100 827.658100 485.821000 840.815300
514.267100 826.347100 488.903600 839.718500
517.327800 825.031500 491.952400 838.462600
520.388500 823.719100 495.054100 837.343100
523.389100 822.420300 498.126400 836.393100
526.283400 821.190400 501.028000 835.376500
529.057000 820.023600 503.814900 834.480300
531.704800 818.934000 506.437000 833.538400
534.226500 817.916400 508.956200 832.690200
536.656700 816.946600 511.410900 831.918200
539.023500 815.952900 513.821600 831.112200
541.317300 814.866300 516.152100 830.163600
543.532000 813.688600 518.415700 829.116600
545.686900 812.396800 520.682800 828.058700
547.734700 810.971800 522.810900 826.775700
549.629400 809.339400 524.832100 825.294700
551.297600 807.502100 526.631800 823.568300
552.779900 805.465100 528.246100 821.582500
554.025400 803.122900 529.708700 819.342900
555.053800 800.603800 530.918600 816.854600
555.833800 797.890700 531.946700 814.171300
556.486200 795.031700 532.840700 811.327600
557.103100 792.043700 533.669100 808.349300
557.706900 788.950900 534.488200 805.263100
558.314100 785.757400 535.369400 802.090900
558.963000 782.480200 536.236600 798.830700
559.664300 779.132300 537.190400 795.515100
560.383500 775.702500 538.201300 792.121000
561.143700 772.190100 539.252500 788.650300
561.955700 768.606200 540.292400 785.077700
562.794300 764.921400 541.351900 781.425600
563.665600 761.194600 542.424900 777.734700
564.512000 757.439400 543.560700 774.049200
565.360500 753.691900 544.688200 770.381700
566.202300 749.955700 545.814900 766.706800
567.038700 746.210000 547.004400 763.047800
567.914000 742.455400 548.162500 759.364300
568.809800 738.700200 549.347400 755.684400
569.651600 734.948800 550.485900 752.003300
570.504400 731.165000 551.661100 748.290500
571.381700 727.390900 552.866600 744.617100
572.231200 723.645800 553.995500 740.948800
573.054100 719.904800 555.086000 737.266000
573.889700 716.163100 556.237100 733.594800
574.718600 712.404800 557.347700 729.908800
575.527100 708.639600 558.452800 726.209200
576.261300 704.869800 559.457400 722.499900
576.930700 701.064300 560.427000 718.739900
577.575900 697.234700 561.382000 714.963200
578.192400 693.375300 562.272100 711.149100
578.778500 689.496000 563.139900 707.307700
579.345900 685.591800 564.025900 703.449000
579.857300 681.665400 564.878000 699.575400
580.310600 677.720500 565.577400 695.648700
580.758800 673.746400 566.291500 691.721700
581.155000 669.796200 567.004700 687.814800
581.510700 665.865700 567.701400 683.937800
581.822900 661.969700 568.304100 680.086000
582.077900 658.112900 568.889600 676.274300
582.273900 654.274900 569.460100 672.463100
582.437900 650.427100 569.938400 668.645200
582.599800 646.577200 570.376200 664.801700
582.753900 642.693800 570.863000 660.944700
582.851400 638.813400 571.299400 657.075300
582.898800 634.890000 571.692800 653.162900
582.982400 630.949500 572.070300 649.233800
583.073100 627.003400 572.512600 645.308100
583.192100 623.061600 573.021100 641.410200
583.328900 619.143000 573.512000 637.517000
583.475300 615.223700 573.971400 633.618400
583.625900 611.282200 574.468600 629.702000
583.720700 607.341100 574.977700 625.794900
583.834500 603.396300 575.490200 621.881200
583.934300 599.462000 576.052100 617.999000
584.036500 595.562800 576.603500 614.147400
584.162200 591.689200 577.078000 610.311400
584.227300 587.867900 577.575700 606.515700
584.317600 584.024500 578.072900 602.702700
584.499000 580.192700 578.650300 598.921300
584.808000 576.397200 579.343300 595.184300
585.238500 572.636300 580.122900 591.488700
585.796800 568.901300 581.019400 587.819900
586.480500 565.193700 581.973900 584.173600
587.248500 561.507600 583.018000 580.561700
588.029900 557.836500 584.088800 576.966100
588.838600 554.171600 585.167600 573.367400
589.673700 550.509400 586.292200 569.791900
590.516100 546.866500 587.421000 566.237400
591.343500 543.261900 588.564200 562.740300
592.132200 539.698600 589.631800 559.269600
592.828000 536.162600 590.621100 555.809700
593.460000 532.659000 591.544100 552.407500
594.031700 529.277200 592.410300 549.150700
594.554500 526.081000 593.200600 546.079600
595.075800 523.072600 594.016200 543.195600
595.617300 520.255100 594.834800 540.522200
596.166400 517.626800 595.594600 537.995600
596.704800 515.143200 596.325800 535.620600
597.194900 512.833500 597.006400 533.421700
597.576200 510.694300 597.533500 531.369400
597.786600 508.667900 597.870400 529.378600
597.747500 506.649500 598.039200 527.415500
597.514600 504.697700 598.238800 525.476600
597.070500 502.800000 598.080900 523.574000
596.402400 500.998300 597.554200 521.634200
595.438900 499.228700 596.704800 519.764600
594.162500 497.526700 595.604100 517.933400
592.513700 495.900800 594.144500 516.246900
590.635600 494.532500 592.353700 514.728800
588.500500 493.343000 590.331100 513.316900
586.178900 492.278900 588.100400 512.073900
583.738500 491.279000 585.739900 510.864000
581.166800 490.215600 583.299100 509.509100
578.490800 489.083700 580.711100 508.176500
575.723500 487.861500 578.053500 506.742300
572.904600 486.554700 575.353800 505.211700
570.042200 485.190900 572.639400 503.625800
567.169200 483.760200 569.968500 501.896900
564.280500 482.280300 567.222700 500.203600
561.350400 480.769600 564.428600 498.519500
558.405800 479.261600 561.608900 496.815700
555.376800 477.743300 558.752400 495.051300
552.348800 476.229900 555.920200 493.276900
549.309400 474.657200 553.077900 491.432200
546.268100 473.067100 550.180300 489.692300
543.205700 471.460400 547.316200 487.804000
540.123400 469.844900 544.378900 486.004400
537.055800 468.227900 541.509100 484.164400
534.039300 466.620500 538.689900 482.343900
531.070100 465.041900 535.954100 480.508900
528.189800 463.496400 533.286100 478.740600
525.392500 461.985300 530.703300 476.985600
522.696400 460.482700 528.225600 475.277000
520.138600 459.018200 525.870600 473.661200
517.756100 457.609300 523.695600 472.119600
515.544600 456.272300 521.695100 470.616000
513.468500 454.993400 519.822700 469.162800
511.515000 453.792000 518.016900 467.892500
509.647000 452.752700 516.311300 466.701600
507.816400 451.952700 514.672500 465.712800
506.024700 451.375100 512.902200 464.966900
504.164400 451.057300 511.086900 464.467400
502.213400 450.955500 509.227400 464.250600
500.360000 451.174600 507.365300 464.341900
498.532400 451.717400 505.467100 464.710200
496.762400 452.594900 503.591400 465.426300
495.085200 453.803100 501.739900 466.499800
493.512800 455.370800 500.000400 467.912800
492.140200 457.192000 498.398900 469.614100
490.899800 459.329000 496.863100 471.645200
489.697100 461.689000 495.356800 473.913500
488.436200 464.216900 493.778400 476.321600
487.065300 466.910000 492.166200 478.958200
485.589500 469.753000 490.347700 481.665600
484.009700 472.740300 488.464000 484.543500
482.314200 475.837000 486.450100 487.478600
480.567300 479.018100 484.414600 490.530600
478.766800 482.282500 482.297800 493.596800
476.977200 485.484200 480.180200 496.614500
475.149800 488.770200 478.004200 499.669700
473.326600 492.020400 475.870700 502.749100
471.475600 495.302800 473.656300 505.817900
469.568200 498.617300 471.416900 508.932000
467.651300 501.958900 469.183700 512.083100
465.708000 505.334400 466.904700 515.251300
463.769100 508.731500 464.592700 518.411700
461.845200 512.161900 462.274800 521.596500
459.919600 515.621400 459.906100 524.790000
457.939000 519.112900 457.528400 528.034700
455.953400 522.620500 455.257700 531.365300
453.935100 526.117100 452.927500 534.656600
451.928900 529.614300 450.629200 537.979300
449.964500 533.134600 448.305700 541.277500
448.010500 536.687300 446.044900 544.643000
446.054100 540.236000 443.730900 547.976900
444.056100 543.807900 441.401000 551.368400
442.049300 547.417800 439.107400 554.793900
440.037800 551.028500 436.792800 558.223300
438.025200 554.634600 434.467200 561.629200
435.977800 558.237500 432.031300 564.987800
433.919500 561.855000 429.677800 568.431700
431.843000 565.470100 427.243300 571.819700
429.767800 569.108300 424.815000 575.218400
427.667800 572.747600 422.393000 578.696000
425.537800 576.435200 419.947600 582.161000
423.436400 580.100900 417.489600 585.596600
421.318500 583.767700 415.048300 589.055800
419.219900 587.449100 412.594200 592.513400
417.120400 591.134600 410.160100 595.987100
415.005200 594.832500 407.710400 599.496100
412.888500 598.541400 405.283600 603.004300
410.755500 602.261600 402.820100 606.522400
408.648800 605.999000 400.372500 610.038500
406.499300 609.720300 397.860900 613.542600
404.349900 613.457900 395.352200 617.028000
402.219500 617.158900 392.970000 620.551100
400.144400 620.804100 390.589500 623.974900
398.088300 624.376000 388.230200 627.307500
396.094000 627.872100 385.921300 630.600700
394.096100 631.363900 383.566200 633.859300
392.096200 634.841100 381.287400 637.133500
390.122200 638.266000 379.020000 640.383100
388.138200 641.719200 376.729100 643.621700
386.190000 645.182000 374.447300 646.875900
384.289400 648.626900 372.290700 650.140600
382.388400 652.005600 370.046900 653.295800
380.473700 655.356700 367.834700 656.456200
378.503900 658.701400 365.506500 659.595800
376.494800 662.062000 363.314700 662.805500
374.499000 665.373200 361.052100 665.963400
372.495100 668.759000 358.737500 669.160200
370.503500 672.182700 356.424900 672.399800
368.470500 675.625200 354.090400 675.660800
366.423200 679.124800 351.749600 678.993700
364.370700 682.649600 349.399700 682.330500
362.295100 686.175900 347.013500 685.670600
360.227100 689.735900 344.631300 689.038300
358.182300 693.297500 342.311700 692.410000
356.109700 696.850900 339.950000 695.771000
354.085800 700.357400 337.671900 699.109200
352.038300 703.859700 335.324700 702.420100
350.008800 707.353700 333.035300 705.742600
347.982700 710.855500 330.736600 709.069500
345.942000 714.320900 328.390200 712.331000
343.906200 717.779200 326.061000 715.592600
341.889600 721.226700 323.752100 718.851100
339.882000 724.654800 321.448700 722.085300
337.868700 728.103400 319.157900 725.371500
335.866200 731.571800 316.860600 728.661800
333.967500 735.105200 314.604600 731.982800
332.130600 738.707000 312.304700 735.356400
330.109000 742.325700 309.949600 738.790600
328.052600 745.993300 307.626800 742.324700
325.960300 749.694700 305.229200 745.838600
323.882400 753.400900 302.850100 749.341700
321.810400 757.046400 300.490600 752.777200
319.688500 760.664000 298.083900 756.241800
317.595700 764.288500 295.673900 759.629800
315.554700 767.892700 293.237500 763.008500
313.514600 771.526200 290.841000 766.407900
311.450700 775.119600 288.416200 769.754600
309.357300 778.629400 285.949000 772.983600
307.194900 782.050500 283.480100 776.196500
304.937400 785.448200 280.910000 779.378000
302.592400 788.799400 278.303000 782.532600
300.153800 792.111000 275.574600 785.618600
297.624000 795.374800 272.802000 788.696800
294.927000 798.539300 269.917500 791.672200
292.185800 801.678500 266.912100 794.587500
289.192200 804.695700 263.769100 797.430800
286.151300 807.624000 260.588200 800.168100
283.065000 810.476300 257.381200 802.811200
280.007100 813.213700 254.152400 805.307000
276.942200 815.904300 250.874900 807.710800
273.811500 818.493600 247.543200 810.010600
270.605600 820.960500 244.135000 812.151200
267.321200 823.303700 240.696500 814.256400
264.005200 825.567800 237.217000 816.212100
260.657900 827.735000 233.705300 818.083200
257.273000 829.813900 230.197700 819.893700
253.861800 831.809200 226.668400 821.634000
250.446800 833.761300 223.119500 823.309500
247.052800 835.652800 219.650400 824.960200
243.677200 837.476800 216.174900 826.509000
240.295500 839.294300 212.688900 828.043200
236.906500 841.089700 209.189300 829.565600
233.510200 842.896300 205.713000 831.164000
230.131200 844.723000 202.249900 832.744500
226.769300 846.514500 198.809100 834.287200
223.408300 848.268000 195.310300 835.724500
220.026300 849.991200 191.838800 837.213100
216.652600 851.728000 188.371900 838.686900
213.269900 853.442300 184.872800 840.104800
209.880600 855.139200 181.375800 841.549200
206.468800 856.885000 177.831700 843.014900
203.010300 858.620500 174.276900 844.472000
199.502700 860.363300 170.721000 846.019300
196.002500 862.107300 167.117600 847.488500
192.526600 863.893400 163.576900 849.017000
189.070200 865.686900 160.019500 850.549600
185.622800 867.526100 156.478900 852.121300
182.188500 869.362900 152.895000 853.637900
178.750800 871.210600 149.355800 855.206900
175.314500 873.051400 145.798700 856.780600
171.878500 874.938000 142.248800 858.408400
168.464000 876.882000 138.712100 860.092700
165.093500 878.898700 135.234000 861.911100
161.793700 881.039600 131.762800 863.741600
158.553600 883.315600 128.357400 865.737600
155.369300 885.727000 124.977200 867.866300
152.279000 888.277000 121.704600 870.192700
149.259200 890.897300 118.512800 872.587800
146.298100 893.633000 115.365100 875.109500
143.341500 896.377900 112.224500 877.625000
140.419600 899.149000 109.127200 880.187500
137.428800 901.883400 105.990100 882.734200
134.430600 904.585400 102.881800 885.263000
131.430500 907.268900 99.742240 887.778800
128.400000 909.942700 96.561570 890.266100
125.387100 912.605700 93.416910 892.714700
122.446000 915.311700 90.296180 895.225800
