0.000000 -0.000000 0.000000 0.000000
-0.140643 2.574964 -0.033033 2.578805
-0.281220 5.148987 -0.141410 5.156669
-0.421837 7.724036 -0.205449 7.735410
-0.562431 10.298960 -0.359310 10.310490
-0.701879 12.869650 -0.511555 12.884500
-0.854664 15.479570 -0.657551 15.524550
-1.011589 18.173180 -0.808383 18.240860
-1.171840 20.913680 -1.008795 20.995240
-1.334841 23.709530 -1.189815 23.806390
-1.487044 26.544710 -1.369494 26.650270
-1.633363 29.422930 -1.526157 29.552950
-1.768976 32.357140 -1.690838 32.490050
-1.929780 35.330970 -1.848133 35.545570
-2.126953 38.471510 -2.068966 38.663640
-2.329940 41.561110 -2.195573 41.748380
-2.535885 44.597900 -2.404222 44.764970
-2.728914 47.592750 -2.591909 47.747090
-2.937935 50.537730 -2.802643 50.687820
-3.130185 53.464980 -2.997775 53.597980
-3.310922 56.350390 -3.197664 56.482130
-3.511313 59.225400 -3.430788 59.334400
-3.703384 62.006320 -3.687553 62.080790
-3.912602 64.697860 -3.949892 64.726680
-4.114442 67.264550 -4.198518 67.250230
-4.313021 69.714240 -4.403265 69.665330
-4.514875 72.037350 -4.656004 71.921050
-4.709494 74.175390 -4.875306 74.003650
-4.891889 76.138280 -5.103319 75.897170
-5.039038 77.925340 -5.315302 77.635640
-5.159772 79.592300 -5.469377 79.260680
-5.235209 81.135380 -5.549048 80.760670
-5.207469 82.555940 -5.499713 82.147630
-5.029560 83.885300 -5.281650 83.455690
-4.680938 85.118200 -4.989490 84.682720
-4.130089 86.200010 -4.484004 85.767400
-3.393066 87.095580 -3.756047 86.639930
-2.508137 87.820100 -2.881188 87.381220
-1.511055 88.343490 -1.915890 87.970000
-0.450022 88.747950 -0.861000 88.410620
0.676345 89.023150 0.267862 88.675580
1.832910 89.277150 1.446884 88.930580
3.089762 89.418990 2.741724 89.082760
4.475771 89.556060 4.161586 89.241370
5.974572 89.621010 5.702215 89.331390
7.614093 89.671530 7.394121 89.403620
9.420230 89.707860 9.254292 89.478750
11.388370 89.721450 11.267190 89.515100
13.505010 89.738680 13.435310 89.589780
15.773680 89.805260 15.748800 89.735340
18.156510 89.929480 18.140270 89.973200
20.581930 90.082780 20.579520 90.134280
23.034320 90.227690 23.027400 90.343460
25.478370 90.365000 25.465020 90.483210
27.909920 90.499220 27.898890 90.611790
30.340320 90.588890 30.317430 90.721450
32.740690 90.598330 32.707620 90.760690
35.110390 90.529620 35.065890 90.735990
37.430830 90.386730 37.368470 90.610010
39.683630 90.176290 39.605450 90.479360
41.863240 89.910310 41.766170 90.251650
43.959460 89.634420 43.821640 89.980420
45.922800 89.378560 45.735250 89.766130
47.726310 89.193250 47.482100 89.613330
49.366470 89.121130 49.087260 89.585290
50.939410 89.191540 50.652070 89.690590
52.464070 89.450930 52.164370 89.993330
53.889450 89.945260 53.549070 90.535370
55.133190 90.660970 54.733150 91.278450
56.158450 91.620300 55.759710 92.234590
56.967930 92.764920 56.579500 93.378130
57.539920 94.061200 57.168200 94.683020
57.927200 95.446880 57.569760 96.087460
58.277310 96.884370 57.928000 97.539410
58.589460 98.403450 58.235690 99.088930
58.940360 100.002400 58.594470 100.716100
59.343230 101.692600 58.988320 102.454600
59.798800 103.499800 59.418730 104.308000
60.309140 105.392300 59.961660 106.211300
60.819120 107.363700 60.494650 108.226600
61.355080 109.477800 61.029420 110.372400
61.874140 111.669200 61.550330 112.595400
62.417580 113.964900 62.062240 114.938400
62.973720 116.373200 62.598850 117.381900
63.512460 118.836400 63.106850 119.862000
64.057360 121.342700 63.629390 122.386600
64.655860 123.876700 64.233270 124.932500
65.262090 126.422600 64.790770 127.491500
65.864770 128.941000 65.348090 129.982900
66.510510 131.382800 65.938010 132.473400
67.135460 133.867500 66.494560 134.924300
67.748220 136.262500 67.035520 137.350600
68.311480 138.668800 67.585230 139.759600
68.830800 141.066900 68.059260 142.154300
69.359830 143.451000 68.518020 144.535700
69.844620 145.829800 68.996580 146.933100
70.257380 148.240700 69.406210 149.328100
70.634070 150.615300 69.812880 151.711900
70.952630 153.048800 70.096720 154.147000
71.236680 155.482600 70.361040 156.598100
71.430750 157.958600 70.579180 159.067600
71.592060 160.420500 70.757380 161.523700
71.705560 162.889100 70.890920 164.012900
71.811250 165.386800 71.002270 166.485700
71.901490 167.846500 71.099660 168.964400
71.944200 170.358200 71.144140 171.484600
71.944230 172.867000 71.125290 173.982300
71.880770 175.411200 71.059020 176.550200
71.759300 177.947700 70.952860 179.070500
71.629380 180.489300 70.856550 181.636400
71.495820 183.069400 70.717870 184.203600
71.389860 185.611000 70.625760 186.758500
71.229200 188.181800 70.472080 189.307800
71.075770 190.694700 70.334570 191.825200
70.908190 193.208300 70.163020 194.329900
70.732240 195.676300 70.032910 196.782600
70.587330 197.902600 69.914830 198.902300
70.462020 200.022200 69.798540 201.021900
70.336670 202.141700 69.687810 203.141600
70.211280 204.261000 69.584010 205.261100
70.085900 206.379000 69.529930 207.382900
69.986060 208.445300 69.517540 209.392000
70.007780 210.375700 69.602770 211.310200
70.026080 212.295900 69.638330 213.240400
70.017620 214.252400 69.695260 215.197900
70.013230 216.217200 69.725850 217.187900
69.972110 218.270700 69.730910 219.259700
69.934360 220.317400 69.731370 221.266700
69.972850 222.305500 69.730690 223.289800
69.981630 224.353700 69.739910 225.327900
69.981870 226.399100 69.740610 227.391200
69.949190 228.454500 69.722600 229.428300
69.907170 230.454300 69.681810 231.415700
69.859830 232.418200 69.621230 233.343900
69.810200 234.247600 69.589810 235.122000
69.754960 235.896800 69.558760 236.723200
69.602960 237.437200 69.437510 238.255500
69.315000 238.920100 69.177140 239.721600
68.846420 240.276600 68.732390 241.067600
68.166090 241.479400 68.073170 242.258100
67.318270 242.492800 67.235960 243.263400
66.332240 243.344200 66.276140 244.125600
65.260110 243.991900 65.209380 244.750100
64.140300 244.474300 64.066700 245.206800
62.867510 244.772700 62.759340 245.552100
61.458940 244.926000 61.320360 245.717800
59.947420 244.952000 59.779930 245.747400
58.335370 244.902100 58.129220 245.685600
56.595980 244.824000 56.338540 245.624800
54.694040 244.743800 54.379670 245.512000
52.650420 244.604800 52.291190 245.443900
50.451970 244.390700 50.005180 245.374700
48.058070 244.235000 47.558700 245.320500
45.515050 244.100900 44.982140 245.319300
42.921790 243.969200 42.389460 245.259800
40.316590 243.840300 39.774790 245.201800
37.706940 243.722400 37.156170 245.091400
35.094890 243.629800 34.550960 244.976500
32.472950 243.489000 31.914980 244.817100
29.851950 243.348200 29.312830 244.636500
27.264200 243.258500 26.740420 244.514200
24.724050 243.174900 24.205720 244.437000
22.210390 243.091000 21.707450 244.366800
19.736330 242.979500 19.254250 244.221800
17.311070 242.850400 16.830360 244.121200
14.901790 242.682800 14.434410 243.962000
12.542000 242.455300 12.094310 243.762400
10.258080 242.218100 9.837247 243.550400
8.077281 241.997300 7.702056 243.362900
6.032146 241.805400 5.697446 243.190200
4.114420 241.647100 3.824541 243.080400
2.325909 241.523700 2.083795 242.910700
0.684853 241.422100 0.495918 242.842200
-0.804697 241.361800 -0.938528 242.885800
-2.147061 241.322400 -2.227893 242.922400
-3.335045 241.321100 -3.361111 242.943000
-4.362696 241.347700 -4.328510 242.993100
-5.195608 241.375100 -5.080157 243.046200
-5.787975 241.411000 -5.444414 243.051200
-6.148943 241.435700 -5.711889 243.063300
-6.347609 241.453500 -5.805085 243.075600
-6.441034 241.457400 -5.805085 243.075600
-6.441440 241.456100 -5.805085 243.075600
-6.439927 241.462600 -5.805085 243.075600
-6.440440 241.482800 -5.805085 243.075600
-6.480607 241.498100 -5.805085 243.075600
-6.560264 241.507700 -5.880727 243.078900
-6.742488 241.516100 -5.948745 243.077700
-7.099251 241.541700 -6.048446 243.088000
-7.627305 241.597900 -6.105112 243.093500
-8.293171 241.705000 -6.113846 243.095000
-9.050632 241.890800 -6.127511 243.098200
-9.863606 242.207700 -6.152170 243.109700
-10.727660 242.661600 -6.201499 243.136800
-11.566170 243.294100 -6.281863 243.198900
-12.317670 244.121800 -6.448046 243.368300
-12.969870 245.164100 -6.650277 243.731800
-13.469580 246.441200 -6.853298 244.277300
-13.828110 247.877300 -7.012097 244.978500
-14.057520 249.558000 -7.129846 245.777700
-14.176210 251.405900 -7.166170 246.685200
-14.264690 253.405000 -7.180557 247.691100
-14.328890 255.544200 -7.191584 248.772000
-14.399650 257.837600 -7.208945 249.881800
-14.471380 260.263200 -7.211515 251.162100
-14.561590 262.807800 -7.262885 252.586100
-14.652820 265.491700 -7.262215 254.154600
-14.739760 268.254400 -7.286449 255.911000
-14.858340 271.134800 -7.314426 257.802400
-14.973530 274.134700 -7.384993 259.848000
-15.069550 277.175700 -7.439764 262.035500
-15.175210 280.293600 -7.469325 264.378100
-15.297230 283.446400 -7.616896 266.836100
-15.436590 286.619600 -7.673699 269.434100
-15.585790 289.810900 -7.784897 272.143900
-15.736240 292.959600 -7.937040 274.935500
-15.885310 296.071900 -8.056644 277.859200
-16.046970 299.165600 -8.113028 280.879600
-16.219660 302.246300 -8.248337 283.944000
-16.389710 305.314100 -8.361152 287.081900
-16.559690 308.378300 -8.498423 290.232500
-16.709350 311.458900 -8.610606 293.421500
-16.839300 314.563300 -8.734902 296.603800
-16.972270 317.709200 -8.818639 299.737400
-17.118400 320.893100 -8.934782 302.848300
-17.281700 324.127200 -9.046935 305.935100
-17.454380 327.375400 -9.107245 309.021700
-17.614190 330.593900 -9.183768 312.085900
-17.775860 333.802500 -9.287499 315.152200
-17.959610 336.995200 -9.385605 318.244000
-18.128440 340.134300 -9.515557 321.361100
-18.295640 343.191900 -9.676216 324.521500
-18.453080 346.169000 -9.798394 327.720000
-18.632610 349.056200 -9.893096 330.969200
-18.817710 351.841100 -10.058170 334.210600
-18.986450 354.488400 -10.165900 337.421800
-19.124870 356.982400 -10.250980 340.634300
-19.220930 359.289500 -10.356900 343.811400
-19.310450 361.377700 -10.490960 346.929100
-19.390050 363.254000 -10.359720 349.944500
-19.458340 364.945900 -10.423620 352.895000
-19.552440 366.417400 -10.644670 355.744200
-19.716910 367.755600 -10.969300 358.461600
-19.992010 369.044200 -11.570820 360.995500
-20.413100 370.267200 -12.282330 363.317200
-20.994480 371.390500 -13.295810 365.313500
-21.767920 372.412000 -14.526010 366.904200
-22.740410 373.381300 -15.758980 368.237200
-23.931400 374.199500 -17.083640 369.161600
-25.311900 374.775400 -18.388670 369.725800
-26.849130 375.102700 -19.685470 370.029600
-28.541320 375.088500 -20.999650 370.008900
-30.331610 374.930400 -22.283400 369.918400
-32.178580 374.714400 -23.542040 369.803000
-34.124600 374.519300 -24.855830 369.690800
-36.192510 374.312000 -26.252760 369.577100
-38.360350 374.089000 -27.713380 369.461100
-40.674090 373.890900 -29.223370 369.356400
-43.125350 373.717400 -30.836270 369.289200
-45.733890 373.570600 -32.554830 369.229700
-48.422050 373.450300 -34.385640 369.186700
-51.153580 373.336900 -36.258380 369.156600
-53.919190 373.217300 -38.265490 369.112100
-56.668140 373.082400 -40.370160 369.035200
-59.399580 372.949600 -42.588470 368.984800
-62.128270 372.797100 -44.955380 368.881300
-64.827270 372.599800 -47.460150 368.760800
-67.509200 372.402100 -50.109170 368.649100
-70.186170 372.208700 -52.810020 368.528900
-72.845340 372.028400 -55.558160 368.387300
-75.495320 371.886100 -58.320420 368.303500
-78.116050 371.787300 -61.069640 368.288500
-80.717850 371.718500 -63.798290 368.270400
-83.311780 371.694800 -66.525860 368.271100
-85.842710 371.709900 -69.223470 368.373200
-88.215690 371.734100 -71.911300 368.487200
-90.402660 371.755300 -74.581970 368.588600
-92.376860 371.747200 -77.245730 368.681900
-94.181170 371.700000 -79.882090 368.791500
-95.954170 371.610100 -82.497520 368.724100
-97.692900 371.484000 -85.093580 368.597700
-99.428840 371.332400 -87.671770 368.409400
-101.212400 371.150100 -90.136390 368.097500
-103.049100 370.929900 -92.440160 367.870100
-104.963700 370.712900 -94.551160 367.673300
-106.999900 370.469800 -96.444320 367.477700
-109.147400 370.218500 -98.223380 367.343600
-111.413900 369.990500 -99.983330 367.219800
-113.850400 369.787500 -101.714600 367.124800
-116.381500 369.587900 -103.465800 367.028600
-119.079000 369.402000 -105.276600 366.966100
-121.870500 369.312400 -107.145100 366.999900
-124.798000 369.251000 -109.109700 367.008900
-127.749200 369.222000 -111.207100 367.039000
-130.738100 369.191300 -113.385900 367.081200
-133.724900 369.151000 -115.750600 367.097600
-136.693200 369.116700 -118.207500 367.101100
-139.640200 369.026200 -120.821900 367.088400
-142.545400 368.909400 -123.541700 367.009200
-145.452900 368.800400 -126.395700 366.947400
-148.326000 368.653700 -129.323100 366.810800
-151.184500 368.483700 -132.290300 366.680500
-154.029500 368.306700 -135.281400 366.540400
-156.834000 368.110800 -138.248600 366.370400
-159.601600 367.929800 -141.221200 366.247300
-162.352900 367.769700 -144.142000 366.137600
-165.025300 367.622800 -147.048500 366.039200
-167.587100 367.473600 -149.953300 365.919300
-169.989700 367.347100 -152.811300 365.832500
-172.229800 367.237400 -155.677600 365.746400
-174.255000 367.118500 -158.512700 365.607900
-176.113500 366.976300 -161.306900 365.417900
-177.851600 366.825100 -164.063900 365.214300
-179.482200 366.619100 -166.776500 364.839600
-181.041000 366.257200 -169.356300 364.292600
-182.506900 365.700900 -171.747300 363.475300
-183.830900 364.922700 -173.760800 362.296600
-184.967900 363.901900 -175.401900 360.856800
-185.900600 362.645300 -176.603000 359.317100
-186.575700 361.163300 -177.384600 357.669900
-186.999600 359.497900 -177.859900 356.034400
-187.152300 357.675600 -178.054600 354.422000
-187.206000 355.773500 -178.136200 352.833500
-187.197400 353.800900 -178.178900 351.276200
-187.078300 351.712900 -178.141600 349.748500
-186.904300 349.515700 -178.061700 348.213600
-186.700200 347.199500 -177.966800 346.574500
-186.441500 344.761700 -177.847200 344.919400
-186.138100 342.245600 -177.679400 343.190500
-185.836200 339.600700 -177.516300 341.363300
-185.558800 336.870000 -177.356800 339.439500
-185.300200 334.088400 -177.230400 337.436000
-185.053400 331.295700 -177.093800 335.309500
-184.825700 328.513100 -176.960900 333.071100
-184.626700 325.706700 -176.843900 330.703200
-184.418100 322.895600 -176.734900 328.226800
-184.219300 320.049800 -176.598900 325.655300
-184.077900 317.187100 -176.520100 322.958700
-183.933200 314.300800 -176.454500 320.199800
-183.761600 311.460200 -176.356400 317.396300
-183.601800 308.616200 -176.264500 314.604700
-183.458100 305.794900 -176.190200 311.796600
-183.343100 303.000200 -176.133300 308.990200
-183.261300 300.211900 -176.077800 306.157600
-183.178800 297.450000 -176.044200 303.296200
-183.090500 294.684900 -176.006800 300.423900
-182.927300 291.908300 -175.890800 297.546100
-182.766600 289.099200 -175.767500 294.706300
-182.613800 286.267300 -175.652100 291.864100
-182.441900 283.385600 -175.560600 289.047700
-182.300400 280.490600 -175.461600 286.263200
-182.149900 277.557000 -175.409900 283.473300
-182.001400 274.627800 -175.334400 280.711400
-181.823500 271.689000 -175.279400 277.948100
-181.638500 268.767800 -175.159500 275.156200
-181.424600 265.787800 -175.074400 272.346000
-181.219800 262.838200 -174.897900 269.488000
-181.009300 259.844900 -174.772300 266.606600
-180.770400 256.828000 -174.596000 263.693500
-180.561000 253.860400 -174.448000 260.760700
-180.372700 250.908200 -174.316000 257.827500
-180.191000 247.979500 -174.179400 254.883700
-180.025600 245.104800 -174.061300 251.942600
-179.890000 242.301100 -173.959900 248.963900
-179.765100 239.629200 -173.891200 246.005700
-179.603400 237.077700 -173.732000 242.980700
-179.486600 234.610600 -173.674400 239.977600
-179.426200 232.293500 -173.678900 237.007600
-179.384800 230.153000 -173.660900 234.050700
-179.372900 228.203000 -173.703500 231.138400
-179.353200 226.445600 -173.683500 228.276000
-179.284500 224.889700 -173.597100 225.513800
-179.159500 223.520400 -173.441500 222.879000
-178.892900 222.222300 -172.986700 220.395700
-178.440800 221.019500 -172.174800 218.113800
-177.799300 219.912400 -171.069500 216.140500
-176.993100 218.868700 -169.844200 214.464400
-175.953700 217.908600 -168.530100 213.118400
-174.646400 217.098800 -167.128900 212.169600
-173.037500 216.423500 -165.777500 211.557900
-171.242400 215.987700 -164.480000 211.197200
-169.251700 215.748100 -163.158700 211.004100
-167.160900 215.651300 -161.884100 210.919700
-164.983800 215.579200 -160.584000 210.864900
-162.753200 215.542200 -159.239900 210.821800
-160.419600 215.517400 -157.792700 210.786500
-157.986900 215.494400 -156.185000 210.740900
-155.493900 215.476600 -154.439900 210.731500
-152.924600 215.528800 -152.531000 210.714600
-150.250300 215.556200 -150.487000 210.736100
-147.567100 215.656900 -148.363300 210.736600
-144.855900 215.751900 -146.165800 210.793000
-142.145800 215.896800 -143.913900 210.900500
-139.455100 216.087400 -141.536100 211.059000
-136.768400 216.330800 -139.103500 211.251600
-134.103700 216.562300 -136.590800 211.425700
-131.505400 216.803000 -133.988900 211.603300
-128.992800 217.018200 -131.305900 211.737000
-126.584900 217.191000 -128.616000 211.834100
-124.357100 217.330100 -125.902000 211.917400
-122.326100 217.418900 -123.196300 211.906600
-120.463500 217.466200 -120.497300 211.878100
-118.653600 217.497200 -117.812700 211.840500
-116.849600 217.495900 -115.158700 211.665900
-115.067800 217.514000 -112.578500 211.593400
-113.324000 217.535300 -110.083600 211.530500
-111.616000 217.623100 -107.728700 211.557700
-109.927700 217.875300 -105.566100 211.717500
-108.290900 218.301300 -103.638400 212.090800
-106.749500 218.945400 -101.897700 212.675900
-105.349200 219.793800 -100.315500 213.541100
-104.115500 220.834900 -98.891710 214.642100
-103.036000 222.051200 -97.653140 215.908400
-102.179100 223.400100 -96.660150 217.314800
-101.543200 224.848700 -95.882040 218.835300
-101.115700 226.383800 -95.288600 220.418400
-100.830600 227.968600 -94.959210 222.073200
-100.531100 229.501100 -94.525660 223.670500
-100.252100 231.017900 -94.095320 225.243100
-99.883990 232.463500 -93.594360 226.781400
-99.425550 233.824100 -92.982270 228.288100
-98.775880 234.872900 -92.049760 229.553100
-98.086100 235.806300 -90.952840 230.701600
-97.174270 236.468700 -89.593750 231.569900
-96.254150 236.931100 -88.134000 232.223500
-95.283150 237.358800 -86.653430 232.693900
-94.185080 237.674800 -85.154080 232.964500
-92.955310 237.898800 -83.686980 233.129300
-91.596850 238.102700 -82.309850 233.231000
-90.074690 238.248300 -81.112370 233.283700
-88.387450 238.391700 -79.951580 233.299400
-86.486290 238.540100 -78.858860 233.324600
-84.443490 238.650800 -77.830980 233.356500
-82.253860 238.746800 -76.745230 233.382900
-79.940140 238.872300 -75.565350 233.374600
-77.539590 239.011100 -74.280180 233.378500
-75.087440 239.150700 -72.856350 233.355700
-72.574930 239.313900 -71.275350 233.357900
-69.991910 239.446400 -69.501620 233.335700
-67.351620 239.548800 -67.552280 233.289900
-64.666360 239.657700 -65.467220 233.279300
-61.998030 239.808800 -63.230080 233.296900
-59.311750 239.952600 -60.867470 233.314700
-56.701950 240.109100 -58.453660 233.343100
-54.151130 240.267600 -55.975380 233.396400
-51.625940 240.427100 -53.444220 233.445200
-49.127390 240.564300 -50.831700 233.472000
-46.665870 240.712700 -48.171370 233.550000
-44.240570 240.886300 -45.485870 233.569900
-41.878960 241.088900 -42.805840 233.626600
-39.649020 241.312800 -40.126580 233.717900
-37.552430 241.539400 -37.547750 233.832300
-35.488740 241.743100 -34.993640 233.944700
-33.456700 241.939000 -32.481870 234.014200
-31.533090 242.124800 -29.979930 234.076600
-29.764560 242.287900 -27.531950 234.108800
-28.172420 242.408100 -25.108410 234.095300
-26.747170 242.468900 -22.779890 234.000600
-25.460260 242.473300 -20.597180 233.830800
-24.318710 242.437400 -18.516540 233.674400
-23.324200 242.322300 -16.481450 233.324700
-22.483780 242.186900 -14.506310 232.933300
-21.843230 242.069500 -12.689610 232.465300
-21.357270 241.937100 -11.029800 232.026900
-20.874950 241.791000 -9.604004 231.459300
-20.410090 241.641000 -8.321566 230.952900
-19.938580 241.453200 -7.228882 230.385700
-19.330890 241.150500 -6.271648 229.867700
-18.603550 240.674100 -5.531777 229.277400
-17.817550 240.000300 -4.976217 228.721600
-17.047940 239.130000 -4.586777 228.282900
-16.371440 238.041100 -4.352009 227.839800
-15.819140 236.731500 -4.184158 227.373300
-15.431720 235.164300 -4.084268 226.896000
-15.160930 233.366900 -4.019585 226.349600
-14.985430 231.359800 -3.990957 225.597500
-14.879450 229.166100 -4.007751 224.671000
-14.834570 226.783800 -4.048820 223.598000
-14.805910 224.227300 -4.094557 222.397800
-14.776150 221.503700 -4.136298 221.076100
-14.726190 218.625200 -4.185111 219.592300
-14.646810 215.602400 -4.227551 217.906700
-14.509690 212.459600 -4.234924 216.017900
-14.353480 209.201300 -4.222104 213.942200
-14.179740 205.869600 -4.209055 211.681200
-13.962380 202.478800 -4.179232 209.243400
-13.739120 199.045100 -4.120483 206.627300
-13.514930 195.572200 -4.066315 203.852200
-13.275440 192.054900 -4.009395 200.920000
-13.052000 188.499600 -4.001227 197.857200
-12.854570 184.884700 -3.988665 194.672400
-12.675140 181.220200 -3.986202 191.380800
-12.508030 177.502000 -3.992192 188.024300
-12.341190 173.718700 -4.002418 184.610100
-12.175010 169.898000 -3.997682 181.160000
-12.018250 166.028100 -4.006631 177.663700
-11.841350 162.134100 -4.044818 174.131000
-11.655180 158.220500 -4.040140 170.547900
-11.466580 154.287300 -4.040988 166.917300
-11.281310 150.320000 -4.048849 163.228000
-11.057620 146.379100 -4.070335 159.484000
-10.815240 142.443600 -4.061209 155.685200
-10.570550 138.517900 -4.072395 151.848000
-10.333980 134.639100 -4.040243 147.959900
-10.123240 130.785800 -3.986803 144.064700
-9.914350 127.027500 -3.948327 140.140700
-9.696148 123.395700 -3.914273 136.202400
-9.493383 119.914400 -3.889166 132.221900
-9.310280 116.607700 -3.870332 128.280300
-9.151332 113.442300 -3.886825 124.345400
-9.017561 110.482000 -3.913282 120.416300
-8.888960 107.744800 -3.956207 116.547400
-8.774269 105.222900 -4.010645 112.707700
-8.679794 102.918000 -4.024545 108.983600
-8.504861 100.812800 -3.943004 105.412200
-8.163715 98.919720 -3.555182 101.994500
-7.618518 97.243660 -2.652994 98.861810
-6.858427 95.725240 -1.372343 96.042380
-5.899838 94.392380 0.310785 93.692030
-4.759829 93.253900 2.025323 91.665370
-3.450087 92.348760 4.000412 90.206200
-1.973871 91.691730 6.003427 89.199220
-0.436803 91.261860 7.945493 88.595600
1.138073 91.026340 9.786083 88.266010
2.751248 90.881970 11.502060 88.060890
4.431705 90.766140 13.171530 87.897330
6.211745 90.683570 14.800750 87.770660
8.081090 90.578530 16.387250 87.629980
10.076580 90.469280 17.990430 87.498760
12.205890 90.365360 19.603010 87.364650
14.489810 90.290310 21.187290 87.276460
16.910510 90.321490 22.786040 87.227360
19.453620 90.459650 24.418650 87.233420
22.045730 90.671110 26.136630 87.238260
24.644280 90.895340 27.941600 87.300780
27.207850 91.064010 29.852540 87.295340
29.764780 91.130150 31.892270 87.220900
32.287690 91.085550 34.068110 87.074650
34.803420 90.937800 36.386750 86.815420
37.325120 90.728940 38.823870 86.483990
39.896170 90.508470 41.379510 86.183560
42.547960 90.289960 43.974760 85.891200
45.244630 90.097810 46.551020 85.592910
47.943020 89.903610 49.093540 85.262970
50.617990 89.629730 51.613950 84.888500
53.252150 89.185630 54.078060 84.385510
55.814150 88.557720 56.499030 83.679320
58.313300 87.791630 58.902540 82.852320
60.805470 86.920740 61.322330 81.881410
63.322020 85.994100 63.788640 80.826190
65.833720 85.055040 66.269970 79.743260
68.406220 84.080780 68.759070 78.683870
70.998610 83.045350 71.200410 77.572350
73.578520 81.879280 73.572740 76.356310
76.170160 80.586970 75.860000 75.063270
78.819830 79.219290 78.124400 73.761770
81.480420 77.842690 80.440610 72.440530
84.108690 76.469870 82.726870 71.062280
86.695220 75.055290 85.055820 69.682400
89.188920 73.556030 87.356010 68.151340
91.573040 71.968490 89.635830 66.519590
93.850380 70.285940 91.835770 64.713030
96.020560 68.521450 94.036980 62.774180
98.103890 66.740880 96.243480 60.754880
100.107700 65.034010 98.452490 58.740460
101.996900 63.459780 100.660800 56.774570
103.764900 62.070330 102.885000 54.850870
105.408600 60.801050 105.097900 52.986280
107.003200 59.530310 107.242900 51.110070
108.589500 58.247390 109.349900 49.229360
110.134700 56.970520 111.412800 47.365520
111.717500 55.637520 113.416800 45.539410
113.353400 54.247110 115.301700 43.776350
115.077800 52.831180 117.072000 42.168620
116.904200 51.439420 118.745700 40.779230
118.836800 50.054850 120.363100 39.509490
120.853600 48.602090 121.950600 38.228130
122.938000 47.083700 123.524900 36.949100
125.092700 45.485300 125.080100 35.667510
127.330000 43.820780 126.702400 34.345880
129.637600 42.087830 128.380800 32.955700
131.967100 40.344760 130.098300 31.508350
134.297900 38.609850 131.902800 30.028460
136.621900 36.849050 133.740200 28.484480
138.949900 35.131110 135.706600 26.894970
141.293500 33.464730 137.749200 25.283670
143.603900 31.795640 139.874900 23.575560
145.871800 30.121580 142.042100 21.774810
148.133300 28.418200 144.288500 19.932980
150.347600 26.750990 146.526800 18.086050
152.506100 25.137140 148.774600 16.227360
154.521200 23.603510 150.997600 14.355290
156.409800 22.104300 153.175000 12.463520
158.102600 20.729550 155.327100 10.572360
159.605700 19.470090 157.433400 8.660519
161.034400 18.328640 159.556800 6.815154
162.527500 17.369930 161.859100 5.189990
164.102000 16.690040 164.340400 4.029234
165.725700 16.231240 166.857600 3.185444
167.465400 15.980230 169.278500 2.685744
169.275300 15.912810 171.620600 2.441277
171.157200 15.957740 173.707400 2.343276
173.098700 15.972680 175.613900 2.234579
175.120500 15.945180 177.406900 2.093395
177.167200 15.872150 179.156900 1.911817
179.305300 15.756280 180.854500 1.729891
181.477000 15.604010 182.547300 1.509201
183.703700 15.412020 184.303200 1.254107
185.980700 15.238130 186.117900 1.006969
188.280500 15.072990 187.997300 0.763882
190.577500 14.896800 189.951300 0.491067
192.894300 14.714610 191.966100 0.250458
195.244200 14.510220 194.020300 -0.033411
197.633500 14.283820 196.158500 -0.354522
200.090000 14.030130 198.318300 -0.699011
202.592100 13.785300 200.549900 -1.023637
205.104900 13.534110 202.814100 -1.343075
207.640700 13.310070 205.101800 -1.666950
210.148900 13.111090 207.383200 -1.962107
212.697300 12.915740 209.701900 -2.258972
215.224700 12.737830 212.051400 -2.548417
217.808000 12.513180 214.450500 -2.878890
220.389500 12.282700 216.913500 -3.219216
223.037500 12.068550 219.406800 -3.557139
225.699900 11.872960 221.923600 -3.860520
228.380800 11.657570 224.438200 -4.177142
231.063800 11.400770 226.944700 -4.528589
233.768800 11.157120 229.461700 -4.880897
236.452700 10.908570 231.992100 -5.232272
239.115400 10.628320 234.549700 -5.640901
241.756200 10.390980 237.136000 -5.988446
244.376200 10.177670 239.765000 -6.393147
246.942400 9.977031 242.420500 -6.694707
249.503100 9.796410 245.087400 -7.093434
251.962400 9.616742 247.757600 -7.413023
254.329800 9.452561 250.458400 -7.745704
256.557200 9.297183 253.118700 -8.065785
258.681500 9.140396 255.773900 -8.401720
260.487900 8.870715 258.376000 -8.771732
262.171000 8.558198 260.955100 -9.248242
263.852900 8.246051 263.468200 -9.772344
265.533700 7.934305 265.925800 -10.413310
267.212200 7.623220 268.250500 -11.140470
268.719700 7.309828 270.484200 -11.808560
269.768600 7.040605 272.571100 -12.453940
270.654800 6.869143 274.617500 -12.916170
271.433400 6.780906 276.313300 -13.155090
272.188300 6.798910 278.016900 -13.292010
272.939800 6.915555 279.711300 -13.099720
273.674100 7.139266 281.361500 -12.672910
274.435500 7.486302 282.928000 -11.999770
275.206100 8.021776 284.093100 -11.313500
275.841400 9.123003 284.806800 -10.589010
276.399700 10.403880 285.322800 -9.911637
276.938800 11.672800 285.652700 -9.219709
277.461700 12.927990 285.921400 -8.506954
277.969300 14.165350 286.158000 -7.784569
278.402000 15.600760 286.357700 -7.020955
278.675500 17.540870 286.494700 -6.165075
278.887100 19.689590 286.639900 -5.195977
279.050300 22.004090 286.771200 -3.794496
279.153100 24.513040 286.920200 -2.411942
279.310000 27.147550 287.058300 -1.047735
279.492000 29.910160 287.223000 0.293581
279.682000 32.722430 287.381200 1.612502
279.891600 35.618700 287.609100 3.299858
280.117300 38.587970 287.897900 5.289433
280.340800 41.563150 288.197500 7.496508
280.553900 44.602790 288.511000 9.856732
280.757500 47.669170 288.816700 12.390370
280.966700 50.717990 289.153900 15.052190
281.189800 53.763250 289.529700 17.818580
281.387500 56.840290 289.891100 20.631360
281.609200 59.915920 290.304600 23.542460
281.892800 62.993940 290.733800 26.482440
282.168100 66.061440 291.182500 29.457990
282.386200 69.137860 291.594400 32.481760
282.581400 72.205720 291.997200 35.525350
282.741100 75.260420 292.392100 38.546230
282.945600 78.300480 292.786800 41.591960
283.185400 81.322840 293.205700 44.634070
283.441700 84.363870 293.664400 47.691610
283.683800 87.353300 294.118000 50.734580
283.940100 90.352150 294.598300 53.787530
284.231300 93.355260 295.092500 56.812980
284.541900 96.345100 295.642300 59.838710
284.938000 99.320580 296.212600 62.828850
285.395000 102.259500 296.871500 65.809340
285.844100 105.163200 297.521000 68.752560
286.321900 108.053700 298.207800 71.732700
286.793800 110.912200 298.906200 74.624920
287.216900 113.736500 299.558600 77.577500
287.630900 116.518500 300.221400 80.500060
288.058700 119.219300 300.830400 83.451360
288.448800 121.780900 301.454000 86.375250
288.846400 124.280600 301.998100 89.285560
289.285300 126.630100 302.705300 92.125470
289.743500 128.835400 303.472800 94.938340
290.213000 130.821100 304.267500 97.710760
290.683600 132.626000 305.184500 100.390800
291.166200 134.262000 306.104600 103.026300
291.580800 135.832500 306.951200 105.565400
291.961700 137.426400 307.671500 108.031800
292.194000 139.020100 308.093500 110.474100
292.237900 140.604400 308.249100 112.807700
291.762300 142.158200 308.160300 114.997400
290.662500 143.578100 307.685700 116.903700
289.562400 144.964600 306.957700 118.566300
288.468100 146.318100 306.035700 119.948900
287.386000 147.641500 304.937200 121.145500
286.399400 148.976200 303.644300 122.140400
284.571900 149.919400 302.310900 123.001400
282.598600 150.835500 300.928400 123.800000
280.553400 151.805400 299.413100 124.678100
278.418500 152.847000 297.881500 125.597900
276.187000 153.972900 296.384000 126.521200
273.848800 155.201700 294.934200 127.461700
271.423500 156.516000 293.500500 128.372200
268.909500 157.880900 292.022900 129.320500
266.393100 159.278800 290.261000 130.492800
263.831700 160.712200 288.432300 131.719200
261.343100 162.229400 286.579000 133.077800
258.927700 163.839100 284.666400 134.552800
256.567900 165.515700 282.706000 136.175200
254.220600 167.219800 280.671800 137.927200
251.812400 168.915300 278.503400 139.692400
249.342900 170.564800 276.241600 141.454400
246.829700 172.171100 273.921300 143.175400
244.268800 173.728400 271.513200 144.889800
241.687800 175.211100 269.119900 146.507600
239.066600 176.646400 266.669800 148.060300
236.435100 178.027700 264.207500 149.569500
233.828600 179.391700 261.717100 151.086700
231.251200 180.752600 259.200100 152.640600
228.707700 182.113100 256.680800 154.204600
226.214900 183.484500 254.160700 155.829000
223.769900 184.811700 251.628600 157.419800
221.367300 186.107100 249.099400 158.982100
219.059200 187.344000 246.561400 160.560100
216.843700 188.521200 244.030300 162.096900
214.730300 189.612200 241.507600 163.598900
212.761600 190.600600 239.017100 165.077200
210.934100 191.518800 236.516900 166.499300
209.293500 192.364900 234.100400 167.962800
207.831400 193.113300 231.738500 169.389600
206.576700 193.798300 229.430500 170.791200
205.539900 194.395600 227.326900 172.262200
204.729700 194.901600 225.267200 173.650700
204.122300 195.321500 223.540300 175.152700
203.546300 195.745200 221.815000 176.434000
203.042900 196.282400 220.293400 177.712000
202.515700 196.788100 218.973900 178.884300
201.945400 197.325500 217.866900 180.006400
201.195300 198.000000 216.904300 180.946000
200.227400 198.808500 216.099600 181.731500
199.076800 199.760000 215.472400 182.321700
197.730700 200.791700 214.925700 182.789500
196.253000 201.872000 214.368200 183.247400
194.623700 202.967100 213.789600 183.703800
192.619800 204.117900 213.197000 184.134500
190.615300 205.269000 212.498000 184.598200
188.611600 206.419500 211.577100 185.203000
186.608000 207.569800 210.451100 185.917600
184.604500 208.720100 209.134900 186.766800
182.452000 209.923800 207.675500 187.721600
180.162600 211.202300 206.111900 188.743500
177.855000 212.473600 204.339000 189.864400
175.554100 213.761200 202.406900 191.128400
173.260900 215.031900 200.465400 192.378300
171.006800 216.296100 198.538500 193.649500
168.770100 217.549300 196.592600 194.893400
166.635700 218.725900 194.666600 196.147300
164.640400 219.823800 192.498000 197.531900
162.800000 220.792300 190.264300 198.923800
161.109900 221.618400 187.967600 200.206400
159.510500 222.334400 185.632900 201.412200
157.845500 222.860900 183.200200 202.363700
156.181300 223.202900 180.713400 203.003400
154.511100 223.364000 178.207700 203.390200
152.786900 223.350100 175.831600 203.517500
150.969000 223.245000 173.622300 203.506200
149.048400 223.060600 171.616000 203.487600
146.999200 222.886700 169.801300 203.442200
144.811400 222.709100 168.060500 203.418500
142.452400 222.507300 166.333300 203.370600
139.985700 222.307100 164.654400 203.347900
137.342300 222.162600 162.967500 203.375500
134.568800 222.029900 161.218300 203.375800
131.695500 221.932100 159.365200 203.419700
128.711000 221.803000 157.396700 203.463800
125.647300 221.650100 155.293800 203.485900
122.615400 221.500000 153.043900 203.505300
119.543800 221.309500 150.639900 203.513900
116.511500 221.102100 148.112100 203.475900
113.516800 220.903600 145.425000 203.463700
110.545200 220.708000 142.612000 203.479000
107.636200 220.532300 139.709300 203.473400
104.717200 220.373700 136.683500 203.486900
101.840600 220.218600 133.633000 203.520900
98.994700 220.067300 130.584500 203.501500
96.181550 219.895100 127.511400 203.460900
93.438620 219.686500 124.505300 203.397000
90.855460 219.500600 121.507100 203.291900
88.388610 219.326300 118.559200 203.193200
86.123680 219.157800 115.655900 203.064300
84.049970 219.045300 112.749700 203.076700
82.152880 219.016300 109.888000 203.185800
80.388010 219.115100 107.070700 203.528800
78.664760 219.366200 104.329900 204.038000
77.016290 219.796000 101.708600 204.539300
75.461480 220.446100 99.463510 205.763600
74.069090 221.411200 97.473350 207.100300
72.862850 222.604000 95.966810 208.698900
71.841850 224.015300 94.852510 210.377500
71.023420 225.699900 94.130890 212.073000
70.421670 227.540000 93.678280 213.768000
70.034550 229.518400 93.455670 215.480000
69.813760 231.610700 93.403090 217.180100
69.670080 233.800300 93.376350 218.860600
69.603690 236.022800 93.449200 220.562900
69.545910 238.342600 93.475660 222.283900
69.499400 240.719700 93.510490 224.067600
69.469400 243.192800 93.582370 225.954800
69.384530 245.776400 93.625470 227.919800
69.232580 248.432800 93.609530 229.952900
69.094640 251.146000 93.629450 232.093700
68.950990 253.982700 93.632340 234.296000
68.811860 256.917100 93.665080 236.547000
68.650580 259.920100 93.708280 238.895500
68.462200 263.082100 93.705020 241.295200
68.288560 266.252800 93.730190 243.812100
68.096650 269.464100 93.742570 246.425200
67.903830 272.683000 93.740000 249.108600
67.721470 275.872400 93.771750 251.859400
67.525460 279.043300 93.796480 254.735400
67.317450 282.219100 93.783830 257.700500
67.111650 285.343500 93.789790 260.765800
66.901350 288.508400 93.791600 263.936600
66.688140 291.652400 93.828190 267.131700
66.478800 294.782200 93.788100 270.351600
66.289190 297.878200 93.796400 273.567500
66.078070 300.944500 93.811430 276.757600
65.826270 304.008500 93.762410 279.934900
65.573590 307.018200 93.742810 283.099500
65.274710 310.032300 93.654950 286.243400
64.924470 313.030600 93.499100 289.405400
64.540610 315.995300 93.281300 292.542200
64.089990 318.947600 92.995420 295.656900
63.671720 321.903700 92.761970 298.738300
63.304260 324.895900 92.624230 301.810500
62.967580 327.898100 92.487010 304.860700
62.699080 330.909200 92.438370 307.882900
62.553590 333.929000 92.470410 310.901200
62.402330 336.963400 92.447630 313.918100
62.266570 340.021300 92.485140 316.901200
62.116500 343.035800 92.522620 319.885900
61.993500 346.032900 92.568970 322.879300
61.866370 348.989100 92.606660 325.900600
61.760870 351.857800 92.648760 328.913000
61.679290 354.611700 92.732310 331.946000
61.586300 357.261400 92.800560 334.960500
61.550600 359.776900 92.958670 337.997700
61.577240 362.145700 93.178180 341.056100
61.603020 364.290800 93.385760 344.044300
61.628690 366.323100 93.610790 347.026000
61.649880 368.352400 93.814450 349.959500
61.624730 370.355800 93.859930 352.784200
61.511180 372.339500 93.859720 355.504600
61.271590 374.388200 93.687750 358.106600
60.966710 376.528400 93.462700 360.572800
60.637150 378.796200 93.281660 362.858800
60.324540 381.208000 93.124130 364.942400
60.065570 383.741300 93.024160 366.964500
59.884830 386.413700 93.009400 368.996500
59.789830 389.195600 93.064400 370.980900
59.765420 392.106700 93.164290 372.986300
59.766400 395.121300 93.279830 375.074500
59.728620 398.268800 93.393200 377.270100
59.673270 401.492900 93.507680 379.614800
59.575390 404.694600 93.570790 382.072100
59.425140 407.916600 93.606190 384.673400
59.267000 411.104300 93.632200 387.379300
59.084670 414.257800 93.668080 390.215300
58.913680 417.417100 93.699830 393.150400
58.748810 420.528100 93.718940 396.218500
58.574140 423.604200 93.800920 399.398000
58.437200 426.635400 93.874630 402.616400
58.286850 429.523300 93.928220 405.829700
58.117570 432.280500 93.933190 409.039900
57.924100 434.902000 93.899120 412.220400
57.663190 437.382700 93.806500 415.380400
57.368250 439.710400 93.651820 418.528900
57.036690 441.889000 93.447520 421.622300
56.656850 443.874800 93.098980 424.673200
56.323860 445.645400 92.796770 427.653500
56.148660 447.270100 92.733850 430.497700
56.616130 448.530800 93.071650 433.189900
57.333540 449.649800 93.879340 435.641200
58.025620 450.723300 95.203370 437.674900
58.683230 451.752100 96.831760 439.283900
59.300760 452.745900 98.633210 440.437300
60.051910 453.493100 100.428300 441.179400
61.232100 453.863600 102.111500 441.548500
62.575150 454.072200 103.677300 441.695100
64.075560 454.193600 105.034700 441.716400
65.729870 454.237800 106.341900 441.657800
67.536180 454.320400 107.600500 441.630900
69.481920 454.413600 108.805400 441.615400
71.568440 454.517900 109.962300 441.598600
73.783230 454.637300 111.133300 441.587700
76.158670 454.789800 112.403600 441.590500
78.646770 454.943100 113.801800 441.582600
81.225870 455.115600 115.360700 441.603300
83.916780 455.302300 117.062700 441.619400
86.702020 455.456700 118.914500 441.611300
89.526350 455.578300 120.911100 441.584400
92.412350 455.733700 123.035000 441.580000
95.328570 455.895400 125.311600 441.587400
98.249890 456.054300 127.725500 441.571100
101.184100 456.224200 130.253300 441.577300
104.093100 456.393100 132.862900 441.546500
106.998900 456.525600 135.602100 441.532600
109.897200 456.654500 138.399900 441.532400
112.749700 456.816600 141.246500 441.524400
115.610200 456.965500 144.147300 441.518600
118.400100 457.099300 147.065800 441.518000
121.145900 457.258900 149.994400 441.533100
123.876500 457.448100 152.925800 441.566100
126.583800 457.666500 155.825500 441.657900
129.241600 457.972700 158.729600 441.796900
131.877300 458.360200 161.607600 442.032800
134.472300 458.810900 164.447200 442.320500
137.047800 459.328100 167.262600 442.724800
139.578900 459.909300 170.011600 443.095000
142.082300 460.548100 172.701600 443.626100
144.536100 461.240400 175.375200 444.189200
146.935100 462.035700 177.995400 444.841300
149.323900 462.890800 180.552300 445.585800
151.645200 463.789700 183.094800 446.382100
153.953700 464.746000 185.571900 447.216800
156.216300 465.719100 188.041700 448.121900
158.442000 466.755000 190.420500 449.092600
160.610800 467.844100 192.787600 450.128900
162.721500 468.976400 195.061900 451.229900
164.765200 470.136200 197.329500 452.354800
166.772400 471.335900 199.557500 453.535500
168.632200 472.526000 201.674800 454.824400
170.346500 473.697400 203.816700 456.100300
171.909300 474.797000 205.884400 457.419100
173.302800 475.783300 207.920700 458.776200
174.556500 476.625400 210.007200 459.993400
175.656700 477.273900 212.169800 460.965600
176.667400 477.791400 214.345500 461.863100
177.693700 478.199200 216.561200 462.493600
178.769200 478.445200 218.696800 462.820100
179.820200 478.560500 220.717700 462.915000
180.911200 478.531600 222.553000 462.756500
182.068600 478.323700 224.136200 462.317400
183.262200 477.935100 225.457700 461.759900
184.488300 477.285200 226.474200 461.114500
185.759400 476.306800 227.312000 460.370200
187.077400 475.006900 228.043900 459.523800
188.478700 473.464500 228.702800 458.651800
189.953700 471.703500 229.318500 457.788800
191.518900 469.725200 229.938500 456.854500
193.208300 467.608400 230.611500 455.853800
195.017400 465.320900 231.333500 454.775000
196.863700 462.933100 232.139500 453.556700
198.729100 460.522700 233.044800 452.137700
200.614200 458.121400 234.100600 450.528900
202.510500 455.730200 235.295200 448.737300
204.411000 453.358300 236.625600 446.773700
206.321800 451.001000 238.082600 444.636300
208.222000 448.665100 239.652900 442.344700
210.114400 446.337900 241.351000 439.915200
211.976500 444.014500 243.050500 437.401300
213.836200 441.706600 244.760500 434.876700
215.683700 439.420500 246.445000 432.331000
217.555600 437.143300 248.185200 429.823700
219.471300 434.824100 249.925600 427.338400
221.450500 432.447100 251.666000 424.858600
223.466700 430.017100 253.420400 422.419500
225.486700 427.604100 255.152400 419.974600
227.506500 425.191500 256.849800 417.538600
229.526100 422.779100 258.556900 415.120400
231.545400 420.367100 260.266700 412.741700
233.564400 417.955300 261.995900 410.328200
235.559300 415.588300 263.765900 407.866300
237.436800 413.389000 265.585700 405.342000
238.780200 411.507400 267.413900 402.760300
239.937800 409.690800 269.172500 400.150200
241.095100 407.877000 270.821700 397.473000
242.251200 406.068000 272.265700 394.680200
243.408000 404.262500 273.200200 391.678000
244.011000 402.484000 273.685100 388.573700
244.001400 400.839200 273.353400 385.566400
243.616800 399.284000 272.512300 382.921000
242.890100 397.828700 271.433200 381.056200
241.873600 396.462000 270.010300 379.443900
240.631500 395.201500 268.396000 378.033900
239.221600 394.033800 266.657700 376.784300
237.618600 392.957600 264.743400 375.698000
235.793400 391.994800 263.216900 375.058400
233.764600 391.138800 261.663600 374.571600
231.526900 390.407500 260.098900 374.234900
229.101900 389.773400 258.458700 373.948900
226.502900 389.204300 256.738300 373.728500
223.725900 388.759000 254.913900 373.584300
220.797800 388.372500 253.060000 373.484900
217.710700 387.983400 251.084300 373.397200
214.530600 387.607200 248.975700 373.329400
211.281800 387.245500 246.732100 373.290600
207.989900 386.906600 244.325500 373.237600
204.658000 386.595500 241.769900 373.221700
201.286800 386.304300 239.050300 373.215300
197.918900 386.031200 236.190900 373.219700
194.555800 385.786300 233.179000 373.270500
191.207200 385.554600 230.032100 373.299600
187.886200 385.358400 226.807200 373.367000
184.599200 385.187900 223.523200 373.459700
181.348200 385.028900 220.204700 373.552500
178.125300 384.880300 216.849200 373.570500
174.940200 384.732200 213.469100 373.718800
171.787000 384.605200 210.093300 373.852500
168.667500 384.479200 206.721500 373.975100
165.610000 384.375800 203.386400 374.066200
162.651900 384.300900 200.073300 374.250500
159.841600 384.253100 196.799800 374.456600
157.212800 384.244100 193.563400 374.644900
154.757500 384.238100 190.354800 374.807000
152.465500 384.177300 187.178300 374.927500
150.349500 384.033300 184.035400 374.997900
148.462800 383.774700 180.949000 374.685400
146.861800 383.342900 177.972300 374.125400
145.493000 382.652100 175.287900 373.000100
144.342900 381.710300 173.013500 371.471300
143.476000 380.548800 171.318700 369.544300
142.885900 379.215000 170.173200 367.438800
142.512900 377.743300 169.418200 365.338300
142.317800 376.136600 168.984300 363.330000
142.188100 374.395800 168.679700 361.542300
142.147200 372.567400 168.495200 359.952900
142.122900 370.607400 168.339600 358.452500
142.117600 368.494900 168.213600 356.984000
142.130800 366.233800 168.083700 355.540300
142.204400 363.814600 168.019300 354.052300
142.299400 361.231000 167.935500 352.462700
142.415300 358.474700 167.858000 350.814600
142.582500 355.558100 167.823200 349.045900
142.739700 352.539000 167.760400 347.179700
142.891900 349.439100 167.673700 345.167600
143.064500 346.281300 167.600400 343.009300
143.227100 343.091000 167.505000 340.692700
143.425200 339.887400 167.460000 338.221000
143.616200 336.700500 167.375400 335.576600
143.795900 333.502200 167.286300 332.767500
144.005700 330.337500 167.186400 329.797900
144.230000 327.130600 167.129600 326.747900
144.419100 323.896200 166.976000 323.629500
144.587400 320.591100 166.821800 320.458200
144.754600 317.239000 166.692000 317.260300
144.941900 313.833000 166.598000 314.056400
145.157300 310.363000 166.487200 310.855100
145.368500 306.861100 166.362300 307.670900
145.569800 303.322100 166.210900 304.490100
145.779600 299.781500 166.102800 301.276500
145.995800 296.224300 165.970800 298.006200
146.232800 292.723700 165.874500 294.687700
146.466500 289.221500 165.779200 291.312900
146.685200 285.746000 165.692200 287.875800
146.893800 282.281200 165.582000 284.391000
147.103700 278.834100 165.501700 280.874500
147.309200 275.380000 165.427500 277.324500
147.469000 272.014900 165.288900 273.771200
147.644100 268.640500 165.174600 270.216000
147.828000 265.287400 165.049700 266.723800
148.018700 262.011300 164.983800 263.215400
148.191600 258.776500 164.882400 259.744100
148.362500 255.568000 164.776500 256.285800
148.542700 252.484800 164.679500 252.827000
148.699400 249.530100 164.559800 249.386300
148.855100 246.697000 164.453500 246.035700
149.012000 244.059600 164.364200 242.646600
149.177500 241.565300 164.288000 239.314300
149.354100 239.240800 164.266200 236.046000
149.518500 237.141100 164.244000 232.819300
149.688400 235.241100 164.268000 229.632900
149.831600 233.536700 164.272500 226.589300
149.906300 232.004900 164.129100 223.666700
149.838700 230.619900 163.752300 220.927300
149.635100 229.344100 163.152600 218.398200
149.241300 228.150200 162.201600 216.154800
148.716100 227.039600 161.081400 214.195000
148.000700 226.008200 159.794500 212.619400
147.075700 225.048900 158.459000 211.359000
145.937600 224.217300 157.090900 210.444100
144.564400 223.496400 155.729600 209.855600
143.010800 222.963900 154.448100 209.490700
141.316600 222.568700 153.181600 209.296100
139.454500 222.334500 151.940800 209.230200
137.425000 222.166300 150.713500 209.215500
135.205500 222.050100 149.391400 209.233700
132.804000 221.961500 148.030800 209.291800
130.267400 221.919300 146.597700 209.373000
127.508700 221.882500 145.025400 209.453100
124.622700 221.854300 143.348200 209.532700
121.664000 221.830100 141.570500 209.633600
118.657200 221.763300 139.635800 209.735300
115.641600 221.685500 137.544200 209.826100
112.627300 221.570300 135.256900 209.910500
109.673500 221.356100 132.818600 209.976100
106.754900 221.166500 130.202500 210.054300
103.815900 220.977200 127.385400 210.153100
100.933900 220.822800 124.484000 210.254900
98.075460 220.656000 121.501600 210.385500
95.253020 220.487500 118.483500 210.468000
92.486910 220.344500 115.470400 210.530800
89.875370 220.223200 112.464700 210.631200
87.458400 220.103100 109.527000 210.716600
85.308900 219.940400 106.593000 210.797100
83.404740 219.814900 103.668800 210.897800
81.811460 219.719400 100.798700 211.079400
80.386560 219.682400 97.972720 211.439500
79.003730 219.767200 95.216620 211.996800
77.660700 220.007600 92.580880 212.719100
76.371580 220.406400 90.198840 213.605800
75.155860 220.960300 88.169270 214.762200
74.011040 221.726500 86.522350 216.018600
72.923470 222.715600 85.271870 217.318200
71.978870 223.872400 84.364980 218.544600
71.184520 225.266700 83.747990 219.797000
70.559680 226.755300 83.281500 221.100900
70.106430 228.212400 83.022460 222.431600
69.780350 229.717400 82.857260 223.776800
69.611080 231.273600 82.843010 225.106900
69.507330 232.885000 82.875440 226.523800
69.413710 234.508900 82.895370 228.005100
69.343880 236.144900 82.968510 229.543400
69.165330 237.775100 82.930260 231.167300
68.850580 239.377200 82.773990 232.737600
68.411010 240.827300 82.372620 234.211500
67.727420 242.111200 81.694410 235.602600
66.803100 243.182900 80.749110 236.861900
65.701790 244.107800 79.596670 238.002500
64.448250 244.782200 78.253940 238.928500
63.080800 245.260000 76.743330 239.550000
61.580750 245.474700 75.170750 239.999600
60.021940 245.545100 73.565570 240.251300
58.373630 245.501300 72.093830 240.377500
56.557790 245.387700 70.658030 240.503700
54.575700 245.267600 69.225550 240.585300
52.422320 245.171900 67.792940 240.702200
50.087930 245.081900 66.371470 240.801300
47.581640 245.008900 64.892700 240.909400
44.918970 244.937600 63.363130 240.994400
42.122820 244.817200 61.777830 241.072600
39.164720 244.672400 60.075990 241.143900
36.057060 244.510700 58.204800 241.236200
32.840100 244.318200 56.162630 241.290000
29.595440 244.119000 53.948110 241.383300
26.356030 243.938500 51.549400 241.472700
23.136280 243.778100 48.989420 241.578300
19.923890 243.574600 46.281450 241.640700
16.771670 243.333700 43.430290 241.708500
13.661940 243.082500 40.404640 241.764000
10.666390 242.818300 37.257660 241.814200
7.814747 242.555200 34.007790 241.877000
5.139292 242.325200 30.759890 241.880400
2.679849 242.118700 27.517370 241.942900
0.450309 241.930700 24.296870 242.027200
-1.528966 241.776000 21.095760 242.138700
-3.228819 241.670700 17.948090 242.256700
-4.618300 241.633500 14.876320 242.559800
-5.727634 241.635600 11.929860 242.866700
-6.594910 241.676300 9.178035 243.383000
-7.316062 241.736500 6.636803 243.989200
-7.999830 241.824600 4.326392 244.611400
-8.668434 241.971800 2.315909 245.364700
-9.310473 242.159800 0.602167 246.166600
-10.040280 242.489600 -0.866442 246.792600
-10.900630 242.986700 -1.951742 247.483000
-11.788840 243.696900 -2.708276 248.176700
-12.605680 244.629900 -3.197675 248.813200
-13.325190 245.805400 -3.505457 249.443600
-13.876090 247.212100 -3.693804 250.106300
-14.262280 248.903900 -3.790538 250.777300
-14.456720 250.843200 -3.804037 251.467100
-14.534350 252.994100 -3.750620 252.339200
-14.597030 255.350200 -3.648120 253.382900
-14.667090 257.910700 -3.562361 254.531000
-14.735990 260.649600 -3.438875 255.794400
-14.849520 263.575900 -3.366743 257.231000
-14.957480 266.729800 -3.276598 258.843000
-15.059630 270.015600 -3.195016 260.643300
-15.182710 273.477200 -3.106717 262.648900
-15.303150 277.021400 -3.006636 264.868200
-15.440230 280.658500 -2.886227 267.289600
-15.590580 284.351600 -2.760114 269.910900
-15.764490 288.068200 -2.676020 272.705200
-15.946800 291.811700 -2.546531 275.711100
-16.099940 295.543400 -2.395932 278.908400
-16.260060 299.308400 -2.223967 282.250300
-16.425310 303.105800 -2.044796 285.747100
-16.590140 306.893300 -1.926907 289.312600
-16.756680 310.705900 -1.774528 292.982500
-16.910250 314.536100 -1.628985 296.673000
-17.062160 318.371600 -1.557837 300.411500
-17.211700 322.183300 -1.394721 304.149500
-17.359600 325.995800 -1.269174 307.887100
-17.503240 329.777900 -1.130184 311.668900
-17.652950 333.537700 -1.008078 315.470200
-17.803470 337.274400 -0.908460 319.263400
-17.965510 340.928300 -0.876190 323.088900
-18.139020 344.467400 -0.762488 326.924200
-18.309560 347.827300 -0.694649 330.753500
-18.498430 351.069300 -0.630308 334.566100
-18.657830 354.177800 -0.496467 338.375500
-18.779270 357.113600 -0.376833 342.146000
-18.870160 359.864000 -0.144801 345.894100
-18.946200 362.402300 -0.063020 349.604000
-18.990920 364.711200 0.089299 353.226300
-19.050610 366.784400 0.241586 356.708200
-19.150770 368.599600 0.511733 360.012900
-19.288630 370.232600 0.482565 363.219000
-19.600770 371.746300 0.074284 366.246300
-20.181060 373.134000 -0.816786 368.973600
-21.046240 374.352900 -2.218268 371.260100
-22.127780 375.353800 -3.869645 373.077500
-23.457040 376.098400 -5.788388 374.229800
-24.934490 376.556700 -7.633385 374.945400
-26.555040 376.670400 -9.370164 375.166400
-28.276760 376.521700 -10.972760 375.132500
-30.056280 376.231600 -12.509190 374.991500
-31.975970 375.881500 -14.013050 374.865400
-34.041570 375.538800 -15.505620 374.777800
-36.312400 375.174700 -16.991730 374.667100
-38.740670 374.815500 -18.537980 374.573000
-41.349510 374.513500 -20.115480 374.524700
-44.097790 374.260800 -21.781300 374.528000
-47.011360 374.040700 -23.519750 374.605500
-50.040150 373.823900 -25.379700 374.652100
-53.185680 373.618900 -27.364270 374.697800
-56.406270 373.421900 -29.536620 374.777000
-59.653410 373.251300 -31.884490 374.878600
-62.943060 373.083600 -34.393050 374.971500
-66.219570 372.909300 -37.069430 375.032600
-69.486870 372.732000 -39.880070 375.125500
-72.726120 372.532900 -42.846290 375.215700
-75.949990 372.348800 -45.923150 375.298400
-79.132360 372.198800 -49.104400 375.450900
-82.276670 372.085900 -52.344430 375.599000
-85.318380 372.021300 -55.600740 375.797900
-88.202870 371.999200 -58.885250 376.049200
-90.927450 371.989600 -62.157280 376.286400
-93.555550 371.974900 -65.418900 376.500800
-96.169310 371.894100 -68.658160 376.686900
-98.735200 371.699400 -71.874360 376.709300
-101.335900 371.405700 -75.044280 376.571500
-104.006100 371.090100 -78.167060 376.450400
-106.771100 370.792200 -81.156630 376.393800
-109.682200 370.477800 -83.989650 376.347000
-112.739100 370.228500 -86.674000 376.373100
-115.931600 370.036400 -89.296090 376.376900
-119.286600 369.828600 -91.893180 376.466000
-122.729500 369.724600 -94.464730 376.658000
-126.288700 369.671200 -97.096940 376.851300
-129.839700 369.662300 -99.800110 377.092100
-133.385600 369.650900 -102.637500 377.276100
-136.894400 369.634000 -105.576000 377.515400
-140.398100 369.514400 -108.710700 377.703100
-143.862100 369.340500 -111.955800 377.853300
-147.327600 369.166400 -115.336800 377.975300
-150.737000 368.971100 -118.843000 378.061800
-154.158600 368.781900 -122.396300 378.176200
-157.533900 368.539100 -125.953900 378.219700
-160.863100 368.281900 -129.481100 378.284500
-164.185700 368.025000 -132.998100 378.325300
-167.432800 367.748600 -136.485500 378.265200
-170.642400 367.488400 -139.959900 378.292400
-173.841400 367.227100 -143.409800 378.339400
-177.023700 366.951400 -146.832800 378.347100
-180.244500 366.730400 -150.246600 378.399700
-183.473900 366.580900 -153.616600 378.532500
-186.744800 366.472000 -156.951000 378.739100
-190.033500 366.367300 -160.253800 378.929500
-193.355400 366.250500 -163.501400 379.149600
-196.716900 366.188600 -166.693500 379.335600
-200.121200 366.182600 -169.891400 379.635700
-203.540500 366.199800 -173.085700 379.957500
-206.952700 366.227500 -176.297100 380.264300
-210.347900 366.285500 -179.521900 380.607700
-213.706200 366.365900 -182.786800 380.974200
-217.009500 366.481900 -186.064300 381.395600
-220.179700 366.654500 -189.361400 381.882100
-223.191200 366.879000 -192.696100 382.428600
-226.097000 367.114900 -196.053900 383.059700
-228.814800 367.345400 -199.417700 383.702100
-231.386300 367.584000 -202.758900 384.363700
-233.712600 367.887700 -206.061300 385.113600
-235.782000 368.275800 -209.265300 386.093500
-237.675400 368.737900 -212.341900 387.192200
-239.369400 369.206200 -215.273900 388.285000
-240.923900 369.617600 -218.086100 389.259600
-242.343700 369.946600 -220.812100 390.132900
-243.617800 370.200700 -223.409900 390.836300
-244.859400 370.340600 -225.852400 391.357100
-246.077300 370.391700 -228.112000 391.560900
-247.267700 370.379800 -230.154200 391.773200
-248.493500 370.333700 -232.023900 391.979400
-249.783700 370.306600 -233.722800 392.086900
-251.078800 370.299200 -235.276300 392.219900
-252.358200 370.349900 -236.676300 392.306000
-253.632100 370.436500 -237.898900 392.629200
-254.850600 370.581800 -239.114500 392.866800
-255.940600 370.729900 -240.294600 393.058400
-256.915700 370.895600 -241.427200 393.418400
-257.880300 371.026600 -242.653500 393.681200
-258.825300 371.074700 -243.911300 393.934900
-259.790200 371.036700 -245.199500 393.996600
-260.853800 370.865000 -246.464000 393.804300
-261.981300 370.525600 -247.710200 393.582100
-263.149900 369.955400 -248.806900 393.128200
-264.334300 369.128800 -249.707600 392.590700
-265.453200 367.983800 -250.436200 391.929000
-266.451000 366.525200 -251.048200 391.183600
-267.251800 364.723800 -251.522600 390.369900
-267.949500 362.709300 -251.928900 389.456000
-268.506500 360.485200 -252.293200 388.421100
-268.941500 358.026800 -252.601500 387.236600
-269.220400 355.348600 -252.855900 385.912300
-269.448800 352.477300 -253.089400 384.418300
-269.718000 349.407100 -253.361200 382.774700
-269.985700 346.177700 -253.663300 380.971300
-270.257600 342.841000 -253.979500 378.981800
-270.518100 339.408900 -254.302600 376.813500
-270.754500 335.850800 -254.621400 374.479300
-270.955500 332.279200 -254.955300 371.928900
-271.100700 328.699800 -255.286900 369.198300
-271.205200 325.126400 -255.602700 366.262600
-271.267700 321.587300 -255.869400 363.136800
-271.275200 318.070500 -256.111400 359.859400
-271.222900 314.582000 -256.333900 356.493200
-271.120000 311.120600 -256.475000 353.017200
-270.978000 307.683800 -256.610900 349.423100
-270.782700 304.265600 -256.684900 345.861700
-270.528600 300.853100 -256.706100 342.265500
-270.242000 297.429400 -256.702500 338.706900
-269.919600 293.989900 -256.657700 335.173500
-269.545200 290.528500 -256.550800 331.668200
-269.141700 287.042100 -256.427200 328.184800
-268.688300 283.528200 -256.253200 324.735300
-268.188900 279.998100 -256.053400 321.310400
-267.644900 276.438400 -255.780000 317.895800
-267.060700 272.864800 -255.531000 314.481600
-266.415600 269.267600 -255.225400 311.053400
-265.703700 265.659900 -254.865400 307.609500
-264.933700 262.028500 -254.445900 304.143500
-264.083600 258.356100 -253.943300 300.654100
-263.198600 254.694500 -253.379100 297.153300
-262.249500 251.044300 -252.787400 293.627600
-261.237300 247.429800 -252.136100 290.077900
-260.189300 243.839800 -251.412400 286.520000
-259.094000 240.246100 -250.594100 282.948200
-257.955600 236.666200 -249.784200 279.356100
-256.772700 233.104800 -248.887300 275.730200
-255.531300 229.548500 -247.918200 272.081600
-254.248400 226.028100 -246.928300 268.452400
-252.919100 222.544000 -245.880400 264.835000
-251.574800 219.079600 -244.806600 261.242200
-250.208800 215.633800 -243.716300 257.656600
-248.823500 212.212300 -242.574400 254.078700
-247.396200 208.816100 -241.410500 250.510500
-245.924600 205.438400 -240.183100 246.957400
-244.407500 202.096000 -238.919400 243.410900
-242.864900 198.761700 -237.645400 239.898300
-241.279000 195.474400 -236.299800 236.423300
-239.649300 192.235800 -234.910400 232.983900
-237.983200 189.035400 -233.503300 229.554100
-236.298900 185.858800 -232.032400 226.176500
-234.588400 182.702700 -230.542400 222.808300
-232.835600 179.589900 -229.003900 219.465500
-231.009300 176.491000 -227.451100 216.141300
-229.111700 173.245900 -225.851700 212.836600
-227.176300 170.021800 -224.251300 209.567700
-225.177100 166.838100 -222.571500 206.365800
-223.121100 163.678300 -220.848900 203.197200
-221.021800 160.583500 -219.081500 200.072000
-218.906700 157.528200 -217.281500 196.972600
-216.758300 154.516100 -215.446900 193.897300
-214.598900 151.542200 -213.544300 190.779400
-212.419400 148.613400 -211.541700 187.595400
-210.228200 145.723000 -209.504700 184.444600
-207.984500 142.875200 -207.397400 181.320200
-205.709300 140.044600 -205.274200 178.215800
-203.367700 137.252600 -203.077300 175.200700
-200.986900 134.476000 -200.883900 172.212400
-198.545200 131.709700 -198.680200 169.247400
-196.059300 128.939500 -196.456400 166.343000
-193.510200 126.196800 -194.190900 163.480300
-190.897300 123.468900 -191.893600 160.684700
-188.227400 120.762000 -189.562400 157.906100
-185.497000 118.076800 -187.194900 155.144200
-182.724000 115.414700 -184.762700 152.424100
-179.874900 112.756200 -182.313700 149.699700
-176.963500 110.129700 -179.765900 147.014400
-174.022700 107.478800 -177.208400 144.306400
-171.062700 104.830200 -174.585800 141.614500
-168.072200 102.205400 -171.952600 138.892300
-165.063500 99.572080 -169.287600 136.177300
-162.094200 96.925240 -166.633000 133.405700
-159.158100 94.245620 -163.990200 130.590000
-156.222000 91.591220 -161.315000 127.749300
-153.302600 88.949020 -158.602600 124.894900
-150.415700 86.290970 -155.914800 121.986000
-147.525700 83.616700 -153.218400 119.063900
-144.616800 80.967880 -150.478600 116.165000
-141.680000 78.334030 -147.712500 113.291600
-138.744900 75.701910 -144.990200 110.390500
-135.803000 73.066790 -142.276800 107.495500
-132.863800 70.434610 -139.543000 104.642300
-129.933000 67.796650 -136.827900 101.798300
-127.009300 65.165490 -134.148500 98.929910
-124.094300 62.565200 -131.444500 96.068130
-121.185800 59.961850 -128.759900 93.187990
-118.275800 57.358150 -126.039100 90.331910
-115.383500 54.746480 -123.343600 87.454200
-112.487100 52.132910 -120.620200 84.588580
-109.563100 49.507800 -117.912400 81.725290
-106.649400 46.882310 -115.200000 78.866350
-103.717200 44.240620 -112.499900 76.020770
-100.776700 41.607720 -109.797600 73.204590
-97.815960 38.955960 -107.097000 70.386980
-94.863170 36.299440 -104.415200 67.549510
-91.884440 33.643060 -101.714500 64.738140
-88.909720 30.989760 -98.998880 61.924080
-85.917480 28.322680 -96.311060 59.069890
-82.929050 25.668410 -93.582470 56.236010
-79.941980 23.038030 -90.827330 53.420000
-76.962720 20.421650 -88.071800 50.566970
-74.007520 17.823510 -85.309320 47.715880
-71.092400 15.226900 -82.587280 44.818260
-68.209240 12.634500 -79.860280 41.900210
-65.354250 10.051970 -77.116570 39.003010
-62.542350 7.481356 -74.410030 36.048310
-59.754040 4.927046 -71.713470 33.105590
-57.009180 2.422195 -69.004200 30.199130
-54.340090 0.009828 -66.307480 27.303850
-51.766990 -2.296378 -63.616480 24.443050
-49.260900 -4.526641 -60.933400 21.628830
-46.853800 -6.677798 -58.276590 18.812700
-44.569730 -8.685225 -55.605710 16.067990
-42.404320 -10.528340 -52.924050 13.363610
-40.364200 -12.198710 -50.199770 10.768980
-38.389800 -13.695430 -47.444150 8.334549
-36.423220 -15.003710 -44.669050 6.108722
-34.423200 -16.097900 -41.825540 4.225255
-32.364650 -16.913830 -38.858810 2.733832
-30.265120 -17.411740 -35.817540 1.853297
-28.163420 -17.604910 -32.885060 1.363542
-26.110560 -17.459960 -30.113100 1.282124
-24.143360 -16.987220 -27.574480 1.691615
-22.296980 -16.217800 -25.250840 2.411669
-20.604650 -15.231400 -23.168290 3.456228
-19.008910 -14.153640 -21.174500 4.521997
-17.427180 -13.090130 -19.221860 5.514852
-15.874640 -12.069320 -17.331470 6.523157
-14.363580 -11.106930 -15.486480 7.524374
-12.922670 -10.242620 -13.620720 8.355495
-11.574780 -9.466819 -11.805710 9.239646
-10.317910 -8.788752 -9.978137 10.036050
-9.188230 -8.193104 -8.180633 10.784980
-8.211014 -7.716742 -6.398646 11.508750
-7.426664 -7.335419 -4.633209 12.190770
-6.732949 -7.004384 -2.906263 12.826520
-6.081177 -6.624412 -1.327923 13.599410
-5.489078 -6.233971 0.120681 14.367190
-4.934984 -5.802268 1.407985 15.167990
-4.339961 -5.285216 2.497817 16.019500
-3.697865 -4.592905 3.405334 16.829630
-3.037676 -3.769289 4.137822 17.537670
-2.408137 -2.790908 4.643075 18.173830
-1.801721 -1.625169 5.062636 18.817440
-1.269630 -0.215074 5.391702 19.478440
-0.812186 1.417145 5.646047 20.137440
-0.577413 3.304554 5.816625 20.831490
-0.470925 5.426109 5.965595 21.659130
-0.476637 7.694492 6.065452 22.645600
-0.570738 10.119870 6.133400 23.734790
-0.648451 12.686750 6.210762 24.937730
-0.748385 15.378500 6.296163 26.317590
-0.860824 18.191740 6.401044 27.881250
-0.998219 21.084400 6.533762 29.640520
-1.176238 24.100490 6.622988 31.618880
-1.395968 27.224660 6.683941 33.789460
-1.640741 30.420880 6.722980 36.115420
-1.879320 33.664680 6.773751 38.586840
-2.150183 36.923590 6.818182 41.197570
-2.397389 40.249040 6.886189 43.937010
-2.638864 43.594280 6.948829 46.777980
-2.848280 46.962570 7.036927 49.710440
-3.041372 50.356970 7.151804 52.776910
-3.212653 53.820380 7.300439 55.923480
-3.380992 57.307360 7.455517 59.156390
-3.567609 60.834770 7.598457 62.400380
-3.786600 64.385720 7.734902 65.695180
-3.981904 67.973540 7.901437 69.035520
-4.173959 71.565920 8.056146 72.386420
-4.396788 75.106490 8.193388 75.776060
-4.593996 78.623730 8.389287 79.187370
-4.800834 82.136440 8.615629 82.651210
-5.016400 85.597270 8.757417 86.159670
-5.214554 89.008160 8.943346 89.685080
-5.369648 92.435540 9.159619 93.257700
-5.524006 95.827610 9.411945 96.844800
