0 0.001536 0.123768 100.000000 12.195122
0 0.000732 0.113812 200.000000 15.384615
0 0.000521 0.119026 300.000000 17.543859
0 0.000459 0.125891 400.000000 19.138756
0 0.000216 0.144715 500.000000 20.325203
0 0.000091 0.140860 600.000000 21.126760
0 0.000106 0.121405 700.000000 21.806854
0 0.000109 0.104129 800.000000 22.284122
10 0.001511 0.129424 100.000000 12.987013
10 0.000734 0.118810 200.000000 16.129032
10 0.000529 0.122717 300.000000 18.181818
10 0.000449 0.130893 400.000000 19.704433
10 0.000109 0.155205 500.000000 20.833334
10 0.000101 0.140871 600.000000 21.582733
10 0.000109 0.120239 700.000000 22.222221
10 0.000115 0.103272 800.000000 22.662889
20 0.000484 0.082195 100.000000 13.888889
20 0.000246 0.049610 200.000000 16.949152
20 0.000208 0.043822 300.000000 18.867924
20 0.000209 0.045402 400.000000 20.304569
20 0.000169 0.073359 500.000000 21.367521
20 0.000235 0.059702 600.000000 22.140221
20 0.000232 0.046671 700.000000 22.653721
20 0.000227 0.041539 800.000000 23.121387
30 0.000063 0.013922 100.000000 14.925373
30 0.000041 0.008689 200.000000 17.857143
30 0.000089 0.007877 300.000000 19.607843
30 0.000095 0.022175 400.000000 21.052631
30 0.000261 0.037169 500.000000 22.026432
30 0.000305 0.030869 600.000000 22.641510
30 0.000297 0.036551 700.000000 23.178808
30 0.000285 0.051801 800.000000 23.529411
40 0.000086 0.011352 100.000000 16.129032
40 0.000054 0.006857 200.000000 18.867924
40 0.000111 0.006831 300.000000 20.408163
40 0.000083 0.028256 400.000000 21.739130
40 0.000279 0.035626 500.000000 22.624434
40 0.000315 0.030974 600.000000 23.166023
40 0.000306 0.039347 700.000000 23.648649
40 0.000292 0.055456 800.000000 23.952095
50 0.000074 0.010263 100.000000 17.241379
50 0.000036 0.005836 200.000000 19.801981
50 0.000130 0.005644 300.000000 21.276596
50 0.000082 0.028116 400.000000 22.471910
50 0.000345 0.036333 500.000000 23.148148
50 0.000326 0.032633 600.000000 23.715416
50 0.000308 0.044008 700.000000 24.054983
50 0.000302 0.060684 800.000000 24.316109
60 0.000078 0.008039 100.000000 18.518518
60 0.000031 0.005862 200.000000 20.618557
60 0.000157 0.004093 300.000000 21.897810
60 0.000115 0.027182 400.000000 22.988506
60 0.000340 0.036748 500.000000 23.696682
60 0.000340 0.035136 600.000000 24.096386
60 0.000310 0.048301 700.000000 24.475525
60 0.000300 0.065320 800.000000 24.691359
70 0.000148 0.007957 100.000000 19.230770
70 0.000064 0.004964 200.000000 21.276596
70 0.000169 0.003516 300.000000 22.556391
70 0.000174 0.036290 400.000000 23.529411
70 0.000352 0.036279 500.000000 24.154589
70 0.000359 0.039147 600.000000 24.489796
70 0.000331 0.053551 700.000000 24.822695
70 0.000304 0.072160 800.000000 25.000000
80 0.000089 0.007030 100.000000 20.408163
80 0.000074 0.006109 200.000000 21.978022
80 0.000152 0.005275 300.000000 23.255814
80 0.000199 0.037447 400.000000 24.096386
80 0.000369 0.036042 500.000000 24.509804
80 0.000356 0.040749 600.000000 24.896265
80 0.000328 0.056266 700.000000 25.089605
80 0.000302 0.074107 800.000000 25.316456
90 0.000026 0.005075 100.000000 21.276596
90 0.000119 0.005671 200.000000 22.471910
90 0.000143 0.009229 300.000000 23.809525
90 0.000318 0.045422 400.000000 24.539877
90 0.000378 0.037309 500.000000 24.875622
90 0.000351 0.043490 600.000000 25.210085
90 0.000329 0.059822 700.000000 25.362318
90 0.000302 0.076726 800.000000 25.477707
100 0.000064 0.005023 100.000000 21.739130
100 0.000176 0.006282 200.000000 23.255814
100 0.000139 0.032454 300.000000 24.390244
100 0.000358 0.044314 400.000000 24.844721
100 0.000382 0.038462 500.000000 25.252525
100 0.000362 0.048201 600.000000 25.423729
100 0.000337 0.065733 700.000000 25.547445
100 0.000304 0.080127 800.000000 25.723473
110 0.000070 0.009598 100.000000 22.222221
110 0.000233 0.008049 200.000000 23.809525
110 0.000131 0.040691 300.000000 24.793388
110 0.000413 0.048873 400.000000 25.157232
110 0.000388 0.040522 500.000000 25.510204
110 0.000355 0.051332 600.000000 25.641026
110 0.000340 0.068078 700.000000 25.830257
110 0.000303 0.081602 800.000000 25.889967
120 0.000116 0.011631 100.000000 22.727272
120 0.000250 0.010790 200.000000 24.096386
120 0.000217 0.050351 300.000000 25.210085
120 0.000409 0.048002 400.000000 25.477707
120 0.000407 0.042079 500.000000 25.773195
120 0.000367 0.054582 600.000000 25.862068
120 0.000330 0.073342 700.000000 25.925926
120 0.000315 0.084593 800.000000 25.974026
130 0.000156 0.011746 100.000000 23.255814
130 0.000217 0.015557 200.000000 24.691359
130 0.000392 0.063538 300.000000 25.423729
130 0.000438 0.046692 400.000000 25.641026
130 0.000411 0.046664 500.000000 25.906736
130 0.000370 0.061269 600.000000 25.974026
130 0.000332 0.079519 700.000000 26.119404
130 0.000345 0.088250 800.000000 26.143791
140 0.000260 0.009079 100.000000 23.809525
140 0.000218 0.035492 200.000000 25.000000
140 0.000449 0.060188 300.000000 25.641026
140 0.000468 0.047567 400.000000 25.974026
140 0.000424 0.055185 500.000000 26.041666
140 0.000387 0.073544 600.000000 26.086956
140 0.000347 0.089035 700.000000 26.217228
140 0.000412 0.092822 800.000000 26.229507
150 0.000401 0.006994 100.000000 23.809525
150 0.000174 0.054865 200.000000 25.641026
150 0.000596 0.060101 300.000000 25.862068
150 0.000505 0.052827 400.000000 26.143791
150 0.000444 0.067388 500.000000 26.178011
150 0.000414 0.087051 600.000000 26.200872
150 0.000355 0.101531 700.000000 26.315790
150 0.000447 0.108383 800.000000 26.315790
160 0.000428 0.004081 100.000000 25.000000
160 0.000228 0.066852 200.000000 25.974026
160 0.000573 0.059969 300.000000 26.086956
160 0.000529 0.056597 400.000000 26.315790
160 0.000447 0.073355 500.000000 26.315790
160 0.000402 0.094045 600.000000 26.315790
160 0.000360 0.104998 700.000000 26.415094
160 0.000462 0.115164 800.000000 26.402639
170 0.000335 0.008230 100.000000 25.641026
170 0.000366 0.075010 200.000000 26.315790
170 0.000611 0.059523 300.000000 26.315790
170 0.000535 0.063071 400.000000 26.315790
170 0.000458 0.080128 500.000000 26.455027
170 0.000401 0.101412 600.000000 26.431719
170 0.000388 0.112426 700.000000 26.415094
170 0.000461 0.133718 800.000000 26.490067
180 0.000465 0.053639 100.000000 25.641026
180 0.000720 0.084711 200.000000 26.315790
180 0.000664 0.065522 300.000000 26.548672
180 0.000551 0.078629 400.000000 26.490067
180 0.000488 0.100157 500.000000 26.455027
180 0.000425 0.118053 600.000000 26.548672
180 0.000492 0.118532 700.000000 26.515152
180 0.000478 0.157240 800.000000 26.490067
190 0.000158 0.107286 100.000000 26.315790
190 0.000896 0.087170 200.000000 26.315790
190 0.000680 0.072676 300.000000 26.548672
190 0.000559 0.089419 400.000000 26.490067
190 0.000501 0.110712 500.000000 26.455027
190 0.000418 0.125204 600.000000 26.548672
190 0.000516 0.130613 700.000000 26.515152
190 0.000477 0.175943 800.000000 26.490067
200 0.000753 0.130532 100.000000 26.315790
200 0.000936 0.088503 200.000000 26.315790
200 0.000758 0.089398 300.000000 26.548672
200 0.000611 0.110030 400.000000 26.490067
200 0.000514 0.133810 500.000000 26.455027
200 0.000464 0.144789 600.000000 26.431719
200 0.000555 0.153160 700.000000 26.515152
200 0.000480 0.197334 800.000000 26.402639
210 0.001459 0.166760 100.000000 25.641026
210 0.001014 0.095900 200.000000 26.315790
210 0.000778 0.106685 300.000000 26.315790
210 0.000626 0.125606 400.000000 26.490067
210 0.000519 0.147512 500.000000 26.455027
210 0.000512 0.150875 600.000000 26.431719
210 0.000554 0.180447 700.000000 26.415094
210 0.000487 0.209873 800.000000 26.402639
220 0.001042 0.140390 100.000000 25.641026
220 0.000760 0.081183 200.000000 26.315790
220 0.000611 0.080147 300.000000 26.315790
220 0.000500 0.097374 400.000000 26.315790
220 0.000417 0.108928 500.000000 26.455027
220 0.000496 0.108018 600.000000 26.431719
220 0.000481 0.153232 700.000000 26.415094
220 0.000308 0.185562 800.000000 26.315790
230 0.001458 0.076786 100.000000 25.641026
230 0.000877 0.068219 200.000000 26.315790
230 0.000649 0.092142 300.000000 26.315790
230 0.000547 0.114425 400.000000 26.315790
230 0.000450 0.125566 500.000000 26.455027
230 0.000567 0.127629 600.000000 26.431719
230 0.000506 0.176382 700.000000 26.415094
230 0.000313 0.197071 800.000000 26.315790
240 0.001096 0.048408 100.000000 25.641026
240 0.000756 0.035643 200.000000 25.974026
240 0.000556 0.064104 300.000000 26.315790
240 0.000453 0.088221 400.000000 26.315790
240 0.000424 0.096876 500.000000 26.315790
240 0.000520 0.106367 600.000000 26.431719
240 0.000439 0.158627 700.000000 26.315790
240 0.000261 0.172999 800.000000 26.229507
250 0.000623 0.041851 100.000000 25.641026
250 0.000422 0.007861 200.000000 25.974026
250 0.000350 0.022433 300.000000 26.315790
250 0.000282 0.039611 400.000000 26.315790
250 0.000407 0.031566 500.000000 26.315790
250 0.000400 0.097741 600.000000 26.315790
250 0.000331 0.125127 700.000000 26.315790
250 0.000161 0.134039 800.000000 26.229507
260 0.000514 0.041079 100.000000 25.641026
260 0.000378 0.008367 200.000000 25.974026
260 0.000318 0.021192 300.000000 26.315790
260 0.000256 0.032340 400.000000 26.315790
260 0.000404 0.030040 500.000000 26.315790
260 0.000386 0.105948 600.000000 26.315790
260 0.000191 0.135300 700.000000 26.315790
260 0.000131 0.129901 800.000000 26.143791
270 0.000350 0.013958 100.000000 25.641026
270 0.000240 0.005120 200.000000 25.974026
270 0.000238 0.016389 300.000000 26.315790
270 0.000200 0.019845 400.000000 26.315790
270 0.000405 0.023410 500.000000 26.315790
270 0.000325 0.120859 600.000000 26.315790
270 0.000151 0.127488 700.000000 26.217228
270 0.000187 0.118299 800.000000 26.143791
280 0.000429 0.012578 100.000000 25.641026
280 0.000297 0.005914 200.000000 25.974026
280 0.000240 0.021373 300.000000 26.315790
280 0.000271 0.023039 400.000000 26.315790
280 0.000404 0.063676 500.000000 26.315790
280 0.000332 0.123587 600.000000 26.315790
280 0.000139 0.130292 700.000000 26.217228
280 0.000199 0.119961 800.000000 26.058632
290 0.000219 0.028103 100.000000 25.641026
290 0.000215 0.008373 200.000000 25.974026
290 0.000180 0.006006 300.000000 26.315790
290 0.000366 0.028388 400.000000 26.315790
290 0.000355 0.101830 500.000000 26.315790
290 0.000159 0.137206 600.000000 26.200872
290 0.000091 0.124093 700.000000 26.119404
290 0.000176 0.112912 800.000000 26.058632
300 0.000208 0.020626 100.000000 25.641026
300 0.000225 0.005871 200.000000 25.974026
300 0.000156 0.005081 300.000000 26.315790
300 0.000395 0.026264 400.000000 26.315790
300 0.000355 0.133192 500.000000 26.315790
300 0.000131 0.137814 600.000000 26.200872
300 0.000074 0.123038 700.000000 26.119404
300 0.000166 0.112056 800.000000 26.058632
310 0.000083 0.021867 100.000000 25.641026
310 0.000145 0.008457 200.000000 25.974026
310 0.000131 0.012601 300.000000 26.086956
310 0.000399 0.027431 400.000000 26.315790
310 0.000309 0.136721 500.000000 26.178011
310 0.000103 0.135822 600.000000 26.200872
310 0.000160 0.120478 700.000000 26.022305
310 0.000149 0.108686 800.000000 26.058632
320 0.000165 0.021487 100.000000 25.641026
320 0.000143 0.005933 200.000000 25.974026
320 0.000199 0.010064 300.000000 26.086956
320 0.000396 0.100982 400.000000 26.315790
320 0.000317 0.138063 500.000000 26.178011
320 0.000087 0.137651 600.000000 26.086956
320 0.000165 0.121511 700.000000 26.022305
320 0.000148 0.110263 800.000000 26.058632
330 0.000239 0.009318 100.000000 25.641026
330 0.000176 0.008047 200.000000 25.974026
330 0.000415 0.043424 300.000000 26.086956
330 0.000410 0.126386 400.000000 26.143791
330 0.000150 0.161072 500.000000 26.178011
330 0.000070 0.139361 600.000000 26.086956
330 0.000177 0.123186 700.000000 26.022305
330 0.000157 0.111622 800.000000 26.058632
340 0.000268 0.010541 100.000000 25.641026
340 0.000152 0.013649 200.000000 25.974026
340 0.000467 0.039966 300.000000 26.086956
340 0.000393 0.165660 400.000000 26.143791
340 0.000119 0.161715 500.000000 26.178011
340 0.000051 0.138399 600.000000 25.974026
340 0.000158 0.122703 700.000000 26.022305
340 0.000148 0.110618 800.000000 26.058632
350 0.000125 0.007436 100.000000 25.641026
350 0.000170 0.020971 200.000000 25.974026
350 0.000483 0.052777 300.000000 26.086956
350 0.000350 0.169929 400.000000 26.143791
350 0.000093 0.160864 500.000000 26.041666
350 0.000162 0.138256 600.000000 25.974026
350 0.000146 0.120990 700.000000 25.925926
350 0.000131 0.108187 800.000000 26.143791
360 0.000089 0.008017 100.000000 25.641026
360 0.000284 0.041437 200.000000 25.974026
360 0.000461 0.169689 300.000000 26.086956
360 0.000350 0.170805 400.000000 26.143791
360 0.000063 0.162150 500.000000 26.041666
360 0.000167 0.138526 600.000000 25.862068
360 0.000149 0.121338 700.000000 26.022305
360 0.000121 0.108572 800.000000 26.143791
370 0.000097 0.028998 100.000000 25.641026
370 0.000498 0.077970 200.000000 25.974026
370 0.000462 0.169020 300.000000 26.086956
370 0.000121 0.198470 400.000000 25.974026
370 0.000031 0.162140 500.000000 25.906736
370 0.000163 0.138662 600.000000 25.862068
370 0.000148 0.120864 700.000000 26.022305
370 0.000114 0.108189 800.000000 26.143791
380 0.000058 0.043072 100.000000 25.641026
380 0.000609 0.075335 200.000000 25.974026
380 0.000452 0.220959 300.000000 26.086956
380 0.000082 0.198877 400.000000 25.974026
380 0.000022 0.160935 500.000000 25.906736
380 0.000148 0.138049 600.000000 25.862068
380 0.000131 0.119784 700.000000 26.022305
380 0.000104 0.106378 800.000000 26.143791
390 0.000300 0.051471 100.000000 25.641026
390 0.000668 0.105927 200.000000 25.974026
390 0.000427 0.226070 300.000000 26.086956
390 0.000083 0.199483 400.000000 25.974026
390 0.000175 0.164390 500.000000 25.773195
390 0.000150 0.138836 600.000000 25.862068
390 0.000129 0.120816 700.000000 26.022305
390 0.000174 0.108841 800.000000 26.143791
400 0.000923 0.132416 100.000000 25.641026
400 0.000639 0.253199 200.000000 25.974026
400 0.000400 0.236271 300.000000 25.862068
400 0.000050 0.200793 400.000000 25.806452
400 0.000180 0.164718 500.000000 25.773195
400 0.000163 0.139474 600.000000 25.862068
400 0.000122 0.121598 700.000000 26.119404
400 0.000230 0.112604 800.000000 26.229507
410 0.000955 0.138793 100.000000 25.641026
410 0.000646 0.250791 200.000000 25.974026
410 0.000109 0.264493 300.000000 25.862068
410 0.000027 0.201044 400.000000 25.806452
410 0.000174 0.164933 500.000000 25.773195
410 0.000157 0.139348 600.000000 25.974026
410 0.000114 0.121502 700.000000 26.119404
410 0.000225 0.113303 800.000000 26.229507
420 0.001213 0.113547 100.000000 25.641026
420 0.000582 0.336611 200.000000 25.641026
420 0.000094 0.264718 300.000000 25.862068
420 0.000177 0.204634 400.000000 25.641026
420 0.000167 0.165618 500.000000 25.773195
420 0.000144 0.139775 600.000000 25.974026
420 0.000125 0.121557 700.000000 26.119404
420 0.000246 0.117596 800.000000 26.143791
430 0.000936 0.248838 100.000000 25.641026
430 0.000451 0.336231 200.000000 25.641026
430 0.000060 0.262616 300.000000 25.641026
430 0.000125 0.203163 400.000000 25.641026
430 0.000101 0.163055 500.000000 25.773195
430 0.000092 0.136380 600.000000 25.974026
430 0.000203 0.124763 700.000000 26.119404
430 0.000146 0.124229 800.000000 26.143791
440 0.000367 0.424264 100.000000 25.641026
440 0.000100 0.338483 200.000000 25.641026
440 0.000262 0.237358 300.000000 25.641026
440 0.000027 0.186551 400.000000 25.641026
440 0.000038 0.151298 500.000000 25.773195
440 0.000054 0.126994 600.000000 26.086956
440 0.000137 0.119991 700.000000 26.119404
440 0.000202 0.119211 800.000000 26.143791
450 0.000258 0.574989 100.000000 25.000000
450 0.000385 0.351910 200.000000 25.641026
450 0.000342 0.235986 300.000000 25.641026
450 0.000055 0.187288 400.000000 25.641026
450 0.000053 0.153846 500.000000 25.773195
450 0.000073 0.129621 600.000000 26.086956
450 0.000119 0.122702 700.000000 26.119404
450 0.000123 0.141340 800.000000 26.058632
460 0.000099 0.589392 100.000000 25.000000
460 0.000503 0.351001 200.000000 25.316456
460 0.000156 0.249710 300.000000 25.423729
460 0.000104 0.192393 400.000000 25.641026
460 0.000100 0.160340 500.000000 25.906736
460 0.000073 0.138421 600.000000 26.086956
460 0.000072 0.132893 700.000000 26.119404
460 0.000141 0.154322 800.000000 25.974026
470 0.000116 0.328336 100.000000 25.000000
470 0.000535 0.220613 200.000000 25.316456
470 0.000142 0.166758 300.000000 25.423729
470 0.000110 0.131435 400.000000 25.641026
470 0.000106 0.113267 500.000000 25.906736
470 0.000093 0.116635 600.000000 26.086956
470 0.000291 0.103332 700.000000 26.119404
470 0.000127 0.127697 800.000000 25.889967
480 0.000848 0.282985 100.000000 25.000000
480 0.000590 0.144023 200.000000 25.316456
480 0.000118 0.119044 300.000000 25.423729
480 0.000104 0.100463 400.000000 25.641026
480 0.000115 0.086486 500.000000 26.041666
480 0.000108 0.092463 600.000000 26.086956
480 0.000269 0.096865 700.000000 26.119404
480 0.000260 0.112539 800.000000 25.806452
490 0.001006 0.127429 100.000000 25.000000
490 0.000639 0.074484 200.000000 25.316456
490 0.000154 0.085370 300.000000 25.423729
490 0.000118 0.081390 400.000000 25.806452
490 0.000129 0.075269 500.000000 26.041666
490 0.000107 0.080306 600.000000 26.200872
490 0.000167 0.108016 700.000000 26.022305
490 0.000299 0.121015 800.000000 25.723473
500 0.000958 0.114737 100.000000 25.000000
500 0.000210 0.103564 200.000000 25.000000
500 0.000125 0.084045 300.000000 25.423729
500 0.000121 0.078552 400.000000 25.806452
500 0.000095 0.072244 500.000000 26.041666
500 0.000106 0.070201 600.000000 26.200872
500 0.000155 0.105619 700.000000 25.925926
500 0.000271 0.170101 800.000000 25.559105
510 0.001087 0.116745 100.000000 25.000000
510 0.000222 0.113473 200.000000 25.000000
510 0.000142 0.091193 300.000000 25.423729
510 0.000147 0.084124 400.000000 25.974026
510 0.000125 0.096972 500.000000 26.178011
510 0.000339 0.076522 600.000000 26.086956
510 0.000163 0.110239 700.000000 25.830257
510 0.000263 0.226527 800.000000 25.396826
520 0.000339 0.041299 100.000000 24.390244
520 0.000264 0.015614 200.000000 25.000000
520 0.000198 0.012186 300.000000 25.641026
520 0.000131 0.014818 400.000000 25.974026
520 0.000291 0.018903 500.000000 26.178011
520 0.000161 0.049659 600.000000 26.086956
520 0.000227 0.065119 700.000000 25.735294
520 0.000139 0.239212 800.000000 25.236593
530 0.000295 0.029882 100.000000 24.390244
530 0.000294 0.014696 200.000000 25.000000
530 0.000224 0.014045 300.000000 25.641026
530 0.000144 0.019559 400.000000 25.974026
530 0.000386 0.022767 500.000000 26.178011
530 0.000045 0.055229 600.000000 26.086956
530 0.000193 0.112252 700.000000 25.641026
530 0.000133 0.239279 800.000000 25.078369
540 0.000552 0.040283 100.000000 24.390244
540 0.000307 0.015110 200.000000 25.316456
540 0.000228 0.015654 300.000000 25.862068
540 0.000164 0.020948 400.000000 26.143791
540 0.000081 0.051618 500.000000 26.178011
540 0.000040 0.055088 600.000000 25.974026
540 0.000174 0.187552 700.000000 25.454546
540 0.000136 0.241362 800.000000 24.844721
550 0.000711 0.043378 100.000000 24.390244
550 0.000378 0.016903 200.000000 25.316456
550 0.000242 0.022050 300.000000 26.086956
550 0.000413 0.022228 400.000000 26.315790
550 0.000188 0.060762 500.000000 26.178011
550 0.000020 0.057683 600.000000 25.862068
550 0.000148 0.250485 700.000000 25.362318
550 0.000120 0.240973 800.000000 24.464832
560 0.000823 0.025183 100.000000 24.390244
560 0.000440 0.021807 200.000000 25.641026
560 0.000261 0.036310 300.000000 26.086956
560 0.000442 0.034858 400.000000 26.315790
560 0.000124 0.065959 500.000000 26.178011
560 0.000246 0.084424 600.000000 25.751074
560 0.000118 0.276318 700.000000 25.179855
560 0.000110 0.240972 800.000000 24.024025
570 0.000858 0.023135 100.000000 25.000000
570 0.000460 0.029888 200.000000 25.974026
570 0.000265 0.043243 300.000000 26.315790
570 0.000476 0.051776 400.000000 26.315790
570 0.000044 0.067744 500.000000 26.178011
570 0.000178 0.143264 600.000000 25.641026
570 0.000116 0.279106 700.000000 25.000000
570 0.000104 0.239816 800.000000 23.598820
580 0.000072 0.014734 100.000000 25.000000
580 0.000108 0.019261 200.000000 25.974026
580 0.000067 0.017104 300.000000 26.315790
580 0.000216 0.037362 400.000000 26.490067
580 0.000127 0.078215 500.000000 26.041666
580 0.000292 0.210539 600.000000 25.531916
580 0.000231 0.270119 700.000000 24.734982
580 0.000196 0.231351 800.000000 23.054754
590 0.000051 0.014607 100.000000 25.641026
590 0.000097 0.020924 200.000000 26.315790
590 0.000318 0.049401 300.000000 26.548672
590 0.000407 0.043921 400.000000 26.315790
590 0.000137 0.081114 500.000000 26.041666
590 0.000283 0.289354 600.000000 25.316456
590 0.000235 0.270283 700.000000 24.305555
590 0.000240 0.228747 800.000000 22.662889
600 0.000123 0.036760 100.000000 25.641026
600 0.000120 0.023576 200.000000 26.315790
600 0.000314 0.042934 300.000000 26.548672
600 0.000359 0.074735 400.000000 26.315790
600 0.000404 0.094631 500.000000 25.773195
600 0.000267 0.310893 600.000000 25.104603
600 0.000237 0.269624 700.000000 23.809525
600 0.000226 0.221479 800.000000 22.222221
610 0.000142 0.035678 100.000000 25.641026
610 0.000111 0.025323 200.000000 26.666666
610 0.000354 0.039724 300.000000 26.548672
610 0.000180 0.097517 400.000000 26.143791
610 0.000379 0.167306 500.000000 25.641026
610 0.000277 0.314605 600.000000 24.793388
610 0.000237 0.266966 700.000000 23.178808
610 0.000256 0.216064 800.000000 21.798365
620 0.000165 0.029094 100.000000 26.315790
620 0.000140 0.034682 200.000000 26.666666
620 0.000298 0.048839 300.000000 26.548672
620 0.000165 0.097078 400.000000 25.974026
620 0.000355 0.269409 500.000000 25.380711
620 0.000272 0.314908 600.000000 24.390244
620 0.000231 0.263377 700.000000 22.653721
620 0.000271 0.210642 800.000000 21.505377
630 0.000212 0.029019 100.000000 26.315790
630 0.000449 0.067564 200.000000 26.666666
630 0.000556 0.058058 300.000000 26.315790
630 0.000293 0.104452 400.000000 25.806452
630 0.000343 0.363710 500.000000 25.000000
630 0.000284 0.314820 600.000000 23.904383
630 0.000281 0.259297 700.000000 22.082020
630 0.000273 0.204804 800.000000 21.164021
640 0.000193 0.014753 100.000000 26.315790
640 0.000432 0.049567 200.000000 26.666666
640 0.000287 0.111675 300.000000 26.086956
640 0.000522 0.126121 400.000000 25.477707
640 0.000339 0.372567 500.000000 24.752476
640 0.000294 0.313413 600.000000 23.166023
640 0.000291 0.250584 700.000000 21.538462
640 0.000279 0.199916 800.000000 20.725389
650 0.000023 0.019627 100.000000 26.315790
650 0.000564 0.045884 200.000000 26.315790
650 0.000245 0.122594 300.000000 25.862068
650 0.000472 0.249707 400.000000 25.157232
650 0.000341 0.376891 500.000000 24.271845
650 0.000283 0.309179 600.000000 22.471910
650 0.000308 0.243525 700.000000 21.084337
650 0.000274 0.200027 800.000000 20.304569
660 0.000918 0.116432 100.000000 26.315790
660 0.000807 0.088886 200.000000 25.974026
660 0.000220 0.121148 300.000000 25.641026
660 0.000442 0.368712 400.000000 24.844721
660 0.000329 0.377186 500.000000 23.809525
660 0.000319 0.306516 600.000000 21.818182
660 0.000316 0.238108 700.000000 20.771513
660 0.000758 0.190497 800.000000 19.851116
670 0.001058 0.089212 100.000000 25.641026
670 0.000768 0.096356 200.000000 25.974026
670 0.000557 0.137944 300.000000 25.210085
670 0.000394 0.455078 400.000000 24.390244
670 0.000317 0.375954 500.000000 23.041475
670 0.000290 0.296332 600.000000 21.201414
670 0.000298 0.233764 700.000000 20.348837
670 0.000600 0.193721 800.000000 19.417477
680 0.001139 0.066694 100.000000 25.641026
680 0.000314 0.166098 200.000000 25.641026
680 0.000624 0.218157 300.000000 24.793388
680 0.000384 0.466273 400.000000 23.952095
680 0.000314 0.373575 500.000000 22.222221
680 0.000322 0.290532 600.000000 20.689655
680 0.000297 0.231293 700.000000 19.886364
680 0.000559 0.206586 800.000000 19.093079
690 0.000260 0.125323 100.000000 25.641026
690 0.000369 0.181165 200.000000 25.316456
690 0.000626 0.390127 300.000000 24.390244
690 0.000427 0.471298 400.000000 23.529411
690 0.000341 0.368436 500.000000 21.459227
690 0.000368 0.281429 600.000000 20.202021
690 0.000402 0.226822 700.000000 19.444445
700 0.002517 0.122011 100.000000 25.000000
700 0.000817 0.191438 200.000000 24.691359
700 0.000878 0.528939 300.000000 24.000000
700 0.000638 0.462089 400.000000 22.857143
700 0.000563 0.358382 500.000000 20.833334
700 0.000511 0.255015 600.000000 19.867550
700 0.000844 0.194546 700.000000 18.970190
710 0.002357 0.229823 100.000000 25.000000
710 0.001512 0.215853 200.000000 24.390244
710 0.000847 0.600845 300.000000 23.622047
710 0.000651 0.463634 400.000000 21.978022
710 0.000548 0.342212 500.000000 20.161291
710 0.000511 0.244560 600.000000 19.417477
710 0.000764 0.200704 700.000000 18.567638
720 0.002046 0.351662 100.000000 24.390244
720 0.001624 0.378925 200.000000 23.809525
720 0.000988 0.610627 300.000000 23.076923
720 0.000745 0.464243 400.000000 21.164021
720 0.000675 0.328392 500.000000 19.607843
720 0.000579 0.230929 600.000000 18.987341
730 0.000232 0.225210 100.000000 23.809525
730 0.000474 0.558066 200.000000 23.529411
730 0.000275 0.579681 300.000000 22.556391
730 0.000201 0.426844 400.000000 20.304569
730 0.000274 0.322789 500.000000 19.230770
730 0.000574 0.256148 600.000000 18.518518
740 0.000938 0.153519 100.000000 23.809525
740 0.000169 0.787067 200.000000 22.988506
740 0.000108 0.570112 300.000000 21.739130
740 0.000108 0.422720 400.000000 19.704433
740 0.000149 0.330617 500.000000 18.867924
740 0.000739 0.251826 600.000000 18.072289
750 0.000912 0.202934 100.000000 23.255814
750 0.000218 0.818035 200.000000 22.471910
750 0.000141 0.545441 300.000000 20.833334
750 0.000135 0.396312 400.000000 19.047619
750 0.000182 0.310539 500.000000 18.518518
750 0.000511 0.251102 600.000000 17.751480
760 0.001233 0.516920 100.000000 22.727272
760 0.000497 0.806145 200.000000 21.978022
760 0.000332 0.525495 300.000000 20.000000
760 0.000344 0.368013 400.000000 18.604650
760 0.000302 0.282607 500.000000 18.050541
770 0.001150 0.995545 100.000000 22.222221
770 0.000511 0.804034 200.000000 21.505377
770 0.000282 0.516349 300.000000 19.230770
770 0.000388 0.361646 400.000000 18.181818
770 0.000730 0.275110 500.000000 17.605635
780 0.001005 1.408610 100.000000 21.739130
780 0.000465 0.791765 200.000000 20.833334
780 0.000397 0.505837 300.000000 18.518518
780 0.000359 0.353995 400.000000 17.857143
780 0.000927 0.262850 500.000000 17.241379
790 0.000217 1.492040 100.000000 21.276596
790 0.000079 0.747666 200.000000 19.801981
790 0.000077 0.486890 300.000000 17.964071
790 0.000149 0.358965 400.000000 17.543859
790 0.000546 0.275456 500.000000 16.891891
800 0.000378 1.226448 100.000000 20.833334
800 0.000174 0.617736 200.000000 18.867924
800 0.000052 0.408996 300.000000 17.441860
800 0.000093 0.304941 400.000000 17.167381
800 0.000523 0.236398 500.000000 16.666666
810 0.000212 0.800925 100.000000 20.408163
810 0.000113 0.396042 200.000000 18.018019
810 0.000133 0.256305 300.000000 17.142857
810 0.000101 0.191436 400.000000 16.806723
820 0.000135 0.400646 100.000000 19.607843
820 0.000085 0.198268 200.000000 17.241379
820 0.000170 0.121046 300.000000 16.853933
820 0.001169 0.063152 400.000000 16.393442
830 0.000026 0.049093 100.000000 18.518518
830 0.000148 0.058105 200.000000 16.666666
830 0.000180 0.028023 300.000000 16.574585
830 0.000787 0.039469 400.000000 16.129032
840 0.000090 0.016075 100.000000 17.241379
840 0.000196 0.063005 200.000000 16.129032
840 0.000196 0.031478 300.000000 16.304348
840 0.000725 0.053403 400.000000 15.873015
850 0.000020 0.021703 100.000000 16.393442
850 0.000215 0.062017 200.000000 15.873015
850 0.000189 0.031247 300.000000 15.957447
860 0.000046 0.019292 100.000000 15.625000
860 0.000279 0.058657 200.000000 15.625000
860 0.000602 0.035181 300.000000 15.625000
870 0.000294 0.108691 100.000000 14.925373
870 0.000305 0.053020 200.000000 15.503876
870 0.001639 0.057110 300.000000 15.384615
880 0.000299 0.106428 100.000000 14.705882
880 0.000274 0.048168 200.000000 15.503876
880 0.001194 0.068877 300.000000 15.306123
890 0.000185 0.107508 100.000000 14.705882
890 0.000267 0.044007 200.000000 15.625000
890 0.000904 0.074369 300.000000 15.306123
900 0.000328 0.108325 100.000000 14.925373
900 0.000269 0.039827 200.000000 15.625000
900 0.000967 0.070280 300.000000 15.306123
910 0.000433 0.105881 100.000000 14.925373
910 0.000280 0.036482 200.000000 15.503876
920 0.000529 0.101787 100.000000 15.384615
920 0.000561 0.039279 200.000000 15.503876
930 0.000508 0.061316 100.000000 15.625000
930 0.001289 0.059751 200.000000 15.503876
940 0.000333 0.022817 100.000000 15.873015
940 0.001734 0.085931 200.000000 15.384615
950 0.000301 0.021521 100.000000 16.129032
950 0.001465 0.109920 200.000000 15.384615
960 0.000358 0.030213 100.000000 16.129032
960 0.001322 0.136951 200.000000 15.384615
970 0.000227 0.019801 100.000000 15.873015
970 0.001281 0.125059 200.000000 15.384615
980 0.000067 0.016953 100.000000 15.625000
990 0.002328 0.051620 100.000000 15.151515
1000 0.002675 0.116755 100.000000 14.705882
1010 0.002697 0.194332 100.000000 14.492754
1020 0.002362 0.236267 100.000000 14.492754
1030 0.002471 0.230800 100.000000 14.705882
