20.000000 0.000407
40.000000 0.000261
60.000000 0.000205
80.000000 0.000175
100.000000 0.000150
120.000000 0.000135
140.000000 0.000123
160.000000 0.000113
180.000000 0.000105
200.000000 0.000100
220.000000 0.000095
240.000000 0.000090
260.000000 0.000085
280.000000 0.000082
300.000000 0.000078
320.000000 0.000075
340.000000 0.000072
360.000000 0.000071
380.000000 0.000069
400.000000 0.000067
420.000000 0.000065
440.000000 0.000063
460.000000 0.000062
480.000000 0.000060
500.000000 0.000059
520.000000 0.000058
540.000000 0.000058
560.000000 0.000057
580.000000 0.000056
600.000000 0.000056
620.000000 0.000055
640.000000 0.000055
660.000000 0.000054
680.000000 0.000054
700.000000 0.000053
720.000000 0.000053
740.000000 0.000052
760.000000 0.000052
780.000000 0.000052
800.000000 0.000052
820.000000 0.000051
840.000000 0.000051
860.000000 0.000051
880.000000 0.000050
900.000000 0.000050
920.000000 0.000049
940.000000 0.000048
960.000000 0.000048
980.000000 0.000048
1000.000000 0.000047
1020.000000 0.000047
1040.000000 0.000047
1060.000000 0.000046
1080.000000 0.000046
1100.000000 0.000046
1120.000000 0.000046
1140.000000 0.000046
1160.000000 0.000045
1180.000000 0.000045
1200.000000 0.000045
1220.000000 0.000045
1240.000000 0.000045
1260.000000 0.000044
1280.000000 0.000044
1300.000000 0.000044
1320.000000 0.000043
1340.000000 0.000043
1360.000000 0.000043
1380.000000 0.000043
1400.000000 0.000042
1420.000000 0.000042
1440.000000 0.000042
1460.000000 0.000041
1480.000000 0.000041
1500.000000 0.000041
1520.000000 0.000040
1540.000000 0.000040
1560.000000 0.000040
1580.000000 0.000039
1600.000000 0.000039
1620.000000 0.000038
1640.000000 0.000038
1660.000000 0.000038
1680.000000 0.000037
1700.000000 0.000037
1720.000000 0.000037
1740.000000 0.000037
1760.000000 0.000036
1780.000000 0.000036
1800.000000 0.000036
1820.000000 0.000036
1840.000000 0.000035
1860.000000 0.000035
1880.000000 0.000035
1900.000000 0.000035
1920.000000 0.000035
1940.000000 0.000034
1960.000000 0.000034
1980.000000 0.000034
2000.000000 0.000034
2020.000000 0.000033
2040.000000 0.000033
2060.000000 0.000033
2080.000000 0.000033
2100.000000 0.000033
2120.000000 0.000033
2140.000000 0.000032
2160.000000 0.000032
2180.000000 0.000032
2200.000000 0.000032
2220.000000 0.000032
2240.000000 0.000031
2260.000000 0.000031
2280.000000 0.000031
2300.000000 0.000031
2320.000000 0.000031
2340.000000 0.000030
2360.000000 0.000030
2380.000000 0.000030
2400.000000 0.000030
2420.000000 0.000030
2440.000000 0.000029
2460.000000 0.000029
2480.000000 0.000029
2500.000000 0.000029
2520.000000 0.000029
2540.000000 0.000029
2560.000000 0.000029
2580.000000 0.000029
2600.000000 0.000029
2620.000000 0.000029
2640.000000 0.000029
2660.000000 0.000029
2680.000000 0.000029
2700.000000 0.000029
2720.000000 0.000029
2740.000000 0.000029
2760.000000 0.000029
2780.000000 0.000029
2800.000000 0.000029
2820.000000 0.000029
2840.000000 0.000029
2860.000000 0.000029
2880.000000 0.000029
2900.000000 0.000030
2920.000000 0.000029
2940.000000 0.000029
2960.000000 0.000029
2980.000000 0.000029
3000.000000 0.000029
3020.000000 0.000029
3040.000000 0.000028
3060.000000 0.000028
3080.000000 0.000028
3100.000000 0.000028
3120.000000 0.000028
3140.000000 0.000028
3160.000000 0.000028
3180.000000 0.000028
3200.000000 0.000028
3220.000000 0.000028
3240.000000 0.000028
3260.000000 0.000028
3280.000000 0.000028
3300.000000 0.000028
3320.000000 0.000029
3340.000000 0.000029
3360.000000 0.000029
3380.000000 0.000029
3400.000000 0.000030
3420.000000 0.000030
3440.000000 0.000030
3460.000000 0.000030
3480.000000 0.000030
3500.000000 0.000031
3520.000000 0.000031
3540.000000 0.000032
3560.000000 0.000032
3580.000000 0.000032
3600.000000 0.000033
3620.000000 0.000033
3640.000000 0.000035
3660.000000 0.000035
3680.000000 0.000034
3700.000000 0.000034
