20.000000 0.200491
40.000000 0.166034
60.000000 0.133477
80.000000 0.109025
100.000000 0.095165
120.000000 0.086228
140.000000 0.076396
160.000000 0.070530
180.000000 0.066145
200.000000 0.061468
220.000000 0.056003
240.000000 0.052162
260.000000 0.050313
280.000000 0.048682
300.000000 0.046392
320.000000 0.044192
340.000000 0.042320
360.000000 0.040661
380.000000 0.039135
400.000000 0.037926
420.000000 0.036555
440.000000 0.035470
460.000000 0.034666
480.000000 0.033705
500.000000 0.032832
520.000000 0.032080
540.000000 0.031390
560.000000 0.030674
580.000000 0.029857
600.000000 0.028817
620.000000 0.028119
640.000000 0.027041
660.000000 0.026229
680.000000 0.025439
700.000000 0.024621
720.000000 0.024129
740.000000 0.023897
760.000000 0.023293
780.000000 0.022729
800.000000 0.022166
820.000000 0.021632
840.000000 0.020946
860.000000 0.020360
880.000000 0.020005
900.000000 0.019873
920.000000 0.019329
940.000000 0.018858
960.000000 0.018724
980.000000 0.018552
1000.000000 0.018229
1020.000000 0.017898
1040.000000 0.017817
1060.000000 0.017716
1080.000000 0.017681
1100.000000 0.017624
1120.000000 0.017725
1140.000000 0.017898
1160.000000 0.018097
1180.000000 0.018254
1200.000000 0.018363
1220.000000 0.018372
1240.000000 0.018420
1260.000000 0.018450
1280.000000 0.018436
1300.000000 0.018287
1320.000000 0.018232
1340.000000 0.018650
1360.000000 0.018851
1380.000000 0.018803
1400.000000 0.018743
1420.000000 0.018757
1440.000000 0.018784
1460.000000 0.018679
1480.000000 0.018635
1500.000000 0.018577
1520.000000 0.018464
1540.000000 0.018322
1560.000000 0.018075
1580.000000 0.017908
1600.000000 0.017652
1620.000000 0.017504
1640.000000 0.017394
1660.000000 0.017254
1680.000000 0.017076
1700.000000 0.016899
1720.000000 0.016576
1740.000000 0.016282
1760.000000 0.016116
1780.000000 0.015980
1800.000000 0.015738
1820.000000 0.015430
1840.000000 0.014949
1860.000000 0.014589
1880.000000 0.014416
1900.000000 0.014191
1920.000000 0.014019
1940.000000 0.013840
1960.000000 0.013696
1980.000000 0.013713
2000.000000 0.013613
2020.000000 0.013371
2040.000000 0.013225
2060.000000 0.012933
2080.000000 0.012730
2100.000000 0.012518
2120.000000 0.012188
2140.000000 0.011961
2160.000000 0.011819
2180.000000 0.011791
2200.000000 0.011664
2220.000000 0.011520
2240.000000 0.011373
2260.000000 0.011157
2280.000000 0.011059
2300.000000 0.011060
2320.000000 0.010928
2340.000000 0.010653
2360.000000 0.010299
2380.000000 0.010391
2400.000000 0.010559
2420.000000 0.010614
2440.000000 0.010644
2460.000000 0.010736
2480.000000 0.010737
2500.000000 0.010712
2520.000000 0.010880
2540.000000 0.011054
2560.000000 0.011165
2580.000000 0.011257
2600.000000 0.011489
2620.000000 0.011689
2640.000000 0.011682
2660.000000 0.011661
2680.000000 0.011701
2700.000000 0.011716
2720.000000 0.011587
2740.000000 0.011795
2760.000000 0.011893
2780.000000 0.011861
2800.000000 0.011869
2820.000000 0.011978
2840.000000 0.012086
2860.000000 0.012061
2880.000000 0.012128
2900.000000 0.012234
2920.000000 0.012264
2940.000000 0.012189
2960.000000 0.012121
2980.000000 0.012023
3000.000000 0.011936
3020.000000 0.011820
3040.000000 0.011741
3060.000000 0.011748
3080.000000 0.011565
3100.000000 0.011447
3120.000000 0.011338
3140.000000 0.011189
3160.000000 0.011035
3180.000000 0.010747
3200.000000 0.010426
3220.000000 0.010115
3240.000000 0.009799
3260.000000 0.009288
3280.000000 0.008757
3300.000000 0.008399
3320.000000 0.008185
3340.000000 0.008033
3360.000000 0.008126
3380.000000 0.007859
3400.000000 0.007651
3420.000000 0.007442
3440.000000 0.007146
3460.000000 0.006849
3480.000000 0.006453
3500.000000 0.005918
3520.000000 0.005500
3540.000000 0.005151
3560.000000 0.004585
3580.000000 0.004100
3600.000000 0.003846
3620.000000 0.003777
3640.000000 0.003365
3660.000000 0.003281
3680.000000 0.003518
3700.000000 0.003845
