0.000000 -0.000000 0.000000 0.000000
0.003267 4.566315 -0.105489 4.549619
-0.031716 9.099118 -0.181109 9.069025
-0.081952 13.587370 -0.231562 13.545550
-0.172757 18.042800 -0.274397 17.986900
-0.267875 22.451640 -0.354700 22.379370
-0.358400 26.802010 -0.440051 26.705670
-0.442803 31.082040 -0.510538 30.963240
-0.523018 35.271990 -0.593390 35.109270
-0.611006 39.330190 -0.727790 39.121820
-0.673187 43.239550 -0.801148 42.969620
-0.695957 46.977480 -0.773873 46.664500
-0.690361 50.605530 -0.693667 50.257020
-0.609462 54.132960 -0.568739 53.744910
-0.411112 57.531050 -0.313081 57.103770
-0.030280 60.807340 0.142012 60.330820
0.568852 63.940690 0.772969 63.421880
1.400581 66.903860 1.612864 66.344310
2.445156 69.702430 2.701883 69.085480
3.697183 72.300100 3.926392 71.681240
5.171922 74.740420 5.390480 74.099510
6.852965 76.941870 7.084480 76.280520
8.750799 78.905900 9.008290 78.188580
10.823450 80.634320 11.090180 79.903230
13.066210 82.178440 13.272580 81.569070
15.504950 83.526400 15.693080 82.961820
18.101340 84.588810 18.324930 83.982600
20.853170 85.339470 21.069970 84.790250
23.704110 85.757740 23.928370 85.154170
26.596700 85.903500 26.843710 85.268940
29.539120 85.860020 29.790230 85.181550
32.495530 85.669740 32.757640 84.958520
35.473920 85.419290 35.746610 84.663290
38.479390 85.150930 38.762430 84.371140
41.523140 84.840110 41.820230 84.067880
44.591610 84.512730 44.903650 83.723360
47.698590 84.159740 48.025720 83.371180
50.851300 83.780360 51.194630 82.992640
54.021280 83.370120 54.380410 82.591010
57.236480 82.963200 57.596550 82.124750
60.484150 82.564450 60.872540 81.692730
63.801630 82.126570 64.183760 81.228640
67.115350 81.671290 67.511310 80.827570
70.485000 81.248710 70.895580 80.370020
73.889090 80.831410 74.302740 79.955020
77.339480 80.402860 77.769380 79.509600
80.814430 79.981940 81.255600 79.053740
84.311560 79.560560 84.745480 78.620980
87.843140 79.132970 88.283460 78.135310
91.452740 78.712050 91.915220 77.693660
95.109110 78.302620 95.584860 77.266680
98.802080 77.939830 99.279470 76.837140
102.537600 77.577720 103.004200 76.338140
106.283100 77.182590 106.749200 75.917070
110.001900 76.763780 110.453000 75.460130
113.690700 76.253080 114.118100 74.868330
117.341000 75.581300 117.752000 74.174950
120.903700 74.751300 121.302500 73.363560
124.437500 73.785660 124.821700 72.366770
127.882800 72.651860 128.273300 71.284560
131.253600 71.361680 131.616700 69.975970
134.528800 69.931300 134.886900 68.543640
137.742000 68.328450 138.097000 66.901420
140.926800 66.546730 141.259200 65.075880
144.031200 64.574810 144.328300 63.030020
147.051200 62.406270 147.379000 60.889760
149.969500 60.049300 150.272800 58.502320
152.781800 57.504160 153.112300 55.972520
155.436800 54.746640 155.691900 53.120240
157.947400 51.752940 158.153800 50.093940
160.279800 48.634580 160.331300 46.886000
162.349000 45.353340 162.299300 43.557560
164.179800 41.946720 164.018700 40.095600
165.830900 38.447790 165.580500 36.557340
167.335400 34.861970 166.987900 32.947930
168.691200 31.242820 168.261700 29.299440
169.969500 27.582240 169.505100 25.637360
171.127300 23.900190 170.714400 21.979240
172.263200 20.221330 171.859000 18.334420
173.377000 16.599090 173.064300 14.747660
174.627000 13.004350 174.304900 11.150150
175.942500 9.442182 175.593000 7.595235
177.356800 5.917093 176.936200 4.033451
178.928800 2.434985 178.459700 0.517530
180.675800 -0.971876 180.104000 -2.921372
182.554400 -4.252484 181.895600 -6.217826
184.560700 -7.384682 183.852400 -9.370922
186.750900 -10.368790 185.950800 -12.402270
189.116500 -13.135630 188.138500 -15.274050
191.665700 -15.656880 190.614300 -17.851550
194.385900 -17.931220 193.243200 -20.216980
197.226100 -19.980800 196.063600 -22.277470
200.271800 -21.743030 199.062900 -24.102770
203.448300 -23.203180 202.208400 -25.614240
206.758900 -24.325190 205.529400 -26.773780
210.184300 -25.068170 208.888800 -27.702550
213.630700 -25.424490 212.321200 -28.219700
217.117000 -25.407460 215.793900 -28.386920
220.571900 -25.039820 219.271500 -28.146600
224.021200 -24.363710 222.751200 -27.563750
227.429900 -23.372920 226.191700 -26.687190
230.747500 -22.058700 229.573400 -25.530820
233.928400 -20.443850 232.838300 -24.010130
237.019600 -18.526770 235.998800 -22.201130
239.961000 -16.355940 238.957300 -20.040560
242.779800 -13.984550 241.826300 -17.713890
245.458500 -11.414060 244.654300 -15.286400
247.997000 -8.674394 247.286200 -12.624020
250.390600 -5.759310 249.787900 -9.776072
252.655600 -2.686673 252.224300 -6.818760
254.806500 0.534019 254.594900 -3.744887
256.864000 3.862410 256.829900 -0.509350
258.884400 7.263272 259.016500 2.804886
260.877600 10.718320 261.190300 6.157538
262.828700 14.222610 263.338800 9.545408
264.741600 17.745920 265.400800 12.979130
266.637600 21.266150 267.355800 16.472280
268.527700 24.786100 269.338400 19.941000
270.375000 28.334210 271.399300 23.376180
272.219500 31.917810 273.542900 26.812870
274.124700 35.502240 275.595700 30.311540
276.050500 39.060050 277.527500 33.859730
277.989700 42.665330 279.623700 37.391380
279.912600 46.301830 281.731200 40.915970
281.775800 49.949900 283.775700 44.436520
283.563100 53.532720 285.798000 47.871060
285.356500 57.056770 287.706500 51.311160
287.075600 60.536460 289.511100 54.710100
288.712000 63.954910 291.371700 57.984600
290.293900 67.289100 293.123000 61.202450
291.871100 70.559820 294.856800 64.381360
293.538100 73.753600 296.648200 67.506100
295.351100 76.864560 298.587600 70.536570
297.261700 79.892800 300.645000 73.469930
299.367900 82.771990 302.869500 76.239090
301.654700 85.444430 305.213300 78.837710
304.129900 87.873730 307.787600 81.117110
306.795800 90.009740 310.503300 83.141730
309.610300 91.815310 313.394800 84.774430
312.540600 93.287990 316.370200 86.147840
315.589700 94.424870 319.454200 87.173770
318.731100 95.231100 322.611200 87.852190
321.947000 95.719040 325.858900 88.145540
325.202000 95.875140 329.100900 88.142350
328.404100 95.672520 332.245000 87.801680
331.635400 95.086030 335.475400 87.038420
334.756200 94.171900 338.486200 85.997590
337.636900 92.963350 341.283800 84.611350
340.363200 91.461070 343.933900 82.981990
342.964100 89.692180 346.403600 80.980300
345.403300 87.579170 348.717700 78.698480
347.592200 85.092570 350.774800 76.081250
349.463400 82.321490 352.524600 73.251460
351.002500 79.397790 353.935100 70.296740
352.204000 76.402830 354.935500 67.254920
353.107800 73.306490 355.706500 64.100710
353.811200 70.096650 356.290200 60.873310
354.464700 66.889050 356.747500 57.630150
355.047400 63.664610 357.137900 54.390990
355.500500 60.449100 357.461100 51.182750
355.866900 57.296080 357.686900 48.046230
356.198500 54.208160 357.869600 44.974250
356.525800 51.221050 358.106400 42.023140
356.961300 48.369400 358.437600 39.222470
357.538900 45.752540 358.824100 36.651520
358.275300 43.388830 359.446100 34.304900
359.266800 41.238890 360.305900 32.136270
360.571800 39.373830 361.494500 30.225630
362.156300 37.835540 362.997600 28.635980
363.974400 36.638300 364.704800 27.354630
366.080400 35.761110 366.835400 26.334730
368.547300 35.234490 369.339700 25.632680
371.148400 35.045060 371.997900 25.345280
373.899500 35.175270 374.790800 25.312430
376.698100 35.611110 377.609800 25.662910
379.470900 36.322790 380.407500 26.271230
382.212100 37.294470 383.178600 27.169060
384.867700 38.517990 385.875800 28.310030
387.364100 39.991850 388.484700 29.645520
389.701500 41.780710 390.890900 31.337330
391.802700 43.839190 393.089300 33.294730
393.689400 46.099010 395.110500 35.421500
395.383900 48.474340 396.933300 37.692280
396.942200 50.928340 398.637700 40.031260
398.325500 53.450140 400.201500 42.442150
399.544900 56.052550 401.504700 45.011080
400.579700 58.728940 402.711800 47.613170
401.390700 61.486590 403.697200 50.333540
401.978000 64.333130 404.450800 53.149430
402.335300 67.250270 404.983200 56.064070
402.474600 70.259740 405.275700 59.089880
402.447300 73.356030 405.430400 62.206920
402.341800 76.540880 405.490400 65.424950
402.228800 79.805450 405.501600 68.717850
402.075400 83.156280 405.436100 72.108460
401.927800 86.597120 405.374000 75.563490
401.721900 90.113350 405.305300 79.126530
401.455800 93.737450 405.207200 82.786420
401.169200 97.438860 405.094600 86.515590
400.835400 101.196700 404.921000 90.301490
400.479100 104.981000 404.746200 94.097750
400.086700 108.745200 404.526800 97.869950
399.638200 112.493800 404.228200 101.637300
399.138700 116.226700 403.921600 105.382800
398.603300 119.924700 403.570800 109.102700
398.025400 123.612000 403.138700 112.819900
397.409200 127.314800 402.725700 116.551900
396.829000 131.013100 402.341200 120.276900
396.222300 134.687900 401.888600 123.955700
395.601900 138.281700 401.429200 127.564200
395.033400 141.881600 401.048900 131.187900
394.483600 145.487500 400.686700 134.812700
393.961300 149.091800 400.339200 138.449400
393.456700 152.724500 399.999400 142.103700
392.964400 156.362200 399.731700 145.772300
392.473900 160.012200 399.353300 149.443900
391.988000 163.681600 399.014600 153.132300
391.511200 167.360500 398.686900 156.832600
391.037700 171.040400 398.356200 160.537200
390.574400 174.743200 398.047200 164.261600
390.110100 178.440800 397.694300 167.974800
389.662900 182.147700 397.450100 171.708700
389.244100 185.891700 397.243900 175.494300
388.894800 189.677500 397.061000 179.289600
388.606000 193.461200 396.928900 183.081300
388.392800 197.250000 396.805100 186.879900
388.242200 201.058600 396.730400 190.684100
388.167200 204.843700 396.825600 194.480300
388.164900 208.656700 396.985700 198.286200
388.225800 212.467100 397.214200 202.087500
388.337900 216.277100 397.503100 205.892300
388.518500 220.100100 397.876200 209.700000
388.781300 223.924000 398.257700 213.524400
389.110400 227.762200 398.761000 217.347400
389.519500 231.600300 399.323600 221.167100
390.000700 235.455300 399.909900 225.013100
390.533100 239.323100 400.550000 228.874200
391.126500 243.191800 401.307000 232.717700
391.817200 247.082900 402.153700 236.581000
392.446500 250.991000 403.098800 240.447000
393.192700 254.933200 404.118500 244.343100
394.129800 258.841200 405.295200 248.188600
395.212400 262.725700 406.510600 252.033200
396.381300 266.559900 407.805300 255.804400
397.591700 270.309200 409.184200 259.480000
398.915600 273.988100 410.601600 263.110800
400.261600 277.620100 412.015000 266.709300
401.674900 281.230100 413.571500 270.261400
403.099300 284.836200 415.098800 273.811300
404.552600 288.368900 416.651300 277.280300
405.981400 291.858600 418.117700 280.731500
407.396700 295.286300 419.639400 284.091200
408.787500 298.654400 421.151600 287.382000
410.160300 301.970700 422.633300 290.628100
411.532700 305.248600 424.094900 293.867400
412.910200 308.514300 425.576300 297.088800
414.286500 311.815200 427.062300 300.352200
415.632400 315.158100 428.546900 303.653600
416.955300 318.554600 430.070300 306.972500
418.356500 321.950200 431.708500 310.287000
419.919100 325.360500 433.487900 313.611400
421.619500 328.772700 435.370300 316.961500
423.465300 332.205100 437.342800 320.334800
425.389400 335.648500 439.424900 323.702400
427.393700 339.062100 441.615900 326.992900
429.441400 342.427400 443.800700 330.256200
431.502800 345.736000 446.009100 333.457200
433.555500 349.037600 448.214000 336.663000
435.647400 352.345100 450.408600 339.920000
437.737700 355.673900 452.626000 343.160700
439.858900 359.019800 454.855000 346.439300
441.938400 362.354800 457.057700 349.696400
444.011500 365.707600 459.255900 352.965100
446.074200 369.043000 461.448700 356.217100
448.108100 372.393000 463.569300 359.500400
450.106200 375.748500 465.735700 362.739600
452.077600 379.076100 467.922000 365.927800
454.072700 382.382200 470.164000 369.073600
456.149900 385.671800 472.406800 372.278300
458.224600 388.968400 474.660200 375.428700
460.351800 392.205600 476.963700 378.545500
462.503100 395.388100 479.225700 381.596200
464.568500 398.419600 481.410700 384.479100
466.632000 401.347200 483.618500 387.278200
468.654400 404.221700 485.757500 390.039100
470.657600 407.038900 487.887000 392.741900
472.677800 409.783700 489.974600 395.411600
474.657200 412.487100 492.036600 398.026300
476.592600 415.139500 494.052600 400.578600
478.496300 417.710700 496.048300 403.055600
480.372100 420.213300 497.986900 405.465300
482.195400 422.602900 499.880800 407.731800
483.955500 424.843700 501.705000 409.850000
485.628500 426.923600 503.413700 411.805600
487.190800 428.865800 505.051600 413.642200
488.699400 430.731200 506.619500 415.396100
490.108000 432.491800 508.073800 417.051200
491.375400 434.138900 509.367800 418.595500
492.521700 435.661300 510.569000 420.011400
493.585300 437.088500 511.677100 421.381300
494.601900 438.498800 512.749700 422.740200
495.493900 439.942600 513.687800 424.144400
496.198400 441.455900 514.503300 425.595900
496.643000 443.038900 515.026500 427.154700
496.894900 444.688300 515.355600 428.752100
496.838300 446.434300 515.438400 430.536900
496.587000 448.236400 515.316800 432.385800
496.020500 450.035800 514.878800 434.277400
495.316800 451.880800 514.294000 436.187300
494.382600 453.714700 513.465400 438.098100
493.357500 455.591800 512.562800 440.067800
492.259600 457.525200 511.623700 442.109800
491.138900 459.531700 510.646700 444.214100
489.968800 461.583000 509.633500 446.367800
488.778600 463.722100 508.552100 448.619100
487.527700 465.987400 507.483800 451.010500
486.241900 468.332900 506.299600 453.437100
484.929200 470.750300 505.116400 455.935500
483.595100 473.196800 503.900300 458.456300
482.240900 475.680400 502.676100 461.003100
480.881200 478.179700 501.394600 463.568600
479.506700 480.715200 500.157600 466.172000
478.139700 483.249600 498.934600 468.767200
476.741800 485.776600 497.669700 471.399600
475.327000 488.358200 496.393000 474.039200
473.905700 490.923000 495.069500 476.663100
472.463600 493.499100 493.787700 479.323500
471.030900 496.048700 492.497500 481.906500
469.654400 498.493900 491.247600 484.386800
468.311000 500.883700 490.027200 486.821400
467.003300 503.201000 488.865300 489.160200
465.767600 505.385700 487.760900 491.351400
464.618000 507.421200 486.717000 493.377000
463.563200 509.303500 485.780100 495.254000
462.581700 511.077100 484.883300 497.059900
461.620900 512.827500 483.995400 498.819900
460.698800 514.516100 483.197900 500.533300
459.825600 516.111800 482.452600 502.144400
459.035800 517.582500 481.766500 503.602000
458.312900 518.912300 481.119500 504.932200
457.589200 520.176600 480.439700 506.217000
456.756600 521.359000 479.610200 507.404100
455.798000 522.446500 478.679500 508.515700
454.695200 523.354600 477.624100 509.440300
453.456700 523.963300 476.422300 510.199400
452.010000 524.448000 474.970700 510.837000
450.370300 524.664900 473.326600 511.195600
448.645800 524.629300 471.573800 511.300400
446.853700 524.242200 469.698800 511.046500
445.001300 523.578900 467.723500 510.480000
443.053700 522.715000 465.708000 509.671400
441.070200 521.621600 463.642600 508.688100
439.068600 520.385000 461.562300 507.541500
437.067600 519.079900 459.488100 506.363600
435.131900 517.711100 457.468800 505.117700
433.248700 516.276400 455.487700 503.816000
431.409100 514.772600 453.578400 502.404000
429.653800 513.188400 451.747100 500.929300
427.979000 511.552500 449.959700 499.419800
426.376200 509.872800 448.263000 497.863300
424.896200 508.159600 446.671300 496.255900
423.477300 506.386900 445.137500 494.599700
422.151700 504.603800 443.674000 492.923500
420.895300 502.757100 442.270100 491.177300
419.698800 500.847600 440.936800 489.356600
418.553100 498.879100 439.630900 487.476500
417.436100 496.852200 438.363900 485.526200
416.341100 494.769800 437.091700 483.529800
415.299400 492.613200 435.825100 481.478400
414.283100 490.400400 434.645200 479.346300
413.291100 488.174100 433.507500 477.188100
412.307400 485.928500 432.374100 475.001600
411.321100 483.659600 431.221200 472.820300
410.385800 481.369500 430.129900 470.596600
409.484300 479.070200 429.046700 468.375500
408.605900 476.771200 427.993700 466.162800
407.747600 474.482200 426.975900 463.945600
406.916200 472.194500 425.984700 461.729200
406.106200 469.923800 424.998900 459.547800
405.321800 467.714100 424.068000 457.432800
404.581200 465.613200 423.197700 455.434700
403.881000 463.647100 422.387500 453.568900
403.196100 461.842900 421.630800 451.828800
402.563700 460.074300 420.866400 450.115000
401.946900 458.305600 420.049600 448.434000
401.296600 456.548600 419.189200 446.764600
400.651300 454.770400 418.377600 445.056500
399.996700 452.984700 417.556000 443.324300
399.329600 451.125900 416.745400 441.493000
398.618400 449.218000 415.873800 439.633400
397.822000 447.249700 414.938800 437.684500
396.969800 445.208000 413.930300 435.705600
396.116100 443.116600 412.879800 433.679100
395.211200 440.967800 411.793100 431.592200
394.287700 438.749400 410.681500 429.442200
393.341900 436.497700 409.560000 427.262300
392.358600 434.221800 408.366200 425.077300
391.343800 431.907700 407.128900 422.845200
390.285600 429.531900 405.895900 420.529400
389.177900 427.104300 404.606900 418.167800
388.002000 424.633000 403.229000 415.790500
386.786000 422.153600 401.835400 413.393800
385.529200 419.645500 400.411700 410.968900
384.252800 417.122900 398.921200 408.545200
382.927300 414.575600 397.414100 406.111400
381.591500 412.030100 395.885300 403.660400
380.224100 409.463100 394.342500 401.195700
378.830100 406.889400 392.787400 398.701000
377.404400 404.303400 391.154600 396.238800
375.940700 401.722300 389.517800 393.758700
374.431300 399.137000 387.898600 391.230300
372.878200 396.550200 386.195800 388.733700
371.286300 393.960100 384.413100 386.267000
369.662600 391.367800 382.586400 383.811700
368.012000 388.798400 380.729000 381.406100
366.357200 386.258300 378.850000 379.010400
364.686300 383.683500 376.941900 376.601800
362.990500 381.103100 375.062700 374.152500
361.274100 378.545400 373.172000 371.714800
359.479500 376.079600 371.262600 369.393700
357.743100 373.713700 369.426100 367.150800
356.046500 371.424400 367.587000 364.988500
354.349500 369.168400 365.740800 362.862100
352.662900 366.944000 363.913500 360.785300
351.018900 364.780500 362.153600 358.761600
349.445300 362.679200 360.498800 356.772900
347.970100 360.669800 358.929300 354.897600
346.587900 358.760700 357.459300 353.124500
345.269200 357.004900 355.995200 351.578000
343.987600 355.420000 354.599900 350.156700
342.722300 353.942300 353.211500 348.836000
341.428400 352.599100 351.925900 347.551100
340.132200 351.423100 350.617400 346.448100
338.769300 350.441200 349.189400 345.531600
337.341700 349.681300 347.729300 344.863400
335.777200 349.128400 346.169800 344.448600
334.132400 348.908200 344.511100 344.266600
332.452400 349.031300 342.831200 344.462700
330.797800 349.428100 341.151900 344.968200
329.211100 350.167300 339.585100 345.800500
327.641800 351.098300 338.065800 346.846400
326.094800 352.236000 336.578000 348.112400
324.512700 353.489700 335.040000 349.471000
322.875800 354.863500 333.430700 350.945500
321.135500 356.302000 331.719200 352.480200
319.250000 357.710100 329.896800 353.983500
317.242300 359.002400 327.958600 355.415200
315.093800 360.160000 325.837000 356.634300
312.852600 361.167400 323.633400 357.744100
310.509200 362.008200 321.311900 358.679600
308.069100 362.662200 318.899800 359.488500
305.560600 363.146700 316.386700 360.051800
302.953900 363.438100 313.795700 360.505500
300.313300 363.558500 311.162600 360.766700
297.631800 363.522600 308.457700 360.896900
294.885100 363.381000 305.688700 360.905000
292.104200 363.172300 302.892100 360.884200
289.300900 362.939000 300.074800 360.831600
286.491000 362.678500 297.247300 360.703000
283.693500 362.370200 294.450900 360.556300
280.920600 362.098000 291.671800 360.476200
278.169000 361.857400 288.921500 360.400800
275.446800 361.657400 286.197600 360.346900
272.737000 361.519800 283.489200 360.382000
270.035600 361.455000 280.785000 360.466100
267.327700 361.497700 278.082200 360.655400
264.630400 361.676000 275.399500 361.005700
261.940300 361.979900 272.728100 361.461200
259.250900 362.413000 270.053800 362.025200
256.573600 362.959900 267.409900 362.729200
253.917300 363.655300 264.800500 363.575700
251.288400 364.497000 262.191100 364.557700
248.680300 365.504900 259.622600 365.699800
246.094700 366.666900 257.099600 367.008200
243.562600 367.994000 254.646800 368.533600
241.083300 369.508300 252.271400 370.224000
238.697300 371.174900 250.004000 372.038400
236.432200 372.983900 247.868200 374.011600
234.282400 374.915600 245.835800 376.064800
232.221400 376.965100 243.919400 378.262100
230.283900 379.136000 242.124200 380.567800
228.445400 381.408600 240.439600 382.948600
226.762700 383.789500 238.930600 385.451800
225.240300 386.284200 237.556700 388.033000
223.870500 388.875300 236.356000 390.720500
222.651800 391.576800 235.300300 393.516000
221.610300 394.407600 234.391800 396.411400
220.731600 397.346700 233.698300 399.414600
220.036100 400.374900 233.138500 402.501700
219.492700 403.546000 232.766800 405.733800
219.131100 406.829700 232.580300 409.050300
218.954900 410.176200 232.599100 412.408600
218.961000 413.566100 232.823100 415.799700
219.145900 416.967900 233.265900 419.187500
219.451900 420.389700 233.774300 422.589500
219.829800 423.806600 234.406300 425.996400
220.310500 427.237200 235.108800 429.381100
220.868900 430.684800 235.897800 432.791500
221.441400 434.161900 236.703400 436.230700
222.038500 437.663400 237.537600 439.694300
222.674200 441.192400 238.369600 443.197700
223.324700 444.766400 239.213500 446.747100
223.976800 448.390400 240.055400 450.346400
224.645100 452.052600 240.938300 453.971300
225.326300 455.738000 241.807800 457.630700
226.013500 459.438200 242.661900 461.291500
226.742700 463.131400 243.496900 464.969300
227.489100 466.830800 244.438200 468.618000
228.247700 470.527000 245.344700 472.282000
229.012100 474.215100 246.230400 475.939400
229.762000 477.897100 247.225600 479.557600
230.499300 481.567900 248.157700 483.183300
231.252900 485.238400 249.111500 486.798500
232.010300 488.886300 250.100900 490.391100
232.763300 492.531800 251.119000 493.974400
233.545900 496.169700 252.134900 497.546200
234.328200 499.811600 253.143900 501.129900
235.108100 503.420000 254.136300 504.679400
235.907500 507.019800 255.147800 508.220100
236.703700 510.603300 256.151400 511.742500
237.481000 514.162500 257.157900 515.231900
238.249000 517.704200 258.114600 518.728100
239.014400 521.230500 259.049900 522.201100
239.746800 524.741600 259.976600 525.656100
240.436600 528.231300 260.867500 529.092100
241.102000 531.689500 261.687500 532.505900
241.740900 535.133300 262.543100 535.892400
242.359400 538.550300 263.394400 539.249700
242.993900 541.935900 264.282700 542.567600
243.655500 545.295800 265.182000 545.868500
244.307800 548.630700 266.035800 549.140500
244.986700 551.924500 266.948500 552.365700
245.686600 555.189800 267.895700 555.561300
246.402300 558.403000 268.795600 558.725100
247.160300 561.604000 269.778100 561.842600
247.954300 564.747800 270.799700 564.918800
248.799800 567.843200 271.850200 567.926100
249.719700 570.881500 272.936400 570.904500
250.691800 573.875500 274.126600 573.805400
251.722500 576.816900 275.383600 576.646200
252.792400 579.719200 276.678900 579.454100
253.899200 582.619100 277.946500 582.294500
254.999400 585.538800 279.250800 585.137800
256.084000 588.464600 280.553800 587.961000
257.132200 591.413100 281.845400 590.813500
258.142200 594.337700 283.017200 593.668700
259.143500 597.295100 284.224100 596.551000
260.132300 600.227900 285.374300 599.416800
261.124300 603.146400 286.573300 602.247500
262.175000 606.016800 287.807600 605.041400
263.321800 608.844200 289.164900 607.767300
264.592700 611.600700 290.619000 610.429000
266.012800 614.279900 292.277800 612.951500
267.588100 616.881700 293.986900 615.481700
269.323800 619.428300 295.864300 617.940000
271.210100 621.881800 297.886300 620.302200
273.238300 624.254900 300.028900 622.568200
275.373300 626.509900 302.319400 624.666300
277.623300 628.637000 304.715600 626.617500
279.976600 630.608900 307.200500 628.420100
282.453700 632.438800 309.787600 630.080900
285.065600 634.108700 312.504500 631.612900
287.781800 635.684200 315.335800 633.019200
290.614800 637.170400 318.274900 634.336000
293.572000 638.551300 321.359400 635.520600
296.640000 639.897800 324.522200 636.689700
299.815900 641.203200 327.816200 637.774100
303.076400 642.494500 331.164500 638.844600
306.357100 643.765800 334.529500 639.893400
309.674900 645.021300 337.897100 641.016700
312.999700 646.243800 341.316500 641.953100
316.341000 647.457400 344.707900 643.009200
319.656500 648.689200 348.075100 644.070200
322.948500 649.961000 351.429800 645.140600
326.166800 651.311700 354.716000 646.308000
329.336100 652.739100 357.954700 647.554200
332.444200 654.205600 361.104700 648.837100
335.400500 655.659200 364.094100 650.046800
338.177900 657.091100 366.922900 651.310700
340.853600 658.520100 369.628400 652.565400
343.392000 659.901300 372.206800 653.773500
345.797500 661.222900 374.662000 654.865000
348.061700 662.470200 376.949200 655.988800
350.227800 663.663600 379.155800 656.998000
352.269800 664.764500 381.243200 657.868500
354.171500 665.743600 383.150200 658.649500
355.867200 666.596600 384.821000 659.384400
357.385800 667.323400 386.311200 659.984100
358.688300 667.945100 387.590600 660.440800
359.785500 668.454700 388.602000 660.946100
360.684700 668.879300 389.458800 661.289000
361.448900 669.240500 390.252500 661.561300
362.202200 669.609800 390.977400 661.905200
362.884200 670.041700 391.689100 662.312000
363.544500 670.582800 392.386200 662.882600
364.209800 671.330500 393.159600 663.613300
364.845000 672.309500 393.777800 664.516000
365.349200 673.552400 394.368000 665.789700
365.693100 675.079000 394.735400 667.369300
365.765200 676.782400 394.878300 669.145600
365.523700 678.539500 394.754500 671.050100
365.089100 680.489300 394.403700 673.055200
364.466100 682.514600 393.900700 675.162400
363.616300 684.610800 393.162400 677.348800
362.501500 686.760700 392.233400 679.642700
361.240200 688.988000 391.158400 682.025000
359.916600 691.336700 389.965400 684.491500
358.517400 693.800300 388.676000 687.087300
357.035700 696.407500 387.360600 689.830600
355.508800 699.115600 385.967800 692.661500
353.904300 701.929300 384.507000 695.595500
352.257400 704.823800 383.025500 698.621200
350.567500 707.796400 381.517800 701.738900
348.841400 710.853200 379.975500 704.910300
347.061700 713.947900 378.361900 708.146200
345.240600 717.126500 376.723500 711.454800
343.396200 720.384700 375.082000 714.854800
341.517100 723.688800 373.418500 718.301300
339.619000 727.060600 371.739500 721.820000
337.697800 730.488300 370.058700 725.403500
335.746300 733.965100 368.339200 729.037400
333.767200 737.500800 366.579100 732.709400
331.787300 741.093200 364.805500 736.440900
329.802100 744.697600 363.030500 740.153600
327.822700 748.252900 361.274200 743.810700
325.882900 751.750500 359.551600 747.416000
323.953700 755.221900 357.838900 751.001700
322.019400 758.698600 356.103200 754.614200
320.037700 762.177600 354.320600 758.194600
318.097700 765.622300 352.578600 761.742100
316.183200 769.057500 350.872000 765.298300
314.250000 772.494900 349.125100 768.854100
312.275800 775.931500 347.348700 772.417100
310.254000 779.359500 345.534300 775.989200
308.122800 782.782800 343.658800 779.579000
305.862800 786.166800 341.606600 783.127100
303.500700 789.503100 339.474600 786.640700
300.970800 792.776600 337.171200 790.088700
298.346100 795.948700 334.746600 793.421400
295.632400 799.046800 332.250400 796.723000
292.854400 802.131000 329.679800 799.998500
290.021900 805.167500 327.045300 803.217900
287.126600 808.146600 324.304400 806.372100
284.119000 811.063300 321.478500 809.470000
281.041800 813.860300 318.558400 812.437900
277.869300 816.545900 315.547300 815.294700
274.646800 819.105600 312.510400 818.057900
271.386100 821.531200 309.437400 820.697000
268.116800 823.813700 306.320500 823.137000
264.867100 825.970500 303.204500 825.470200
261.611600 828.060300 300.101000 827.751800
258.412200 830.064600 297.055700 829.938700
255.270800 831.964500 294.077300 832.051200
252.165400 833.785500 291.140300 834.079900
249.035500 835.465400 288.114800 836.069600
245.676600 836.941500 285.060700 838.001100
242.526400 838.395100 282.208300 839.794500
239.649200 839.782300 279.542000 841.472100
236.954200 841.095200 277.070700 843.016600
234.477400 842.339200 274.758200 844.453400
232.193600 843.528700 272.623600 845.765500
230.093400 844.639300 270.668500 847.002900
228.164600 845.633300 268.880400 848.122100
226.339700 846.487500 267.166200 849.109800
224.559800 847.148600 265.480400 849.882200
222.862900 847.611100 263.841900 850.448000
221.160000 847.853200 262.123800 850.820200
219.343600 847.650900 260.325600 850.898600
217.613700 847.228800 258.555400 850.625400
215.983200 846.459000 256.851100 849.992900
214.496600 845.376700 255.240700 849.050200
213.166300 844.015600 253.776000 847.793200
211.989600 842.443000 252.434700 846.238700
210.942500 840.673500 251.227100 844.544500
210.015200 838.668700 250.140900 842.605100
209.177100 836.492300 249.124300 840.456400
208.420100 834.203400 248.202600 838.192600
207.685300 831.756600 247.236900 835.748900
206.966400 829.169500 246.309100 833.193800
206.234900 826.499600 245.365200 830.542500
205.491300 823.727800 244.410200 827.799700
204.726900 820.872900 243.465000 824.960600
203.960100 817.947300 242.428200 822.086300
203.188700 814.944500 241.412400 819.120800
202.387700 811.853000 240.330100 816.077800
201.557100 808.685000 239.245400 812.946600
200.707000 805.446700 238.173900 809.748200
199.837600 802.169300 237.074600 806.523900
198.959100 798.853000 235.957900 803.258200
198.078300 795.512000 234.790600 799.994200
197.208100 792.134200 233.626200 796.691200
196.331500 788.727300 232.439400 793.354800
195.393800 785.296400 231.199100 790.001400
194.407000 781.832200 229.895300 786.630800
193.372100 778.361600 228.615200 783.222600
192.268500 774.862700 227.271200 779.795300
191.104500 771.351900 225.811400 776.377000
189.900200 767.803200 224.355700 772.910200
188.697400 764.215300 222.845000 769.418500
187.525500 760.573100 221.389600 765.864300
186.417200 756.874800 219.990600 762.267900
185.391100 753.140200 218.665800 758.625900
184.425300 749.376100 217.396100 754.949000
183.505800 745.586000 216.233500 751.218800
182.630800 741.760500 215.048900 747.468800
181.799600 737.920600 213.909800 743.706900
180.995700 734.046000 212.856300 739.889400
180.235100 730.165100 211.786400 736.081000
179.509000 726.267300 210.769700 732.247200
178.782600 722.358000 209.721900 728.408700
178.060700 718.433400 208.723500 724.541800
177.362100 714.485400 207.736900 720.641700
176.683600 710.485300 206.826600 716.682300
176.012100 706.523900 205.885700 712.786600
175.366700 702.573200 204.951500 708.911200
174.771600 698.664000 204.070100 705.071600
174.208700 694.786000 203.260100 701.255600
173.664500 690.971400 202.469300 697.500500
173.120400 687.194400 201.664300 693.786100
172.609800 683.452500 200.871100 690.116200
172.111300 679.757200 200.107900 686.470800
171.620100 676.075400 199.304300 682.858000
171.116500 672.425100 198.509100 679.269900
170.597300 668.791300 197.707800 675.694800
170.061700 665.158300 196.893600 672.113600
169.508500 661.515700 196.095400 668.509300
168.924400 657.855800 195.240300 664.897600
168.353600 654.164700 194.423400 661.252600
167.787000 650.469600 193.636000 657.599300
167.241700 646.760000 192.859100 653.929400
166.711700 643.033600 192.092200 650.248400
166.161900 639.298500 191.338700 646.542600
165.603300 635.547200 190.571400 642.834200
165.019900 631.781100 189.812300 639.093400
164.407900 627.989800 188.971400 635.339200
163.795100 624.165700 188.135300 631.556400
163.188600 620.333500 187.289100 627.775000
162.585900 616.485800 186.437100 623.968900
162.003800 612.637200 185.608800 620.179500
161.404000 608.796100 184.808000 616.391500
160.758000 604.972100 183.979200 612.610900
160.133600 601.135300 183.131500 608.809600
159.495800 597.273400 182.235800 604.981900
158.840300 593.366000 181.346700 601.125700
158.208600 589.447000 180.493400 597.251000
157.580800 585.515400 179.646500 593.352300
156.942900 581.558400 178.796900 589.437100
156.315100 577.584700 177.945500 585.507600
155.693100 573.602200 177.085700 581.575200
155.097900 569.612100 176.243700 577.637900
154.494600 565.631700 175.394400 573.702700
153.882900 561.635800 174.543900 569.762500
153.275400 557.661700 173.686900 565.843600
152.657100 553.699500 172.858100 561.929700
152.007000 549.736100 171.993200 558.013300
151.335500 545.780700 171.089900 554.117400
150.702300 541.830000 170.212500 550.220500
150.111100 537.863200 169.348300 546.294900
149.565800 533.878000 168.509600 542.373000
149.070700 529.886400 167.689400 538.433600
148.583300 525.892200 166.810400 534.512700
148.098100 521.899600 165.983500 530.584100
147.615200 517.906000 165.132500 526.652500
147.078600 513.924800 164.300900 522.725900
146.557400 509.928000 163.404100 518.806900
145.990800 505.947400 162.521900 514.882800
145.414200 501.983900 161.668300 510.985300
144.839400 498.023200 160.789300 507.083700
144.237000 494.066600 159.862600 503.175100
143.642200 490.086700 158.930600 499.270900
143.093600 486.100600 157.990400 495.354100
142.520000 482.109500 157.124600 491.416500
141.953600 478.120000 156.221800 487.488900
141.409200 474.120700 155.390300 483.534100
140.866200 470.116800 154.605300 479.577000
140.329900 466.129000 153.761600 475.651500
139.802900 462.170200 152.930900 471.759900
139.285200 458.259400 152.138600 467.908400
138.767400 454.380800 151.321200 464.084900
138.265200 450.537100 150.533500 460.303400
137.781900 446.703500 149.732500 456.536100
137.326700 442.890000 148.989000 452.761000
136.905100 439.064700 148.201800 448.987900
136.518100 435.237300 147.528700 445.205700
136.143200 431.414200 146.785700 441.435200
135.825400 427.592200 146.153300 437.646400
135.543200 423.737300 145.615800 433.811600
135.270100 419.908100 145.077900 429.998500
135.035900 416.031200 144.541700 426.148000
134.860400 412.167200 144.136500 422.301400
134.729600 408.319200 143.710100 418.486000
134.657500 404.515600 143.410200 414.703500
134.622800 400.768700 143.093800 410.989300
134.596400 397.079600 142.814100 407.329200
134.623000 393.460300 142.592400 403.733300
134.664700 389.903700 142.395400 400.193900
134.742900 386.395400 142.236300 396.701900
134.849100 382.945500 142.046400 393.270500
134.972000 379.565400 141.927200 389.911100
135.131800 376.244700 141.855900 386.608100
135.333900 373.018200 141.817600 383.398800
135.556500 369.861200 141.835200 380.250900
135.838900 366.777100 141.960700 377.178200
136.225700 363.791900 142.076800 374.189400
136.738700 360.891300 142.354900 371.281400
137.359000 358.081000 142.741300 368.436000
138.112400 355.303200 143.304400 365.603600
138.966200 352.534800 143.940300 362.773500
139.893600 349.805900 144.664100 360.001600
140.896000 347.157200 145.449000 357.293100
141.971400 344.579000 146.328100 354.650200
143.130500 342.084500 147.320500 352.100300
144.392300 339.674500 148.458900 349.630500
145.777400 337.332100 149.654300 347.186100
147.331500 335.073900 151.063300 344.821300
149.057400 332.893100 152.657600 342.517800
150.967000 330.772000 154.443300 340.266800
153.050000 328.762800 156.409700 338.146700
155.286900 326.913400 158.514500 336.117400
157.696000 325.210700 160.788800 334.233600
160.258100 323.696400 163.257900 332.538300
162.973100 322.395300 165.866100 331.028000
165.832800 321.314600 168.676200 329.749500
168.823000 320.455500 171.590500 328.639500
171.915000 319.751800 174.627400 327.661100
175.093600 319.154400 177.788300 326.880800
178.356600 318.621500 181.021600 326.093100
181.670600 318.107800 184.272900 325.380200
184.954100 317.552100 187.586000 324.704000
188.360600 317.014600 190.952200 323.940800
191.810500 316.498600 194.370600 323.167800
195.303300 315.956300 197.827400 322.384700
198.810200 315.370500 201.283200 321.536500
202.319700 314.727700 204.751800 320.620300
205.854900 314.018600 208.221100 319.630600
209.382100 313.210000 211.672600 318.558700
212.873900 312.313500 215.071800 317.435800
216.282400 311.315800 218.380700 316.192000
219.602300 310.211800 221.591000 314.879800
222.828600 308.969500 224.697200 313.455600
225.892800 307.618500 227.657300 311.897100
228.857400 306.132600 230.485400 310.207400
231.705300 304.510000 233.186700 308.408200
234.404500 302.795000 235.736400 306.536200
236.964200 301.022400 238.167900 304.662700
239.357400 299.191600 240.387000 302.682400
241.573300 297.348000 242.417000 300.742800
243.583200 295.531300 244.226100 298.812500
245.364000 293.745300 245.817600 296.946300
246.928300 292.003400 247.205100 295.146100
248.255900 290.313300 248.341000 293.430200
249.318200 288.712300 249.261600 291.799600
250.170400 287.137600 249.946900 290.194400
250.789300 285.600000 250.427700 288.629400
251.165900 284.019700 250.662300 287.020600
251.314100 282.347000 250.710600 285.371700
251.208600 280.685900 250.527800 283.719700
250.772400 279.031200 250.001200 282.059400
249.999900 277.363100 249.040300 280.368400
248.862600 275.742500 247.750900 278.834800
247.391400 274.199800 246.129200 277.389700
245.604100 272.717600 244.224200 275.991500
243.606700 271.249000 242.088400 274.634100
241.483200 269.657000 239.807500 273.191600
239.255900 267.931300 237.409100 271.625800
236.942400 266.062700 234.921700 269.925800
234.573400 264.060900 232.376900 268.098600
232.194200 261.911300 229.843900 266.111400
229.828600 259.643500 227.301300 264.015600
227.459400 257.285700 224.760900 261.839900
225.117700 254.818300 222.212000 259.574900
222.794900 252.268100 219.711600 257.200100
220.539900 249.684100 217.285700 254.832600
218.379000 247.150200 214.961500 252.519000
216.331900 244.688600 212.766400 250.271900
214.447100 242.296600 210.736700 248.098900
212.738900 239.986300 208.849400 246.021900
211.155100 237.800000 207.139400 244.025800
209.645500 235.806000 205.515400 242.226900
208.153800 234.063200 203.893800 240.695600
206.642600 232.599300 202.327000 239.370100
205.050700 231.388700 200.710300 238.306900
203.386000 230.453900 198.977100 237.499800
201.568800 229.804200 197.060200 237.032100
199.652600 229.469400 195.123600 236.799500
197.649300 229.448700 193.150900 236.929700
195.695200 229.808500 191.214400 237.446700
193.757500 230.545900 189.297800 238.339400
191.873400 231.575500 187.455500 239.476900
190.008500 232.786900 185.617800 240.793100
188.027800 234.075600 183.685700 242.238300
185.893500 235.390300 181.590500 243.686600
183.609800 236.705800 179.338900 245.127700
181.165200 238.005100 176.937900 246.609800
178.517300 239.254000 174.345700 248.043700
175.726900 240.407000 171.591700 249.376100
172.707400 241.421200 168.630600 250.638800
169.603600 242.357600 165.594500 251.809500
166.445500 243.209000 162.524700 252.916900
163.269700 243.975200 159.410500 253.940500
160.018600 244.710100 156.214000 254.921700
156.736700 245.397400 152.993500 255.895000
153.408400 246.036100 149.738400 256.845500
150.090200 246.634600 146.503000 257.735700
146.806300 247.228400 143.291000 258.625700
143.505000 247.801600 140.052800 259.478800
140.209300 248.367500 136.821900 260.323900
136.935100 248.926700 133.621500 261.155500
133.701200 249.482000 130.458600 261.960800
130.512300 250.041400 127.359200 262.848400
127.368600 250.623000 124.302100 263.719400
124.279500 251.271600 121.309600 264.697400
121.226800 251.988400 118.364900 265.727700
118.235900 252.796200 115.472200 266.817300
115.296000 253.710500 112.629300 267.972600
112.410900 254.793600 109.832800 269.289000
109.550100 256.073600 107.068400 270.801100
106.765300 257.559400 104.363000 272.418300
104.058300 259.195200 101.811000 274.299500
101.451300 260.983800 99.329840 276.233800
98.958900 262.930000 96.983380 278.387400
96.560750 265.038400 94.741660 280.658900
94.233290 267.302400 92.630980 283.155100
91.992660 269.682500 90.603930 285.719600
89.872160 272.215300 88.726750 288.457700
87.867480 274.902800 86.955900 291.315400
85.990600 277.735000 85.301470 294.302200
84.244040 280.710100 83.846810 297.424400
82.619100 283.777000 82.447760 300.635800
81.079690 286.968600 81.223700 303.940600
79.784310 290.233300 80.221480 307.351100
78.568560 293.653400 79.268610 310.833800
77.471470 297.091000 78.422780 314.348700
76.507590 300.590600 77.713000 317.902200
75.684350 304.118500 77.200050 321.492900
74.993740 307.691900 76.796550 325.106700
74.448540 311.297700 76.499140 328.746100
74.042020 314.935900 76.356170 332.407200
73.771590 318.594800 76.389570 336.082300
73.715910 322.261900 76.509000 339.727700
73.769420 325.907700 76.695460 343.371800
73.817040 329.552100 76.933930 346.998300
74.000290 333.173500 77.237550 350.614900
74.172500 336.809200 77.573470 354.234200
74.344680 340.442200 77.871570 357.862600
74.514430 344.091300 78.238860 361.492600
74.662940 347.746700 78.659020 365.132800
74.736070 351.400000 78.948460 368.754100
74.769320 355.000700 79.246570 372.331000
74.814470 358.586500 79.506550 375.902800
74.746920 362.178000 79.815820 379.470000
74.686830 365.745600 80.061270 383.036700
74.555740 369.317000 80.258790 386.608800
74.360040 372.935200 80.404760 390.225400
74.109450 376.533900 80.490500 393.817200
73.828330 380.133100 80.541990 397.428100
73.476450 383.716600 80.504110 401.020800
73.062260 387.295400 80.490960 404.615200
72.635640 390.839200 80.385320 408.160800
72.123690 394.365700 80.172730 411.728800
71.585570 397.910500 79.916040 415.298900
70.976400 401.435000 79.531330 418.853200
70.311850 404.959700 79.138730 422.411100
69.602670 408.449900 78.705720 425.938500
68.879140 411.948200 78.298310 429.487600
68.139490 415.452800 77.850520 433.045600
67.432580 418.981100 77.401740 436.614900
66.735590 422.501800 76.984970 440.165600
66.031790 425.991100 76.534050 443.683000
65.337700 429.457600 76.182050 447.186200
64.678150 432.971500 75.806610 450.784300
64.092350 436.564700 75.474110 454.394900
63.538820 440.165700 75.239130 458.036300
63.089490 443.780200 74.998370 461.662100
62.687700 447.405600 74.930990 465.299300
62.395430 451.016900 74.926610 468.907300
62.179910 454.600300 74.975030 472.489700
62.016060 458.184800 75.100600 476.073800
61.878910 461.762700 75.235510 479.647700
61.782260 465.339800 75.408260 483.219300
61.711200 468.924000 75.514860 486.799000
61.669710 472.506000 75.763260 490.365300
61.695530 476.094800 76.065250 493.940100
61.729390 479.666900 76.426920 497.487300
61.822870 483.270300 76.772130 501.068900
61.924810 486.878100 77.163250 504.648100
62.056550 490.478600 77.587080 508.227700
62.176020 494.117900 77.919480 511.847200
62.266690 497.773900 78.194970 515.490500
62.330910 501.484400 78.590300 519.201000
62.383600 505.245100 78.981090 522.950200
62.456820 509.016300 79.409640 526.693600
62.639660 512.800600 79.913740 530.455900
62.868350 516.638100 80.501030 534.240600
63.106400 520.456700 81.098320 538.017500
63.367240 524.259400 81.765840 541.751500
63.593570 528.081800 82.335680 545.542600
63.801530 531.888200 82.873140 549.298800
64.024540 535.667900 83.362920 553.038400
64.206830 539.467500 83.871280 556.794500
64.344710 543.234900 84.323290 560.518400
64.496310 546.996900 84.789360 564.257200
64.631930 550.743000 85.211220 567.953700
64.749170 554.462700 85.644610 571.637800
64.914610 558.167300 86.097510 575.314700
65.103700 561.867200 86.579160 578.957500
65.335960 565.517200 87.070030 582.587500
65.569200 569.190200 87.579160 586.219700
65.794250 572.863800 88.100700 589.851100
65.979210 576.521900 88.639290 593.461500
66.180050 580.172300 89.161630 597.076800
66.362280 583.853000 89.669700 600.713900
66.538350 587.515200 90.166080 604.342100
66.682270 591.168900 90.618660 607.950400
66.777600 594.811400 90.978900 611.563100
66.890400 598.420300 91.337580 615.150500
67.026690 602.042900 91.821920 618.729500
67.177460 605.622900 92.275900 622.252600
67.323020 609.198300 92.693010 625.812300
67.450500 612.758000 93.096480 629.319600
67.653570 616.289300 93.634900 632.808400
67.878290 619.813700 94.216330 636.270700
68.154010 623.308500 94.791230 639.722100
68.437020 626.799600 95.330130 643.165800
68.771410 630.257700 96.001030 646.567100
69.202550 633.695200 96.740020 649.928400
69.600670 637.103300 97.406650 653.284000
70.036830 640.488700 98.107200 656.599600
70.506270 643.807100 98.834820 659.861800
70.892770 647.161500 99.503110 663.150300
71.232770 650.443300 100.104800 666.380000
71.580170 653.720500 100.676400 669.599700
71.988160 656.939000 101.268900 672.790400
72.305150 660.204100 101.818700 676.009100
72.604120 663.408400 102.301800 679.180100
72.917010 666.635000 102.815600 682.375000
73.242550 669.852400 103.335300 685.549200
73.637330 673.050100 103.831600 688.747100
74.027710 676.284300 104.366500 691.942900
74.459600 679.526800 104.976800 695.181400
74.950660 682.820100 105.740400 698.388900
75.485380 686.101000 106.446000 701.666800
75.997000 689.438300 107.200700 704.969300
76.620780 692.817900 108.000000 708.328000
77.255750 696.266300 108.913600 711.708900
77.860920 699.720200 109.783400 715.125200
78.456960 703.252300 110.597300 718.628300
79.046650 706.838300 111.422000 722.172000
79.748960 710.431700 112.294500 725.742200
80.377820 714.087800 113.132700 729.361400
80.984990 717.795000 114.010900 733.009700
81.568530 721.524100 114.934100 736.657200
82.226950 725.230100 115.883800 740.302100
82.971570 728.932500 116.822100 743.955000
83.716810 732.637800 117.830300 747.589200
84.461420 736.340000 118.875900 751.209100
85.205890 740.041500 120.020600 754.802500
85.988280 743.734800 121.112500 758.402600
86.881120 747.371500 122.222500 761.973000
87.770200 751.019300 123.382100 765.540000
88.659140 754.657900 124.526300 769.089100
89.568830 758.256300 125.734700 772.617100
90.529500 761.919200 126.967800 776.170300
91.504420 765.495400 128.225600 779.688600
92.518360 769.126400 129.500200 783.209900
93.541990 772.703400 130.781000 786.701700
94.615270 776.302000 132.119900 790.187800
95.687250 779.833200 133.443200 793.620800
96.764590 783.369100 134.794900 797.057500
97.857970 786.887700 136.236100 800.427900
98.977700 790.363900 137.635300 803.786800
100.102700 793.842400 139.014500 807.160100
101.281700 797.278800 140.476600 810.475100
102.480100 800.701200 141.992000 813.757900
103.706800 804.080200 143.452300 817.031400
104.948300 807.449200 144.948700 820.286400
106.192400 810.798000 146.404500 823.533000
107.467000 814.117100 147.880000 826.750600
108.775000 817.411500 149.379000 829.958100
110.077600 820.689800 150.858600 833.120800
111.337000 823.916800 152.337600 836.246200
112.595900 827.082700 153.830900 839.269000
113.862500 830.153000 155.308400 842.223000
115.118400 833.166500 156.754600 845.128400
116.423500 836.128900 158.261700 848.017700
117.895400 839.037200 159.851500 850.860300
119.447600 841.885100 161.554500 853.638000
121.088600 844.701900 163.359800 856.346100
122.872100 847.290700 165.242000 858.858700
124.724400 849.810800 167.169400 861.343000
126.575500 852.329600 169.134600 863.790800
128.426600 854.848600 171.179100 866.174700
130.276800 857.367000 173.273400 868.515800
132.127400 859.883600 175.350400 870.754000
133.992200 862.014800 177.330400 872.737700
135.814600 864.035300 179.267500 874.645200
137.604800 865.988300 181.124600 876.495700
139.298200 867.835900 182.914900 878.201700
140.919200 869.609300 184.641100 879.855500
142.486000 871.338400 186.313500 881.423200
143.940800 872.954000 187.844500 882.896800
145.300100 874.412900 189.237700 884.227400
146.559000 875.661600 190.515800 885.336900
147.650800 876.418400 191.510900 886.014600
148.685500 877.020600 192.504600 886.674900
149.713200 877.623900 193.455300 887.359800
150.732500 878.227900 194.548100 887.788500
151.742600 878.831700 195.659500 888.164800
152.808100 879.342000 196.847100 888.349400
154.068700 879.516900 198.149100 888.432600
155.413300 879.479400 199.550300 888.361200
156.888700 879.272300 201.064900 888.042700
158.478100 878.881900 202.673300 887.549300
160.134900 878.287500 204.332600 886.829600
161.860100 877.489100 206.024700 885.855600
163.672500 876.562600 207.806800 884.770100
165.594100 875.530000 209.689500 883.577900
167.624000 874.437100 211.655600 882.294300
169.770000 873.289900 213.743000 880.946200
172.035600 872.094100 215.945900 879.588600
174.385300 870.862300 218.230600 878.134800
176.854600 869.589200 220.624000 876.647200
179.401000 868.288100 223.093500 875.153700
181.975500 866.969700 225.542700 873.622400
184.536700 865.639500 228.007100 872.107100
187.062400 864.284700 230.416000 870.560100
189.538900 862.924800 232.757800 869.033300
191.918900 861.611300 235.017900 867.551900
194.206900 860.315700 237.203100 866.163300
196.343300 858.956400 239.285200 864.802100
198.368400 857.888200 241.156700 863.615400
200.275000 856.919100 243.014900 862.569300
202.193600 856.085800 244.851900 861.646300
204.073500 855.496400 246.657600 860.937400
205.960400 855.183900 248.528300 860.446100
207.864300 855.202100 250.377700 860.270200
209.713700 855.529100 252.254000 860.455700
211.499200 856.220700 254.110000 861.001000
213.188100 857.107700 255.942000 861.926900
214.784400 858.522000 257.663400 863.198300
216.227100 860.190500 259.239300 864.768400
217.589200 862.100400 260.765300 866.579700
218.870200 864.194100 262.195700 868.574800
220.036500 866.491500 263.566100 870.793700
221.092500 868.955100 264.821000 873.192600
222.159200 871.551200 266.069600 875.721700
223.261300 874.233400 267.377400 878.326300
224.402100 877.003500 268.719500 881.008000
225.538100 879.835200 270.082400 883.724200
226.647400 882.714200 271.359200 886.515400
227.713000 885.605500 272.659200 889.287400
228.729800 888.498800 273.914200 892.054200
229.740400 891.364700 275.135900 894.805600
230.756400 894.190300 276.389700 897.506200
231.798000 896.975600 277.610500 900.181900
232.862200 899.689300 278.896400 902.752500
234.006400 902.314400 280.202700 905.251200
235.284000 904.779800 281.695400 907.571900
236.717300 907.106500 283.279300 909.760700
238.297800 909.282700 284.993600 911.789900
240.026200 911.279800 286.873300 913.612300
241.899800 913.107900 288.864800 915.321100
243.969200 914.753500 290.983500 916.799700
246.167200 916.200700 293.281100 918.108000
248.519300 917.425900 295.692700 919.188100
250.970500 918.372900 298.235900 919.967700
253.540200 919.159700 300.877000 920.571200
256.240400 919.688000 303.616900 920.924800
259.064500 919.965800 306.490800 921.025100
262.004800 920.092700 309.449500 921.016500
265.032800 920.081200 312.523300 920.746300
268.210100 920.078400 315.715600 920.319100
271.495300 919.927300 318.978300 919.871400
274.820000 919.698100 322.288700 919.319900
278.229300 919.336300 325.695600 918.683200
281.674700 918.885400 329.094500 917.977100
285.133600 918.345800 332.537700 917.264300
288.622600 917.728600 335.984800 916.369300
292.132800 917.013700 339.435600 915.420700
295.617300 916.238200 342.854700 914.377400
299.090900 915.358200 346.269200 913.274500
302.533100 914.353500 349.661500 912.117300
305.943200 913.309900 352.997000 910.894000
309.311700 912.191400 356.303200 909.594100
312.679900 911.045400 359.588900 908.203700
316.061700 909.902400 362.896700 906.843500
319.450400 908.753400 366.210900 905.506800
322.840000 907.560400 369.517100 904.054600
326.249400 906.356000 372.832000 902.603200
329.691100 905.139800 376.205400 901.140600
333.195400 903.900600 379.634400 899.656600
336.754600 902.625300 383.136200 898.145500
340.384100 901.328400 386.712400 896.632400
344.064600 899.969000 390.348500 895.091200
347.769700 898.590900 393.928200 893.447200
351.401700 897.220500 397.431800 891.812500
354.975200 895.841100 400.926400 890.290100
358.485000 894.463600 404.331900 888.703900
361.949500 893.084300 407.695100 887.146000
365.336200 891.732700 410.982700 885.639900
368.619200 890.389400 414.143000 884.135300
371.749500 889.112100 417.109200 882.659400
374.681800 887.918900 419.860000 881.258100
377.389200 886.824500 422.382800 879.947400
379.874900 885.837000 424.715300 878.801200
382.177900 884.931600 426.889000 877.739600
384.328100 884.100300 428.933800 876.761200
386.400700 883.311200 430.911800 875.807000
388.376900 882.536800 432.807400 874.910000
390.309000 881.774800 434.700000 874.024900
392.306100 880.993700 436.661100 873.076200
394.377700 880.162100 438.699600 872.080000
396.550200 879.262200 440.845500 871.027600
398.842300 878.314900 443.084800 869.857600
401.259600 877.339000 445.461300 868.682600
403.789800 876.325100 447.952800 867.489300
406.435900 875.291100 450.547400 866.225800
409.217000 874.214500 453.282300 864.928000
412.118100 873.111300 456.123800 863.563100
415.118700 871.959800 459.026000 862.123500
418.218100 870.771000 462.024900 860.625800
421.393100 869.520300 465.096900 859.074700
424.627300 868.193200 468.231300 857.465100
427.914800 866.771900 471.425700 855.768600
431.247800 865.254500 474.646500 854.011300
434.552400 863.690400 477.849000 852.263000
437.807500 862.081600 480.965800 850.456800
440.966600 860.444200 483.980100 848.600100
444.049200 858.816700 486.900800 846.737800
447.069000 857.193700 489.774200 844.899600
450.037100 855.607100 492.571000 843.078800
452.944600 854.081100 495.331500 841.348900
455.777600 852.654400 497.989100 839.722800
458.467600 851.383400 500.508900 838.270700
460.990700 850.198200 502.897000 836.918700
463.426800 849.070300 505.215400 835.620100
465.787600 847.990900 507.455800 834.351000
468.094900 846.950600 509.655900 833.128800
470.366800 845.937300 511.861800 831.957000
472.708100 844.897600 514.146800 830.729000
475.121700 843.800400 516.479200 829.420200
477.587500 842.683800 518.895200 828.115200
480.152400 841.532300 521.401300 826.767500
482.766300 840.339500 523.926800 825.362100
485.445100 839.143200 526.518900 823.926400
488.188300 837.891400 529.182400 822.458100
490.987500 836.623000 531.927400 821.017600
493.803100 835.351100 534.635300 819.539800
496.624700 834.094400 537.341600 817.989500
499.474300 832.809600 540.094900 816.457700
502.358500 831.502600 542.916800 814.977000
505.286800 830.236700 545.730700 813.420700
508.248000 828.948300 548.595900 811.858400
511.244100 827.658100 551.498800 810.330000
514.267100 826.347100 554.391300 808.711200
517.327800 825.031500 557.348700 807.148700
520.388500 823.719100 560.348300 805.691100
523.389100 822.420300 563.221600 804.200500
526.283400 821.190400 565.940600 802.712700
529.057000 820.023600 568.568600 801.341600
531.704800 818.934000 571.094100 800.087300
534.226500 817.916400 573.489000 798.875900
536.656700 816.946600 575.824000 797.742500
539.023500 815.952900 578.084300 796.541600
541.317300 814.866300 580.280000 795.269600
543.532000 813.688600 582.410900 793.953000
545.686900 812.396800 584.466000 792.497200
547.734700 810.971800 586.394400 790.914000
549.629400 809.339400 588.135300 789.101500
551.297600 807.502100 589.657400 787.117300
552.779900 805.465100 590.963600 784.905800
554.025400 803.122900 592.012400 782.444500
555.053800 800.603800 592.845400 779.806700
555.833800 797.890700 593.443300 776.998600
556.486200 795.031700 593.855400 774.046500
557.103100 792.043700 594.183100 770.973600
557.706900 788.950900 594.555000 767.801900
558.314100 785.757400 594.904300 764.528700
558.963000 782.480200 595.272500 761.175600
559.664300 779.132300 595.687000 757.751600
560.383500 775.702500 596.130300 754.237700
561.143700 772.190100 596.551400 750.636900
561.955700 768.606200 597.026000 746.946800
562.794300 764.921400 597.494500 743.172400
563.665600 761.194600 598.038000 739.367800
564.512000 757.439400 598.575600 735.549800
565.360500 753.691900 599.064400 731.744500
566.202300 749.955700 599.563600 727.933800
567.038700 746.210000 600.084300 724.120900
567.914000 742.455400 600.621100 720.296900
568.809800 738.700200 601.173000 716.471600
569.651600 734.948800 601.687900 712.653400
570.504400 731.165000 602.178500 708.789700
571.381700 727.390900 602.716600 704.962300
572.231200 723.645800 603.285500 701.168200
573.054100 719.904800 603.778600 697.359700
573.889700 716.163100 604.310100 693.550400
574.718600 712.404800 604.843300 689.737900
575.527100 708.639600 605.339200 685.910700
576.261300 704.869800 605.788700 682.095900
576.930700 701.064300 606.186200 678.232300
577.575900 697.234700 606.513200 674.348700
578.192400 693.375300 606.835700 670.444500
578.778500 689.496000 607.053100 666.511000
579.345900 685.591800 607.277000 662.559500
579.857300 681.665400 607.473000 658.598900
580.310600 677.720500 607.584500 654.612800
580.758800 673.746400 607.755500 650.626500
581.155000 669.796200 607.835000 646.658600
581.510700 665.865700 607.902800 642.723400
581.822900 661.969700 607.891900 638.828400
582.077900 658.112900 607.873900 634.977400
582.273900 654.274900 607.805200 631.129800
582.437900 650.427100 607.670600 627.290500
582.599800 646.577200 607.566800 623.430400
582.753900 642.693800 607.410200 619.552700
582.851400 638.813400 607.197400 615.672700
582.898800 634.890000 606.947200 611.754800
582.982400 630.949500 606.741700 607.819900
583.073100 627.003400 606.517600 603.882200
583.192100 623.061600 606.289200 599.967400
583.328900 619.143000 606.084500 596.059400
583.475300 615.223700 605.950700 592.146700
583.625900 611.282200 605.750400 588.212000
583.720700 607.341100 605.626800 584.282000
583.834500 603.396300 605.474900 580.344700
583.934300 599.462000 605.360200 576.433000
584.036500 595.562800 605.235700 572.550600
584.162200 591.689200 605.088000 568.697700
584.227300 587.867900 604.926200 564.884200
584.317600 584.024500 604.782300 561.052200
584.499000 580.192700 604.699200 557.238600
584.808000 576.397200 604.761300 553.450300
585.238500 572.636300 604.933600 549.686600
585.796800 568.901300 605.231100 545.932100
586.480500 565.193700 605.643600 542.196700
587.248500 561.507600 606.115300 538.478100
588.029900 557.836500 606.591600 534.769500
588.838600 554.171600 607.077500 531.055600
589.673700 550.509400 607.640100 527.360200
590.516100 546.866500 608.165700 523.677300
591.343500 543.261900 608.695800 520.048900
592.132200 539.698600 609.177000 516.462600
592.828000 536.162600 609.569100 512.894800
593.460000 532.659000 609.923900 509.396200
594.031700 529.277200 610.183400 506.046900
594.554500 526.081000 610.464600 502.899300
595.075800 523.072600 610.736100 499.926100
595.617300 520.255100 611.033200 497.156200
596.166400 517.626800 611.350600 494.544200
596.704800 515.143200 611.687100 492.090100
597.194900 512.833500 611.977100 489.814100
597.576200 510.694300 612.162500 487.710800
597.786600 508.667900 612.205600 485.696300
597.747500 506.649500 612.053800 483.731400
597.514600 504.697700 611.677300 481.810300
597.070500 502.800000 611.068200 480.004500
596.402400 500.998300 610.275400 478.172400
595.438900 499.228700 609.080000 476.519100
594.162500 497.526700 607.712100 474.864200
592.513700 495.900800 606.007000 473.418600
590.635600 494.532500 604.011600 472.165200
588.500500 493.343000 601.768900 471.108500
586.178900 492.278900 599.357900 470.237400
583.738500 491.279000 596.829500 469.381100
581.166800 490.215600 594.168000 468.495700
578.490800 489.083700 591.395100 467.554700
575.723500 487.861500 588.516500 466.589000
572.904600 486.554700 585.601400 465.491700
570.042200 485.190900 582.657200 464.335100
567.169200 483.760200 579.693300 463.138100
564.280500 482.280300 576.709500 461.882200
561.350400 480.769600 573.692100 460.601500
558.405800 479.261600 570.631300 459.330600
555.376800 477.743300 567.520500 458.014900
552.348800 476.229900 564.421700 456.702900
549.309400 474.657200 561.314900 455.317600
546.268100 473.067100 558.198600 453.924800
543.205700 471.460400 555.033100 452.571800
540.123400 469.844900 551.867300 451.182900
537.055800 468.227900 548.735000 449.802400
534.039300 466.620500 545.653800 448.414000
531.070100 465.041900 542.624600 447.074600
528.189800 463.496400 539.680600 445.782500
525.392500 461.985300 536.819000 444.507000
522.696400 460.482700 534.076600 443.243200
520.138600 459.018200 531.482600 442.006400
517.756100 457.609300 529.075400 440.820000
515.544600 456.272300 526.822200 439.713800
513.468500 454.993400 524.718400 438.597800
511.515000 453.792000 522.755500 437.569600
509.647000 452.752700 520.848000 436.717600
507.816400 451.952700 519.026100 436.103600
506.024700 451.375100 517.161200 435.635700
504.164400 451.057300 515.280300 435.484700
502.213400 450.955500 513.398100 435.523100
500.360000 451.174600 511.557100 435.834400
498.532400 451.717400 509.728600 436.471700
496.762400 452.594900 507.983200 437.464500
495.085200 453.803100 506.330000 438.826300
493.512800 455.370800 504.853100 440.512500
492.140200 457.192000 503.590500 442.481400
490.899800 459.329000 502.448800 444.758200
489.697100 461.689000 501.315400 447.230800
488.436200 464.216900 500.109100 449.841700
487.065300 466.910000 498.830900 452.652900
485.589500 469.753000 497.498800 455.628200
484.009700 472.740300 496.068900 458.753900
482.314200 475.837000 494.562500 461.979300
480.567300 479.018100 493.021200 465.305600
478.766800 482.282500 491.418000 468.667700
476.977200 485.484200 489.854300 472.004100
475.149800 488.770200 488.225800 475.379200
473.326600 492.020400 486.589800 478.747200
471.475600 495.302800 484.945100 482.152400
469.568200 498.617300 483.268700 485.601000
467.651300 501.958900 481.564400 489.063800
465.708000 505.334400 479.846500 492.564800
463.769100 508.731500 478.126600 496.082400
461.845200 512.161900 476.274900 499.551000
459.919600 515.621400 474.590900 503.153800
457.939000 519.112900 472.847800 506.779400
455.953400 522.620500 471.125200 510.420400
453.935100 526.117100 469.411100 514.068000
451.928900 529.614300 467.667200 517.707000
449.964500 533.134600 465.958800 521.359200
448.010500 536.687300 464.249000 525.033100
446.054100 540.236000 462.527800 528.707500
444.056100 543.807900 460.767700 532.424900
442.049300 547.417800 459.028800 536.159700
440.037800 551.028500 457.278700 539.907900
438.025200 554.634600 455.542300 543.648500
435.977800 558.237500 453.732300 547.379600
433.919500 561.855000 451.915000 551.133200
431.843000 565.470100 450.135800 554.906300
429.767800 569.108300 448.299200 558.657500
427.667800 572.747600 446.409400 562.445800
425.537800 576.435200 444.566900 566.265800
423.436400 580.100900 442.730500 570.067100
421.318500 583.767700 440.871600 573.867000
419.219900 587.449100 439.036000 577.688000
417.120400 591.134600 437.196500 581.509400
415.005200 594.832500 435.326400 585.354800
412.888500 598.541400 433.531200 589.222200
410.755500 602.261600 431.631100 593.071500
408.648800 605.999000 429.799900 596.943000
406.499300 609.720300 427.869200 600.794100
404.349900 613.457900 426.004300 604.660100
402.219500 617.158900 424.156200 608.489100
400.144400 620.804100 422.311500 612.225600
398.088300 624.376000 420.466600 615.869200
396.094000 627.872100 418.683800 619.472400
394.096100 631.363900 416.953300 623.097300
392.096200 634.841100 415.231600 626.698300
390.122200 638.266000 413.499600 630.262500
388.138200 641.719200 411.733700 633.815500
386.190000 645.182000 409.969200 637.379300
384.289400 648.626900 408.274200 640.905700
382.388400 652.005600 406.594800 644.395100
380.473700 655.356700 404.897700 647.862100
378.503900 658.701400 403.156100 651.363300
376.494800 662.062000 401.437300 654.849800
374.499000 665.373200 399.742400 658.347800
372.495100 668.759000 398.049200 661.917500
370.503500 672.182700 396.345400 665.519400
368.470500 675.625200 394.605300 669.136200
366.423200 679.124800 392.803900 672.796300
364.370700 682.649600 391.027400 676.479900
362.295100 686.175900 389.240100 680.181800
360.227100 689.735900 387.443600 683.902300
358.182300 693.297500 385.695600 687.611100
356.109700 696.850900 383.891900 691.307100
354.085800 700.357400 382.164400 694.970200
352.038300 703.859700 380.376000 698.621000
350.008800 707.353700 378.633000 702.269400
347.982700 710.855500 376.844400 705.905200
345.942000 714.320900 375.057700 709.510200
343.906200 717.779200 373.294200 713.114000
341.889600 721.226700 371.555400 716.716800
339.882000 724.654800 369.824700 720.298200
337.868700 728.103400 368.068200 723.906500
335.866200 731.571800 366.347700 727.543200
333.967500 735.105200 364.605800 731.176000
332.130600 738.707000 362.867800 734.880000
330.109000 742.325700 361.115900 738.669400
328.052600 745.993300 359.362400 742.532900
325.960300 749.694700 357.558600 746.398100
323.882400 753.400900 355.772500 750.251700
321.810400 757.046400 353.980500 754.029600
319.688500 760.664000 352.131800 757.831200
317.595700 764.288500 350.274300 761.565000
315.554700 767.892700 348.464300 765.327800
313.514600 771.526200 346.586800 769.053500
311.450700 775.119600 344.710500 772.748700
309.357300 778.629400 342.835500 776.370100
307.194900 782.050500 340.942000 779.968500
304.937400 785.448200 338.828900 783.484600
302.592400 788.799400 336.751700 787.024200
300.153800 792.111000 334.542400 790.520300
297.624000 795.374800 332.262300 794.000400
294.927000 798.539300 329.868700 797.407500
292.185800 801.678500 327.344500 800.777600
289.192200 804.695700 324.718700 804.127800
286.151300 807.624000 322.035300 807.385900
283.065000 810.476300 319.255100 810.496700
280.007100 813.213700 316.461000 813.499600
276.942200 815.904300 313.587400 816.391600
273.811500 818.493600 310.636100 819.196600
270.605600 820.960500 307.630400 821.908600
267.321200 823.303700 304.524900 824.502800
264.005200 825.567800 301.399000 827.016500
260.657900 827.735000 298.199200 829.419700
257.273000 829.813900 294.995100 831.759600
253.861800 831.809200 291.762700 834.027600
250.446800 833.761300 288.490000 836.212200
247.052800 835.652800 285.904200 838.860200
243.677200 837.476800 283.156300 841.024200
240.295500 839.294300 282.397000 841.823700
236.906500 841.089700 279.072400 843.756900
233.510200 842.896300 275.683700 845.566500
230.131200 844.723000 272.405900 847.553000
226.769300 846.514500 269.110300 849.432100
223.408300 848.268000 265.802600 851.306300
220.026300 849.991200 262.504500 853.172900
216.652600 851.728000 259.194100 855.003700
213.269900 853.442300 255.857500 856.803300
209.880600 855.139200 252.502700 858.593200
206.468800 856.885000 249.128000 860.458200
203.010300 858.620500 245.738800 862.321400
199.502700 860.363300 242.316900 864.212900
196.002500 862.107300 238.921800 866.156800
192.526600 863.893400 235.532900 868.060700
189.070200 865.686900 232.167000 870.015100
185.622800 867.526100 228.808400 871.983600
182.188500 869.362900 225.422200 873.932600
178.750800 871.210600 222.061100 875.888300
175.314500 873.051400 218.695800 877.866300
171.878500 874.938000 215.335200 879.881300
168.464000 876.882000 211.991300 881.947000
165.093500 878.898700 208.677900 884.081600
161.793700 881.039600 205.499100 886.411900
158.553600 883.315600 202.303300 888.739000
155.369300 885.727000 199.197400 891.271100
152.279000 888.277000 196.166500 893.921600
149.259200 890.897300 193.212000 896.621200
146.298100 893.633000 190.314900 899.446000
143.341500 896.377900 187.438700 902.283100
140.419600 899.149000 184.606200 905.158700
137.428800 901.883400 181.709300 908.002700
134.430600 904.585400 178.845600 910.836100
131.430500 907.268900 175.972900 913.671100
128.400000 909.942700 173.025100 916.443500
125.387100 912.605700 170.146500 919.219600
122.446000 915.311700 167.273300 922.032700
