0 0.000201 0.016994 20.000000 8.695652
0 0.000084 0.010877 40.000000 8.163265
0 0.000117 0.008200 60.000000 5.825243
0 0.000136 0.008617 80.000000 6.015038
0 0.000051 0.008643 100.000000 6.289308
0 0.000060 0.005528 120.000000 6.451613
0 0.000045 0.004258 140.000000 6.392694
0 0.000044 0.003165 160.000000 6.477733
0 0.000066 0.002375 180.000000 6.498195
0 0.000051 0.001835 200.000000 6.666667
0 0.000053 0.002074 220.000000 6.853582
0 0.000062 0.004252 240.000000 6.997085
0 0.000080 0.005220 260.000000 7.084469
0 0.000090 0.005622 280.000000 7.088608
0 0.000078 0.005300 300.000000 7.194244
0 0.000084 0.005564 320.000000 7.305936
0 0.000092 0.005731 340.000000 7.391304
0 0.000094 0.005999 360.000000 7.453416
0 0.000082 0.006186 380.000000 7.364341
0 0.000079 0.005994 400.000000 7.312614
0 0.000082 0.005780 420.000000 7.381371
0 0.000067 0.005863 440.000000 7.445008
0 0.000072 0.006498 460.000000 7.504078
0 0.000076 0.006302 480.000000 7.547170
0 0.000079 0.006520 500.000000 7.587254
0 0.000073 0.007092 520.000000 7.602339
0 0.000070 0.007389 540.000000 7.552447
0 0.000050 0.008784 560.000000 7.115629
10 0.000410 0.012333 20.000000 8.000000
10 0.000209 0.017486 40.000000 6.557377
10 0.000120 0.009103 60.000000 5.504587
10 0.000044 0.008680 80.000000 5.882353
10 0.000071 0.006663 100.000000 6.211180
10 0.000086 0.003609 120.000000 6.250000
10 0.000092 0.001962 140.000000 6.334842
10 0.000073 0.003240 160.000000 6.324111
10 0.000084 0.002766 180.000000 6.474820
10 0.000065 0.002950 200.000000 6.666667
10 0.000070 0.003176 220.000000 6.832298
10 0.000096 0.004122 240.000000 6.976744
10 0.000088 0.004837 260.000000 7.008086
10 0.000086 0.005679 280.000000 7.070707
10 0.000087 0.006451 300.000000 7.194244
10 0.000094 0.006856 320.000000 7.305936
10 0.000099 0.007202 340.000000 7.375271
10 0.000088 0.007612 360.000000 7.392197
10 0.000089 0.007825 380.000000 7.279694
10 0.000084 0.007814 400.000000 7.299270
10 0.000081 0.007794 420.000000 7.368421
10 0.000067 0.008174 440.000000 7.432433
10 0.000075 0.008557 460.000000 7.491857
10 0.000085 0.008516 480.000000 7.535322
10 0.000076 0.008901 500.000000 7.575758
10 0.000066 0.009528 520.000000 7.580175
10 0.000066 0.010195 540.000000 7.366985
20 0.000263 0.014021 20.000000 7.407407
20 0.000146 0.011784 40.000000 5.000000
20 0.000110 0.005422 60.000000 5.405406
20 0.000024 0.005557 80.000000 5.797101
20 0.000099 0.001972 100.000000 6.134969
20 0.000067 0.001342 120.000000 6.091371
20 0.000076 0.001424 140.000000 6.250000
20 0.000094 0.002687 160.000000 6.250000
20 0.000081 0.004443 180.000000 6.474820
20 0.000077 0.004956 200.000000 6.666667
20 0.000072 0.006423 220.000000 6.832298
20 0.000097 0.007240 240.000000 6.956522
20 0.000105 0.008037 260.000000 6.970510
20 0.000092 0.008411 280.000000 7.088608
20 0.000091 0.008987 300.000000 7.194244
20 0.000105 0.009075 320.000000 7.305936
20 0.000105 0.009359 340.000000 7.359307
20 0.000088 0.009613 360.000000 7.302231
20 0.000089 0.009524 380.000000 7.238095
20 0.000088 0.009339 400.000000 7.299270
20 0.000079 0.009338 420.000000 7.368421
20 0.000078 0.009943 440.000000 7.432433
20 0.000081 0.009757 460.000000 7.491857
20 0.000084 0.010059 480.000000 7.535322
20 0.000080 0.010530 500.000000 7.552870
20 0.000076 0.010803 520.000000 7.514451
20 0.000049 0.012216 540.000000 7.142857
30 0.000273 0.022832 20.000000 6.060606
30 0.000285 0.004903 40.000000 4.705883
30 0.000131 0.007702 60.000000 5.309734
30 0.000191 0.006811 80.000000 5.797101
30 0.000119 0.006368 100.000000 5.952381
30 0.000069 0.007377 120.000000 6.060606
30 0.000082 0.004374 140.000000 6.113537
30 0.000095 0.006760 160.000000 6.250000
30 0.000062 0.007816 180.000000 6.498195
30 0.000081 0.009290 200.000000 6.688963
30 0.000095 0.011918 220.000000 6.853582
30 0.000090 0.011904 240.000000 6.896552
30 0.000082 0.011625 260.000000 6.970510
30 0.000083 0.011541 280.000000 7.106599
30 0.000092 0.011445 300.000000 7.211538
30 0.000099 0.011524 320.000000 7.305936
30 0.000092 0.011356 340.000000 7.343412
30 0.000088 0.011447 360.000000 7.214429
30 0.000082 0.010867 380.000000 7.238095
30 0.000082 0.010522 400.000000 7.312614
30 0.000070 0.010970 420.000000 7.381371
30 0.000079 0.011372 440.000000 7.445008
30 0.000089 0.011211 460.000000 7.479675
30 0.000078 0.011034 480.000000 7.535322
30 0.000071 0.011757 500.000000 7.541478
30 0.000075 0.011584 520.000000 7.375886
40 0.000513 0.021126 20.000000 3.921569
40 0.000247 0.007322 40.000000 4.651163
40 0.000097 0.009832 60.000000 5.309734
40 0.000109 0.007591 80.000000 5.797101
40 0.000094 0.007895 100.000000 5.847953
40 0.000080 0.006499 120.000000 6.030151
40 0.000082 0.005172 140.000000 6.060606
40 0.000070 0.006615 160.000000 6.299212
40 0.000056 0.007271 180.000000 6.521739
40 0.000073 0.008991 200.000000 6.734007
40 0.000091 0.010977 220.000000 6.875000
40 0.000097 0.011113 240.000000 6.876791
40 0.000087 0.010342 260.000000 6.989247
40 0.000085 0.009940 280.000000 7.124682
40 0.000096 0.009998 300.000000 7.246377
40 0.000097 0.010030 320.000000 7.322654
40 0.000088 0.009724 340.000000 7.296137
40 0.000086 0.009679 360.000000 7.200000
40 0.000086 0.009099 380.000000 7.251908
40 0.000085 0.008819 400.000000 7.326007
40 0.000075 0.009622 420.000000 7.394366
40 0.000082 0.009440 440.000000 7.457627
40 0.000091 0.009431 460.000000 7.504078
40 0.000078 0.009742 480.000000 7.535322
40 0.000076 0.009716 500.000000 7.518797
40 0.000053 0.010902 520.000000 7.212205
50 0.000595 0.004857 20.000000 3.636364
50 0.000320 0.013410 40.000000 4.705883
50 0.000138 0.012140 60.000000 5.405406
50 0.000109 0.009622 80.000000 5.797101
50 0.000056 0.009136 100.000000 5.847953
50 0.000063 0.005237 120.000000 6.030151
50 0.000083 0.005854 140.000000 6.113537
50 0.000055 0.006719 160.000000 6.374502
50 0.000065 0.007053 180.000000 6.593407
50 0.000074 0.009846 200.000000 6.779661
50 0.000091 0.010157 220.000000 6.896552
50 0.000094 0.010021 240.000000 6.916427
50 0.000087 0.009075 260.000000 7.065217
50 0.000096 0.008765 280.000000 7.179487
50 0.000110 0.008741 300.000000 7.281553
50 0.000104 0.008732 320.000000 7.356322
50 0.000090 0.008490 340.000000 7.249467
50 0.000084 0.008124 360.000000 7.228916
50 0.000089 0.007426 380.000000 7.293666
50 0.000076 0.007700 400.000000 7.366483
50 0.000078 0.008204 420.000000 7.433628
50 0.000090 0.007884 440.000000 7.482993
50 0.000083 0.007616 460.000000 7.540984
50 0.000078 0.008338 480.000000 7.559055
50 0.000076 0.008492 500.000000 7.485030
60 0.000454 0.012536 20.000000 3.703704
60 0.000176 0.016931 40.000000 4.878049
60 0.000181 0.012151 60.000000 5.607477
60 0.000110 0.008250 80.000000 5.839416
60 0.000073 0.007620 100.000000 5.988024
60 0.000075 0.003364 120.000000 6.060606
60 0.000083 0.004825 140.000000 6.222222
60 0.000058 0.005389 160.000000 6.477733
60 0.000077 0.006252 180.000000 6.691450
60 0.000114 0.008654 200.000000 6.896552
60 0.000095 0.007992 220.000000 6.940063
60 0.000091 0.007939 240.000000 6.997085
60 0.000095 0.007866 260.000000 7.142857
60 0.000104 0.007797 280.000000 7.272727
60 0.000111 0.007881 300.000000 7.352941
60 0.000104 0.007709 320.000000 7.407407
60 0.000099 0.007799 340.000000 7.264957
60 0.000093 0.007410 360.000000 7.287449
60 0.000089 0.007099 380.000000 7.364341
60 0.000073 0.007381 400.000000 7.434944
60 0.000085 0.007902 420.000000 7.486631
60 0.000093 0.007726 440.000000 7.534246
60 0.000082 0.007710 460.000000 7.590759
60 0.000074 0.008536 480.000000 7.594937
60 0.000077 0.008550 500.000000 7.429420
70 0.000559 0.027096 20.000000 4.081633
70 0.000204 0.022818 40.000000 5.263158
70 0.000232 0.016771 60.000000 5.940594
70 0.000188 0.014287 80.000000 6.060606
70 0.000106 0.013172 100.000000 6.211180
70 0.000105 0.008955 120.000000 6.217617
70 0.000113 0.010563 140.000000 6.422019
70 0.000071 0.010871 160.000000 6.666667
70 0.000089 0.012000 180.000000 6.870229
70 0.000123 0.013887 200.000000 7.042253
70 0.000108 0.013514 220.000000 7.051282
70 0.000099 0.013106 240.000000 7.142857
70 0.000100 0.012696 260.000000 7.282913
70 0.000112 0.012235 280.000000 7.407407
70 0.000116 0.012240 300.000000 7.481297
70 0.000104 0.011692 320.000000 7.494145
70 0.000103 0.011655 340.000000 7.359307
70 0.000096 0.010986 360.000000 7.377049
70 0.000095 0.010584 380.000000 7.450980
70 0.000078 0.011115 400.000000 7.518797
70 0.000089 0.011263 420.000000 7.581227
70 0.000099 0.011058 440.000000 7.625650
70 0.000090 0.010962 460.000000 7.666667
70 0.000076 0.011616 480.000000 7.655502
70 0.000084 0.011306 500.000000 7.418397
80 0.000271 0.027238 20.000000 4.761905
80 0.000077 0.018491 40.000000 5.797101
80 0.000227 0.011920 60.000000 6.382979
80 0.000133 0.009523 80.000000 6.349206
80 0.000170 0.009231 100.000000 6.451613
80 0.000145 0.007166 120.000000 6.417112
80 0.000135 0.009805 140.000000 6.635071
80 0.000106 0.010410 160.000000 6.866953
80 0.000108 0.011608 180.000000 7.058824
80 0.000127 0.012607 200.000000 7.220217
80 0.000132 0.013064 220.000000 7.213115
80 0.000121 0.013354 240.000000 7.294833
80 0.000110 0.013594 260.000000 7.428571
80 0.000125 0.013580 280.000000 7.547170
80 0.000119 0.013799 300.000000 7.614213
80 0.000107 0.013461 320.000000 7.600950
80 0.000104 0.013662 340.000000 7.456141
80 0.000106 0.013311 360.000000 7.484407
80 0.000099 0.013050 380.000000 7.554672
80 0.000087 0.013625 400.000000 7.619048
80 0.000095 0.013820 420.000000 7.678245
80 0.000103 0.013739 440.000000 7.719298
80 0.000090 0.014041 460.000000 7.757167
80 0.000083 0.014489 480.000000 7.741935
80 0.000069 0.015259 500.000000 7.440476
90 0.000238 0.024035 20.000000 5.555555
90 0.000163 0.014413 40.000000 6.349206
90 0.000200 0.009231 60.000000 6.818182
90 0.000195 0.008238 80.000000 6.611570
90 0.000193 0.008524 100.000000 6.711410
90 0.000162 0.008192 120.000000 6.629834
90 0.000134 0.010870 140.000000 6.862745
90 0.000113 0.011661 160.000000 7.079646
90 0.000124 0.012812 180.000000 7.258065
90 0.000156 0.013541 200.000000 7.380074
90 0.000148 0.014433 220.000000 7.357860
90 0.000131 0.014875 240.000000 7.453416
90 0.000120 0.015362 260.000000 7.580175
90 0.000128 0.015422 280.000000 7.692307
90 0.000127 0.015676 300.000000 7.751938
90 0.000115 0.015586 320.000000 7.692307
90 0.000111 0.015660 340.000000 7.555555
90 0.000110 0.015488 360.000000 7.594937
90 0.000106 0.015301 380.000000 7.661290
90 0.000094 0.015939 400.000000 7.722008
90 0.000099 0.015890 420.000000 7.777778
90 0.000106 0.016032 440.000000 7.815275
90 0.000094 0.016451 460.000000 7.836457
90 0.000092 0.016634 480.000000 7.804878
90 0.000065 0.018115 500.000000 7.440476
100 0.000156 0.021097 20.000000 6.250000
100 0.000078 0.012623 40.000000 6.896552
100 0.000197 0.007540 60.000000 7.058824
100 0.000154 0.008265 80.000000 6.779661
100 0.000142 0.005628 100.000000 6.896552
100 0.000152 0.007040 120.000000 6.779661
100 0.000107 0.009116 140.000000 7.035176
100 0.000114 0.009519 160.000000 7.239819
100 0.000106 0.011343 180.000000 7.438016
100 0.000125 0.012045 200.000000 7.518797
100 0.000125 0.012881 220.000000 7.482993
100 0.000108 0.012976 240.000000 7.594937
100 0.000107 0.013349 260.000000 7.715134
100 0.000122 0.013442 280.000000 7.799443
100 0.000118 0.013693 300.000000 7.832898
100 0.000102 0.013733 320.000000 7.710844
100 0.000099 0.013690 340.000000 7.623318
100 0.000101 0.013355 360.000000 7.675906
100 0.000084 0.013381 380.000000 7.739307
100 0.000085 0.014055 400.000000 7.797271
100 0.000089 0.013721 420.000000 7.850467
100 0.000091 0.013959 440.000000 7.885304
100 0.000086 0.014471 460.000000 7.890223
100 0.000084 0.014717 480.000000 7.830343
100 0.000055 0.016074 500.000000 7.342144
110 0.000095 0.018530 20.000000 6.666667
110 0.000242 0.008650 40.000000 7.272727
110 0.000225 0.006453 60.000000 7.142857
110 0.000186 0.009442 80.000000 6.956522
110 0.000162 0.006153 100.000000 6.896552
110 0.000169 0.009286 120.000000 6.936416
110 0.000125 0.010691 140.000000 7.179487
110 0.000128 0.011533 160.000000 7.373272
110 0.000125 0.013170 180.000000 7.563025
110 0.000125 0.013531 200.000000 7.547170
110 0.000128 0.014144 220.000000 7.560137
110 0.000107 0.014707 240.000000 7.692307
110 0.000115 0.015005 260.000000 7.807808
110 0.000126 0.015189 280.000000 7.865169
110 0.000117 0.015221 300.000000 7.894737
110 0.000109 0.015440 320.000000 7.710844
110 0.000102 0.015226 340.000000 7.674943
110 0.000097 0.014950 360.000000 7.741935
110 0.000082 0.015221 380.000000 7.802875
110 0.000089 0.015800 400.000000 7.858546
110 0.000096 0.015562 420.000000 7.894737
110 0.000088 0.015571 440.000000 7.942238
110 0.000086 0.016381 460.000000 7.931035
110 0.000087 0.016320 480.000000 7.779579
120 0.000171 0.010827 20.000000 6.896552
120 0.000295 0.006214 40.000000 7.407407
120 0.000187 0.009104 60.000000 6.976744
120 0.000220 0.009970 80.000000 7.017544
120 0.000183 0.008768 100.000000 6.849315
120 0.000178 0.011880 120.000000 7.017544
120 0.000139 0.012239 140.000000 7.291667
120 0.000140 0.013379 160.000000 7.476635
120 0.000135 0.014530 180.000000 7.627119
120 0.000138 0.015028 200.000000 7.575758
120 0.000126 0.015449 220.000000 7.638889
120 0.000115 0.015969 240.000000 7.766990
120 0.000125 0.016096 260.000000 7.854985
120 0.000122 0.016365 280.000000 7.932011
120 0.000106 0.016295 300.000000 7.894737
120 0.000103 0.016437 320.000000 7.710844
120 0.000102 0.016145 340.000000 7.727273
120 0.000097 0.015908 360.000000 7.792208
120 0.000084 0.016481 380.000000 7.851240
120 0.000089 0.016673 400.000000 7.905138
120 0.000099 0.016555 420.000000 7.924528
120 0.000089 0.016816 440.000000 7.971014
120 0.000082 0.017308 460.000000 7.931035
120 0.000070 0.018003 480.000000 7.619048
130 0.000285 0.004091 20.000000 7.142857
130 0.000341 0.008011 40.000000 7.407407
130 0.000238 0.010548 60.000000 6.896552
130 0.000219 0.010693 80.000000 6.956522
130 0.000212 0.011484 100.000000 6.849315
130 0.000152 0.013518 120.000000 7.100592
130 0.000155 0.013659 140.000000 7.368421
130 0.000133 0.014755 160.000000 7.547170
130 0.000153 0.015163 180.000000 7.627119
130 0.000151 0.016199 200.000000 7.575758
130 0.000130 0.016720 220.000000 7.692307
130 0.000123 0.017349 240.000000 7.817590
130 0.000138 0.017311 260.000000 7.902736
130 0.000135 0.017493 280.000000 7.954545
130 0.000113 0.017702 300.000000 7.812500
130 0.000112 0.017510 320.000000 7.710844
130 0.000109 0.017255 340.000000 7.762557
130 0.000099 0.017160 360.000000 7.826087
130 0.000093 0.017768 380.000000 7.883817
130 0.000097 0.017505 400.000000 7.920792
130 0.000098 0.017800 420.000000 7.954545
130 0.000095 0.018196 440.000000 7.971014
130 0.000091 0.018446 460.000000 7.890223
130 0.000055 0.019934 480.000000 7.407407
140 0.000533 0.006015 20.000000 7.407407
140 0.000311 0.011247 40.000000 7.142857
140 0.000248 0.013743 60.000000 6.896552
140 0.000195 0.011281 80.000000 6.837607
140 0.000192 0.013167 100.000000 6.896552
140 0.000144 0.013973 120.000000 7.185629
140 0.000140 0.014006 140.000000 7.446808
140 0.000177 0.014961 160.000000 7.619048
140 0.000146 0.015422 180.000000 7.594937
140 0.000138 0.016105 200.000000 7.633588
140 0.000129 0.016659 220.000000 7.746479
140 0.000129 0.016957 240.000000 7.868853
140 0.000139 0.016984 260.000000 7.951070
140 0.000125 0.016924 280.000000 7.954545
140 0.000117 0.016990 300.000000 7.751938
140 0.000111 0.016708 320.000000 7.729469
140 0.000105 0.016431 340.000000 7.798165
140 0.000088 0.016609 360.000000 7.860262
140 0.000096 0.017098 380.000000 7.916667
140 0.000104 0.016842 400.000000 7.936508
140 0.000095 0.016843 420.000000 7.984791
140 0.000086 0.017679 440.000000 7.971014
140 0.000091 0.017550 460.000000 7.770270
150 0.000497 0.011369 20.000000 7.407407
150 0.000289 0.011716 40.000000 6.779661
150 0.000243 0.010912 60.000000 6.896552
150 0.000188 0.009761 80.000000 6.722689
150 0.000147 0.012584 100.000000 6.993007
150 0.000108 0.012782 120.000000 7.272727
150 0.000127 0.013696 140.000000 7.526882
150 0.000153 0.014840 160.000000 7.655502
150 0.000151 0.015250 180.000000 7.594937
150 0.000133 0.015224 200.000000 7.662835
150 0.000120 0.015436 220.000000 7.801418
150 0.000126 0.015251 240.000000 7.920792
150 0.000129 0.015377 260.000000 7.975460
150 0.000111 0.015162 280.000000 7.909605
150 0.000112 0.015028 300.000000 7.712082
150 0.000109 0.014541 320.000000 7.748184
150 0.000099 0.014236 340.000000 7.816092
150 0.000091 0.014736 360.000000 7.877462
150 0.000099 0.014657 380.000000 7.933194
150 0.000106 0.014587 400.000000 7.968128
150 0.000094 0.014871 420.000000 8.000000
150 0.000089 0.015103 440.000000 7.956600
150 0.000061 0.016479 460.000000 7.565790
160 0.000295 0.017307 20.000000 7.142857
160 0.000284 0.012290 40.000000 6.557377
160 0.000178 0.007729 60.000000 6.666667
160 0.000178 0.008417 80.000000 6.666667
160 0.000134 0.009657 100.000000 7.042253
160 0.000137 0.009435 120.000000 7.361963
160 0.000116 0.011380 140.000000 7.567567
160 0.000134 0.011730 160.000000 7.619048
160 0.000133 0.012012 180.000000 7.594937
160 0.000122 0.012074 200.000000 7.722008
160 0.000110 0.012451 220.000000 7.857143
160 0.000132 0.012174 240.000000 7.947020
160 0.000122 0.012359 260.000000 7.975460
160 0.000105 0.012550 280.000000 7.777778
160 0.000100 0.012132 300.000000 7.712082
160 0.000100 0.011854 320.000000 7.785888
160 0.000087 0.011773 340.000000 7.852194
160 0.000084 0.012297 360.000000 7.912088
160 0.000096 0.012072 380.000000 7.949791
160 0.000087 0.012137 400.000000 7.984032
160 0.000084 0.012727 420.000000 7.984791
160 0.000084 0.012825 440.000000 7.871199
170 0.000154 0.014045 20.000000 6.060606
170 0.000319 0.007587 40.000000 6.451613
170 0.000182 0.005352 60.000000 6.451613
170 0.000181 0.006080 80.000000 6.722689
170 0.000145 0.005905 100.000000 7.142857
170 0.000121 0.006105 120.000000 7.407407
170 0.000133 0.007627 140.000000 7.608696
170 0.000119 0.007603 160.000000 7.547170
170 0.000114 0.007799 180.000000 7.627119
170 0.000111 0.008356 200.000000 7.782101
170 0.000116 0.008594 220.000000 7.885304
170 0.000119 0.008846 240.000000 7.973422
170 0.000101 0.009350 260.000000 7.951070
170 0.000097 0.009407 280.000000 7.713499
170 0.000094 0.009217 300.000000 7.731959
170 0.000089 0.009064 320.000000 7.804878
170 0.000070 0.009364 340.000000 7.870370
170 0.000079 0.009671 360.000000 7.929515
170 0.000090 0.009430 380.000000 7.949791
170 0.000078 0.009804 400.000000 8.000000
170 0.000066 0.010450 420.000000 7.969639
170 0.000064 0.011328 440.000000 7.652174
180 0.000330 0.006898 20.000000 5.714286
180 0.000357 0.004220 40.000000 6.451613
180 0.000195 0.003256 60.000000 6.382979
180 0.000170 0.005613 80.000000 6.837607
180 0.000105 0.005214 100.000000 7.246377
180 0.000093 0.006673 120.000000 7.500000
180 0.000118 0.008169 140.000000 7.608696
180 0.000131 0.008303 160.000000 7.547170
180 0.000105 0.007639 180.000000 7.692307
180 0.000102 0.008061 200.000000 7.843137
180 0.000123 0.007933 220.000000 7.942238
180 0.000118 0.008181 240.000000 8.000000
180 0.000101 0.008616 260.000000 7.878788
180 0.000099 0.008171 280.000000 7.713499
180 0.000090 0.007948 300.000000 7.772021
180 0.000087 0.007752 320.000000 7.843137
180 0.000078 0.008352 340.000000 7.906977
180 0.000082 0.008070 360.000000 7.947020
180 0.000087 0.008274 380.000000 7.983193
180 0.000077 0.008590 400.000000 8.000000
180 0.000077 0.008852 420.000000 7.939508
180 0.000046 0.010685 440.000000 7.457627
190 0.000575 0.013073 20.000000 5.882353
190 0.000148 0.008882 40.000000 6.349206
190 0.000216 0.006606 60.000000 6.521739
190 0.000161 0.005294 80.000000 7.017544
190 0.000152 0.004081 100.000000 7.407407
190 0.000100 0.007041 120.000000 7.643312
190 0.000112 0.006640 140.000000 7.650273
190 0.000114 0.006475 160.000000 7.655502
190 0.000107 0.006368 180.000000 7.792208
190 0.000103 0.006675 200.000000 7.936508
190 0.000120 0.006632 220.000000 8.029197
190 0.000112 0.006900 240.000000 8.053691
190 0.000096 0.007216 260.000000 7.807808
190 0.000095 0.006927 280.000000 7.756233
190 0.000089 0.006762 300.000000 7.832898
190 0.000073 0.006677 320.000000 7.901235
190 0.000081 0.007188 340.000000 7.962529
190 0.000088 0.006915 360.000000 7.982262
190 0.000078 0.007039 380.000000 8.033827
190 0.000073 0.007658 400.000000 8.032128
190 0.000074 0.008005 420.000000 7.865169
200 0.000558 0.013491 20.000000 6.451613
200 0.000226 0.008345 40.000000 6.451613
200 0.000228 0.007148 60.000000 6.818182
200 0.000163 0.005798 80.000000 7.272727
200 0.000128 0.005587 100.000000 7.575758
200 0.000134 0.007979 120.000000 7.792208
200 0.000119 0.007446 140.000000 7.734807
200 0.000111 0.007149 160.000000 7.766990
200 0.000107 0.007373 180.000000 7.929515
200 0.000111 0.007382 200.000000 8.064516
200 0.000118 0.007611 220.000000 8.118081
200 0.000103 0.007910 240.000000 8.108109
200 0.000101 0.007962 260.000000 7.831326
200 0.000092 0.007603 280.000000 7.821229
200 0.000085 0.007344 300.000000 7.915567
200 0.000067 0.007735 320.000000 7.960199
200 0.000078 0.008016 340.000000 8.018867
200 0.000091 0.007715 360.000000 8.053691
200 0.000078 0.007998 380.000000 8.085107
200 0.000064 0.008659 400.000000 8.064516
200 0.000068 0.009396 420.000000 7.734807
210 0.000666 0.008444 20.000000 6.896552
210 0.000270 0.004547 40.000000 6.557377
210 0.000225 0.007120 60.000000 7.058824
210 0.000136 0.006553 80.000000 7.547170
210 0.000120 0.009327 100.000000 7.812500
210 0.000140 0.012313 120.000000 7.947020
210 0.000127 0.011746 140.000000 7.821229
210 0.000102 0.010030 160.000000 7.920792
210 0.000087 0.009435 180.000000 8.071749
210 0.000107 0.009430 200.000000 8.163265
210 0.000105 0.009446 220.000000 8.239700
210 0.000091 0.009306 240.000000 8.108109
210 0.000089 0.008997 260.000000 7.878788
210 0.000087 0.008280 280.000000 7.909605
210 0.000084 0.007885 300.000000 7.978724
210 0.000071 0.008737 320.000000 8.040201
210 0.000079 0.008415 340.000000 8.095238
210 0.000091 0.008280 360.000000 8.126410
210 0.000075 0.008620 380.000000 8.137045
210 0.000073 0.008642 400.000000 8.080808
210 0.000045 0.010259 420.000000 7.608696
220 0.000192 0.016621 20.000000 6.666667
220 0.000170 0.003082 40.000000 6.666667
220 0.000047 0.004086 60.000000 7.317073
220 0.000077 0.006192 80.000000 7.766990
220 0.000102 0.012083 100.000000 8.000000
220 0.000127 0.012830 120.000000 8.000000
220 0.000142 0.011316 140.000000 7.865169
220 0.000131 0.009353 160.000000 8.040201
220 0.000143 0.008352 180.000000 8.181818
220 0.000156 0.007959 200.000000 8.264462
220 0.000144 0.007733 220.000000 8.270677
220 0.000120 0.007505 240.000000 8.000000
220 0.000112 0.006376 260.000000 7.902736
220 0.000115 0.005363 280.000000 7.954545
220 0.000094 0.005398 300.000000 8.021390
220 0.000099 0.005904 320.000000 8.101266
220 0.000106 0.005453 340.000000 8.114558
220 0.000100 0.004885 360.000000 8.163265
220 0.000092 0.005831 380.000000 8.154507
220 0.000092 0.005952 400.000000 8.016032
230 0.000257 0.013631 20.000000 6.060606
230 0.000232 0.004794 40.000000 6.779661
230 0.000086 0.007768 60.000000 7.500000
230 0.000098 0.011983 80.000000 7.843137
230 0.000148 0.017075 100.000000 8.064516
230 0.000114 0.015383 120.000000 7.894737
230 0.000096 0.012844 140.000000 7.954545
230 0.000106 0.011277 160.000000 8.121827
230 0.000134 0.010314 180.000000 8.219178
230 0.000133 0.010004 200.000000 8.298756
230 0.000117 0.009361 220.000000 8.239700
230 0.000105 0.009099 240.000000 7.920792
230 0.000101 0.007655 260.000000 7.926829
230 0.000100 0.007075 280.000000 8.000000
230 0.000077 0.007623 300.000000 8.064516
230 0.000094 0.007585 320.000000 8.121827
230 0.000106 0.007260 340.000000 8.153478
230 0.000092 0.006871 360.000000 8.181818
230 0.000073 0.007458 380.000000 8.137045
230 0.000089 0.007022 400.000000 7.782101
240 0.000424 0.005004 20.000000 6.060606
240 0.000133 0.010553 40.000000 7.142857
240 0.000110 0.011954 60.000000 7.692307
240 0.000181 0.016570 80.000000 8.000000
240 0.000201 0.019183 100.000000 8.130081
240 0.000175 0.017538 120.000000 7.947020
240 0.000133 0.014288 140.000000 8.045977
240 0.000158 0.012627 160.000000 8.205129
240 0.000164 0.012058 180.000000 8.333333
240 0.000159 0.011487 200.000000 8.368201
240 0.000139 0.010936 220.000000 8.148149
240 0.000127 0.009906 240.000000 7.947020
240 0.000122 0.008382 260.000000 7.975460
240 0.000117 0.008103 280.000000 8.045977
240 0.000109 0.008948 300.000000 8.108109
240 0.000115 0.008263 320.000000 8.163265
240 0.000121 0.007928 340.000000 8.192771
240 0.000104 0.008189 360.000000 8.200456
240 0.000098 0.008255 380.000000 8.119658
240 0.000079 0.009092 400.000000 7.575758
250 0.000184 0.014196 20.000000 6.451613
250 0.000133 0.011709 40.000000 7.547170
250 0.000132 0.010465 60.000000 8.000000
250 0.000142 0.015263 80.000000 8.333333
250 0.000137 0.013524 100.000000 8.196721
250 0.000156 0.010868 120.000000 8.053691
250 0.000130 0.008500 140.000000 8.235294
250 0.000153 0.007233 160.000000 8.376964
250 0.000165 0.006613 180.000000 8.450705
250 0.000156 0.006243 200.000000 8.438819
250 0.000133 0.006130 220.000000 8.088235
250 0.000125 0.004846 240.000000 8.000000
250 0.000117 0.003930 260.000000 8.049536
250 0.000095 0.003890 280.000000 8.115942
250 0.000107 0.004434 300.000000 8.174387
250 0.000110 0.003883 320.000000 8.205129
250 0.000098 0.003686 340.000000 8.252427
250 0.000090 0.004460 360.000000 8.237987
250 0.000088 0.004942 380.000000 8.050847
260 0.000296 0.018595 20.000000 7.142857
260 0.000166 0.012850 40.000000 8.163265
260 0.000084 0.013104 60.000000 8.450705
260 0.000176 0.018109 80.000000 8.602151
260 0.000132 0.014841 100.000000 8.333333
260 0.000124 0.010947 120.000000 8.275862
260 0.000132 0.009211 140.000000 8.433735
260 0.000148 0.007731 160.000000 8.510638
260 0.000153 0.007291 180.000000 8.571428
260 0.000134 0.006621 200.000000 8.510638
260 0.000123 0.006125 220.000000 8.118081
260 0.000116 0.004697 240.000000 8.080808
260 0.000106 0.003989 260.000000 8.150470
260 0.000083 0.004332 280.000000 8.211143
260 0.000098 0.004478 300.000000 8.264462
260 0.000110 0.004034 320.000000 8.290155
260 0.000091 0.003723 340.000000 8.312959
260 0.000079 0.004522 360.000000 8.275862
260 0.000084 0.005126 380.000000 7.900208
270 0.000222 0.014887 20.000000 8.000000
270 0.000049 0.010464 40.000000 8.695652
270 0.000112 0.014622 60.000000 8.823529
270 0.000181 0.018289 80.000000 8.791209
270 0.000183 0.015019 100.000000 8.333333
270 0.000144 0.010480 120.000000 8.450705
270 0.000141 0.007911 140.000000 8.588957
270 0.000164 0.007273 160.000000 8.648648
270 0.000161 0.006520 180.000000 8.653846
270 0.000139 0.006457 200.000000 8.438819
270 0.000128 0.005206 220.000000 8.118081
270 0.000123 0.003700 240.000000 8.163265
270 0.000117 0.003201 260.000000 8.227848
270 0.000101 0.003794 280.000000 8.284023
270 0.000107 0.003360 300.000000 8.310249
270 0.000116 0.002841 320.000000 8.333333
270 0.000098 0.003264 340.000000 8.353808
270 0.000086 0.003491 360.000000 8.256881
270 0.000063 0.005139 380.000000 7.692307
280 0.000270 0.012106 20.000000 8.333333
280 0.000127 0.011679 40.000000 8.888889
280 0.000196 0.018976 60.000000 8.955224
280 0.000174 0.015895 80.000000 8.695652
280 0.000196 0.011143 100.000000 8.403361
280 0.000178 0.007790 120.000000 8.510638
280 0.000192 0.005981 140.000000 8.641975
280 0.000196 0.005342 160.000000 8.695652
280 0.000179 0.005137 180.000000 8.653846
280 0.000151 0.005175 200.000000 8.230453
280 0.000142 0.003549 220.000000 8.118081
280 0.000134 0.003007 240.000000 8.191126
280 0.000108 0.002643 260.000000 8.253968
280 0.000122 0.002756 280.000000 8.308605
280 0.000123 0.002566 300.000000 8.333333
280 0.000110 0.002498 320.000000 8.355091
280 0.000099 0.002927 340.000000 8.333333
280 0.000098 0.004307 360.000000 8.126410
290 0.000156 0.006112 20.000000 8.695652
290 0.000150 0.015343 40.000000 8.888889
290 0.000189 0.020554 60.000000 8.955224
290 0.000212 0.016206 80.000000 8.421053
290 0.000171 0.011072 100.000000 8.403361
290 0.000170 0.007837 120.000000 8.571428
290 0.000205 0.006693 140.000000 8.695652
290 0.000179 0.005857 160.000000 8.695652
290 0.000153 0.006045 180.000000 8.530806
290 0.000147 0.005066 200.000000 8.130081
290 0.000143 0.003626 220.000000 8.118081
290 0.000131 0.003542 240.000000 8.191126
290 0.000109 0.003438 260.000000 8.253968
290 0.000127 0.003328 280.000000 8.308605
290 0.000135 0.003120 300.000000 8.333333
290 0.000108 0.002959 320.000000 8.355091
290 0.000090 0.003383 340.000000 8.272506
290 0.000078 0.004471 360.000000 7.792208
300 0.000203 0.015877 20.000000 8.695652
300 0.000266 0.025478 40.000000 8.888889
300 0.000267 0.022627 60.000000 8.571428
300 0.000265 0.016322 80.000000 8.247422
300 0.000228 0.011572 100.000000 8.403361
300 0.000236 0.009173 120.000000 8.571428
300 0.000239 0.008298 140.000000 8.641975
300 0.000215 0.007806 160.000000 8.648648
300 0.000173 0.007569 180.000000 8.219178
300 0.000155 0.005675 200.000000 8.064516
300 0.000155 0.004159 220.000000 8.118081
300 0.000128 0.004193 240.000000 8.191126
300 0.000131 0.004458 260.000000 8.253968
300 0.000143 0.003976 280.000000 8.284023
300 0.000127 0.003184 300.000000 8.310249
300 0.000115 0.004080 320.000000 8.311688
300 0.000108 0.004967 340.000000 8.133971
310 0.000315 0.023877 20.000000 8.695652
310 0.000295 0.029051 40.000000 8.695652
310 0.000268 0.020860 60.000000 8.108109
310 0.000203 0.014237 80.000000 8.163265
310 0.000193 0.010882 100.000000 8.403361
310 0.000225 0.009049 120.000000 8.571428
310 0.000202 0.008368 140.000000 8.588957
310 0.000177 0.007740 160.000000 8.465609
310 0.000159 0.006904 180.000000 8.000000
310 0.000146 0.004974 200.000000 8.000000
310 0.000138 0.004291 220.000000 8.118081
310 0.000111 0.004897 240.000000 8.191126
310 0.000128 0.004751 260.000000 8.227848
310 0.000140 0.004226 280.000000 8.259587
310 0.000118 0.004143 300.000000 8.287292
310 0.000097 0.004713 320.000000 8.226221
310 0.000100 0.005345 340.000000 7.762557
320 0.000305 0.031657 20.000000 8.695652
320 0.000328 0.026361 40.000000 8.333333
320 0.000327 0.017960 60.000000 8.000000
320 0.000235 0.010024 80.000000 8.247422
320 0.000247 0.007340 100.000000 8.474576
320 0.000237 0.006806 120.000000 8.571428
320 0.000222 0.006321 140.000000 8.536586
320 0.000178 0.006450 160.000000 8.163265
320 0.000159 0.004342 180.000000 7.929515
320 0.000150 0.002956 200.000000 8.000000
320 0.000124 0.003295 220.000000 8.088235
320 0.000129 0.003320 240.000000 8.163265
320 0.000129 0.003010 260.000000 8.227848
320 0.000134 0.002143 280.000000 8.259587
320 0.000113 0.002863 300.000000 8.241758
320 0.000104 0.003888 320.000000 8.101266
320 0.000085 0.005523 340.000000 7.249467
330 0.000600 0.035735 20.000000 8.695652
330 0.000279 0.018288 40.000000 7.843137
330 0.000225 0.008145 60.000000 7.894737
330 0.000227 0.004350 80.000000 8.247422
330 0.000236 0.003172 100.000000 8.474576
330 0.000224 0.003053 120.000000 8.510638
330 0.000196 0.004632 140.000000 8.433735
330 0.000177 0.003922 160.000000 7.920792
330 0.000150 0.003293 180.000000 7.894737
330 0.000137 0.003657 200.000000 8.032128
330 0.000104 0.002889 220.000000 8.118081
330 0.000126 0.002714 240.000000 8.163265
330 0.000137 0.002922 260.000000 8.201893
330 0.000111 0.003388 280.000000 8.235294
330 0.000087 0.003072 300.000000 8.196721
330 0.000090 0.005216 320.000000 7.766990
340 0.000568 0.021465 20.000000 8.000000
340 0.000443 0.007817 40.000000 7.547170
340 0.000284 0.003139 60.000000 8.000000
340 0.000237 0.006223 80.000000 8.247422
340 0.000256 0.004680 100.000000 8.474576
340 0.000239 0.004862 120.000000 8.450705
340 0.000174 0.007405 140.000000 8.092485
340 0.000172 0.005464 160.000000 7.804878
340 0.000147 0.006761 180.000000 7.894737
340 0.000123 0.006006 200.000000 8.000000
340 0.000118 0.005186 220.000000 8.088235
340 0.000114 0.005789 240.000000 8.163265
340 0.000121 0.006402 260.000000 8.201893
340 0.000102 0.005745 280.000000 8.187135
340 0.000093 0.006172 300.000000 8.064516
340 0.000055 0.007886 320.000000 7.339449
350 0.000115 0.010045 20.000000 6.896552
350 0.000109 0.001732 40.000000 7.407407
350 0.000138 0.001061 60.000000 8.000000
350 0.000187 0.000936 80.000000 8.333333
350 0.000193 0.000884 100.000000 8.403361
350 0.000154 0.002668 120.000000 8.333333
350 0.000146 0.002732 140.000000 7.821229
350 0.000112 0.002610 160.000000 7.766990
350 0.000104 0.003302 180.000000 7.894737
350 0.000076 0.003144 200.000000 8.000000
350 0.000099 0.003377 220.000000 8.088235
350 0.000117 0.003729 240.000000 8.135593
350 0.000082 0.003886 260.000000 8.201893
350 0.000069 0.003304 280.000000 8.139535
350 0.000086 0.004195 300.000000 7.751938
360 0.000244 0.010278 20.000000 6.666667
360 0.000126 0.004583 40.000000 7.692307
360 0.000178 0.001983 60.000000 8.219178
360 0.000193 0.003743 80.000000 8.421053
360 0.000180 0.004254 100.000000 8.474576
360 0.000148 0.004750 120.000000 8.163265
360 0.000125 0.005455 140.000000 7.734807
360 0.000111 0.005388 160.000000 7.804878
360 0.000105 0.006285 180.000000 7.929515
360 0.000100 0.006891 200.000000 8.032128
360 0.000105 0.007118 220.000000 8.118081
360 0.000115 0.007294 240.000000 8.163265
360 0.000088 0.007077 260.000000 8.176101
360 0.000076 0.007147 280.000000 8.092485
360 0.000064 0.005987 300.000000 7.425743
370 0.000369 0.012586 20.000000 7.142857
370 0.000227 0.006352 40.000000 8.000000
370 0.000281 0.004006 60.000000 8.450705
370 0.000241 0.002853 80.000000 8.602151
370 0.000211 0.002535 100.000000 8.547009
370 0.000162 0.002513 120.000000 7.947020
370 0.000139 0.003402 140.000000 7.777778
370 0.000131 0.003820 160.000000 7.920792
370 0.000096 0.004570 180.000000 8.035714
370 0.000112 0.004825 200.000000 8.130081
370 0.000118 0.005161 220.000000 8.148149
370 0.000102 0.004829 240.000000 8.219178
370 0.000083 0.004959 260.000000 8.201893
370 0.000095 0.004980 280.000000 7.977208
380 0.000136 0.010323 20.000000 7.692307
380 0.000199 0.005959 40.000000 8.510638
380 0.000237 0.002990 60.000000 8.823529
380 0.000212 0.003134 80.000000 8.791209
380 0.000174 0.001907 100.000000 8.547009
380 0.000155 0.002679 120.000000 7.894737
380 0.000122 0.003268 140.000000 7.865169
380 0.000113 0.004128 160.000000 8.000000
380 0.000080 0.004554 180.000000 8.108109
380 0.000111 0.004535 200.000000 8.196721
380 0.000122 0.005155 220.000000 8.239700
380 0.000097 0.004705 240.000000 8.275862
380 0.000069 0.004499 260.000000 8.227848
380 0.000105 0.004055 280.000000 7.713499
390 0.000154 0.007679 20.000000 8.333333
390 0.000248 0.003777 40.000000 8.888889
390 0.000197 0.004858 60.000000 8.955224
390 0.000158 0.005921 80.000000 8.888889
390 0.000130 0.005784 100.000000 8.333333
390 0.000098 0.006436 120.000000 7.843137
390 0.000095 0.005907 140.000000 7.954545
390 0.000089 0.007080 160.000000 8.080808
390 0.000087 0.008410 180.000000 8.181818
390 0.000093 0.008478 200.000000 8.230453
390 0.000109 0.008028 220.000000 8.270677
390 0.000082 0.008560 240.000000 8.275862
390 0.000076 0.008650 260.000000 8.150470
390 0.000074 0.007530 280.000000 7.387863
400 0.000069 0.003972 20.000000 8.695652
400 0.000233 0.002362 40.000000 9.090909
400 0.000203 0.003544 60.000000 9.090909
400 0.000173 0.004463 80.000000 8.791209
400 0.000146 0.005008 100.000000 7.936508
400 0.000105 0.003555 120.000000 7.843137
400 0.000089 0.003575 140.000000 8.000000
400 0.000055 0.005008 160.000000 8.121827
400 0.000100 0.005936 180.000000 8.219178
400 0.000105 0.006108 200.000000 8.230453
400 0.000073 0.005625 220.000000 8.301887
400 0.000070 0.005724 240.000000 8.247422
400 0.000081 0.006179 260.000000 7.878788
410 0.000435 0.006763 20.000000 8.695652
410 0.000316 0.004203 40.000000 9.090909
410 0.000227 0.005710 60.000000 8.955224
410 0.000184 0.006733 80.000000 8.333333
410 0.000149 0.006693 100.000000 7.692307
410 0.000134 0.005885 120.000000 7.792208
410 0.000132 0.006713 140.000000 7.954545
410 0.000105 0.008256 160.000000 8.080808
410 0.000119 0.008375 180.000000 8.181818
410 0.000138 0.008523 200.000000 8.230453
410 0.000099 0.008559 220.000000 8.239700
410 0.000089 0.008191 240.000000 8.135593
410 0.000070 0.007672 260.000000 7.407407
420 0.000500 0.002722 20.000000 8.695652
420 0.000298 0.005896 40.000000 8.888889
420 0.000209 0.007260 60.000000 8.695652
420 0.000142 0.007791 80.000000 7.692307
420 0.000107 0.006090 100.000000 7.575758
420 0.000101 0.005064 120.000000 7.792208
420 0.000063 0.007381 140.000000 7.954545
420 0.000101 0.008232 160.000000 8.080808
420 0.000105 0.008084 180.000000 8.144796
420 0.000087 0.007252 200.000000 8.196721
420 0.000074 0.008080 220.000000 8.178438
420 0.000096 0.007792 240.000000 7.843137
430 0.000340 0.008227 20.000000 8.695652
430 0.000212 0.008985 40.000000 8.695652
430 0.000136 0.008231 60.000000 8.108109
430 0.000111 0.007467 80.000000 7.407407
430 0.000100 0.005494 100.000000 7.518797
430 0.000100 0.005766 120.000000 7.792208
430 0.000077 0.007734 140.000000 7.954545
430 0.000097 0.008242 160.000000 8.040201
430 0.000117 0.007847 180.000000 8.108109
430 0.000088 0.007579 200.000000 8.163265
430 0.000086 0.007232 220.000000 8.058608
430 0.000072 0.007860 240.000000 7.317073
440 0.000344 0.008972 20.000000 8.333333
440 0.000208 0.008691 40.000000 8.510638
440 0.000116 0.008966 60.000000 7.317073
440 0.000125 0.005692 80.000000 7.272727
440 0.000070 0.003563 100.000000 7.518797
440 0.000044 0.005226 120.000000 7.741935
440 0.000055 0.006805 140.000000 7.909605
440 0.000069 0.005372 160.000000 8.000000
440 0.000057 0.004032 180.000000 8.108109
440 0.000056 0.005991 200.000000 8.064516
440 0.000079 0.005578 220.000000 7.801418
450 0.000065 0.011273 20.000000 8.333333
450 0.000035 0.009843 40.000000 7.843137
450 0.000020 0.009471 60.000000 6.976744
450 0.000044 0.006735 80.000000 7.207207
450 0.000062 0.006681 100.000000 7.518797
450 0.000033 0.009376 120.000000 7.741935
450 0.000074 0.009455 140.000000 7.909605
450 0.000087 0.009183 160.000000 8.000000
450 0.000070 0.008388 180.000000 8.071749
450 0.000043 0.009487 200.000000 7.968128
450 0.000085 0.008765 220.000000 7.284768
460 0.000213 0.011781 20.000000 8.000000
460 0.000099 0.010488 40.000000 6.896552
460 0.000082 0.007345 60.000000 6.818182
460 0.000053 0.004513 80.000000 7.207207
460 0.000027 0.007817 100.000000 7.518797
460 0.000055 0.009114 120.000000 7.741935
460 0.000078 0.008151 140.000000 7.865169
460 0.000065 0.006746 160.000000 8.000000
460 0.000057 0.008204 180.000000 8.000000
460 0.000059 0.008601 200.000000 7.751938
470 0.000176 0.013203 20.000000 7.407407
470 0.000116 0.009197 40.000000 6.349206
470 0.000014 0.005587 60.000000 6.818182
470 0.000046 0.006272 80.000000 7.272727
470 0.000049 0.009236 100.000000 7.575758
470 0.000069 0.009382 120.000000 7.792208
470 0.000074 0.009453 140.000000 7.865169
470 0.000076 0.008443 160.000000 8.000000
470 0.000044 0.009191 180.000000 7.929515
470 0.000148 0.007391 200.000000 7.272727
480 0.000260 0.016787 20.000000 6.060606
480 0.000056 0.011544 40.000000 6.153846
480 0.000089 0.007983 60.000000 6.818182
480 0.000062 0.011169 80.000000 7.272727
480 0.000096 0.013211 100.000000 7.575758
480 0.000101 0.012049 120.000000 7.792208
480 0.000097 0.010794 140.000000 7.909605
480 0.000084 0.012306 160.000000 7.960199
480 0.000076 0.012700 180.000000 7.758621
480 0.000107 0.012054 200.000000 6.756757
490 0.000138 0.008878 20.000000 5.405406
490 0.000068 0.008517 40.000000 6.250000
490 0.000067 0.007130 60.000000 6.976744
490 0.000082 0.009895 80.000000 7.407407
490 0.000064 0.011849 100.000000 7.692307
490 0.000074 0.010572 120.000000 7.843137
490 0.000065 0.009466 140.000000 7.954545
490 0.000071 0.009879 160.000000 7.960199
490 0.000108 0.009477 180.000000 7.468880
500 0.000209 0.015264 20.000000 5.405406
500 0.000101 0.010036 40.000000 6.557377
500 0.000098 0.008233 60.000000 7.228916
500 0.000038 0.010677 80.000000 7.619048
500 0.000104 0.010021 100.000000 7.874016
500 0.000120 0.009514 120.000000 7.947020
500 0.000084 0.008222 140.000000 8.045977
500 0.000050 0.008904 160.000000 7.960199
500 0.000101 0.007691 180.000000 7.114625
510 0.000154 0.021162 20.000000 5.882353
510 0.000096 0.012481 40.000000 7.017544
510 0.000030 0.011732 60.000000 7.594937
510 0.000061 0.013647 80.000000 7.920792
510 0.000105 0.011012 100.000000 8.064516
510 0.000107 0.009735 120.000000 8.219178
510 0.000090 0.010224 140.000000 8.235294
510 0.000095 0.009756 160.000000 8.000000
510 0.000104 0.009489 180.000000 6.870229
520 0.000181 0.018152 20.000000 6.666667
520 0.000154 0.010614 40.000000 7.692307
520 0.000057 0.013069 60.000000 8.000000
520 0.000082 0.013739 80.000000 8.333333
520 0.000101 0.011896 100.000000 8.333333
520 0.000094 0.009638 120.000000 8.450705
520 0.000083 0.011630 140.000000 8.383233
520 0.000129 0.009712 160.000000 7.920792
530 0.000191 0.013161 20.000000 7.407407
530 0.000135 0.010271 40.000000 8.163265
530 0.000096 0.013549 60.000000 8.450705
530 0.000092 0.013525 80.000000 8.602151
530 0.000123 0.012566 100.000000 8.547009
530 0.000113 0.010870 120.000000 8.633094
530 0.000080 0.011794 140.000000 8.433735
530 0.000188 0.009154 160.000000 7.582938
540 0.000210 0.007653 20.000000 8.000000
540 0.000166 0.007937 40.000000 8.510638
540 0.000103 0.014488 60.000000 8.695652
540 0.000142 0.012009 80.000000 8.791209
540 0.000136 0.011568 100.000000 8.771930
540 0.000109 0.011483 120.000000 8.695652
540 0.000148 0.010759 140.000000 8.383233
540 0.000124 0.011579 160.000000 7.079646
550 0.000394 0.005177 20.000000 8.333333
550 0.000126 0.015495 40.000000 8.695652
550 0.000140 0.017341 60.000000 8.823529
550 0.000151 0.014949 80.000000 8.791209
550 0.000130 0.012825 100.000000 8.849558
550 0.000111 0.014582 120.000000 8.633094
550 0.000167 0.013154 140.000000 8.000000
560 0.000194 0.008326 20.000000 8.695652
560 0.000099 0.014004 40.000000 8.888889
560 0.000123 0.012324 60.000000 8.823529
560 0.000135 0.011421 80.000000 8.791209
560 0.000093 0.009728 100.000000 8.771930
560 0.000055 0.010810 120.000000 8.510638
560 0.000159 0.009914 140.000000 7.216495
570 0.000286 0.015438 20.000000 8.333333
570 0.000108 0.015359 40.000000 8.888889
570 0.000094 0.010463 60.000000 8.695652
570 0.000078 0.006325 80.000000 8.791209
570 0.000059 0.008798 100.000000 8.620689
570 0.000121 0.008610 120.000000 8.053691
580 0.000150 0.020461 20.000000 8.333333
580 0.000116 0.013497 40.000000 8.695652
580 0.000155 0.010172 60.000000 8.695652
580 0.000102 0.007917 80.000000 8.695652
580 0.000069 0.008719 100.000000 8.403361
580 0.000203 0.008313 120.000000 7.142857
590 0.000457 0.019549 20.000000 8.695652
590 0.000294 0.010552 40.000000 8.695652
590 0.000263 0.006383 60.000000 8.695652
590 0.000176 0.010569 80.000000 8.510638
590 0.000150 0.011788 100.000000 8.000000
590 0.000237 0.013765 120.000000 6.060606
600 0.000421 0.009147 20.000000 8.333333
600 0.000334 0.007627 40.000000 8.510638
600 0.000204 0.005111 60.000000 8.571428
600 0.000095 0.007366 80.000000 8.333333
600 0.000260 0.008912 100.000000 6.993007
610 0.000318 0.009667 20.000000 8.333333
610 0.000211 0.004369 40.000000 8.510638
610 0.000144 0.005152 60.000000 8.450705
610 0.000151 0.008354 80.000000 7.920792
610 0.000139 0.012600 100.000000 6.060606
620 0.000317 0.006290 20.000000 8.000000
620 0.000258 0.003821 40.000000 8.510638
620 0.000166 0.007002 60.000000 8.219178
620 0.000259 0.011110 80.000000 6.896552
630 0.000247 0.005472 20.000000 8.000000
630 0.000073 0.003404 40.000000 8.333333
630 0.000224 0.007468 60.000000 7.792208
630 0.000163 0.013274 80.000000 5.882353
640 0.000263 0.007030 20.000000 8.333333
640 0.000164 0.008070 40.000000 8.163265
640 0.000264 0.012849 60.000000 6.976744
650 0.000381 0.008593 20.000000 8.000000
650 0.000398 0.010515 40.000000 7.692307
650 0.000345 0.018846 60.000000 5.660378
660 0.000337 0.021390 20.000000 7.407407
660 0.000267 0.017757 40.000000 6.666667
670 0.000198 0.012924 20.000000 7.142857
670 0.000454 0.020274 40.000000 5.194805
680 0.000146 0.021254 20.000000 6.250000
680 0.000366 0.025368 40.000000 4.166667
690 0.000407 0.034736 20.000000 4.878049
700 0.000894 0.035062 20.000000 3.703704
710 0.000766 0.035439 20.000000 3.076923
