0.000000 -0.000000 0.000000 0.000000
0.287920 2.986691 0.277261 2.979040
0.971569 5.887651 0.923279 5.886497
2.050498 8.646240 1.977769 8.649140
3.483068 11.215600 3.427880 11.199850
5.252124 13.530580 5.180131 13.520220
7.315983 15.554830 7.209321 15.559510
9.617499 17.248350 9.524481 17.227070
12.138440 18.605410 11.995000 18.672100
14.845670 19.655580 14.699700 19.795220
17.710960 20.442900 17.566630 20.625480
20.708720 20.958900 20.582940 21.245280
23.853650 21.214680 23.757950 21.572920
27.127230 21.215640 27.067900 21.521060
30.502910 21.029600 30.466960 21.329850
33.942320 20.718590 33.948070 21.087100
37.526800 20.278900 37.606230 20.674330
41.305500 19.746480 41.460250 20.264720
45.281370 19.137530 45.520680 19.776690
49.442010 18.473180 49.751030 19.146200
53.784140 17.768220 54.184560 18.650730
58.319700 17.046980 58.783650 17.969580
63.045640 16.314830 63.577260 17.248260
67.933580 15.564290 68.522700 16.609370
72.949570 14.807080 73.589120 15.887930
78.112070 14.037650 78.789360 15.078270
83.403150 13.249300 84.105840 14.216080
88.827470 12.428430 89.556950 13.266550
94.384170 11.569350 95.155500 12.411120
100.052700 10.639880 100.845200 11.472420
105.791000 9.611618 106.591900 10.349420
111.620600 8.486629 112.434500 9.126183
117.518200 7.246929 118.360700 7.919349
123.481700 5.883248 124.376400 6.667572
129.500400 4.402279 130.393200 5.065567
135.583700 2.806947 136.487100 3.418990
141.730400 1.132152 142.663100 1.749325
147.930500 -0.644931 148.889300 -0.011185
154.181200 -2.533182 155.195700 -1.783962
160.473700 -4.525316 161.543500 -3.687461
166.825700 -6.614701 167.991300 -5.478582
173.224500 -8.806086 174.461200 -7.523979
179.671400 -11.085600 180.930100 -9.805867
186.169900 -13.447970 187.470100 -12.120540
192.708700 -15.908790 194.077500 -14.476880
199.295800 -18.474840 200.692500 -16.970160
205.877000 -21.127230 207.401700 -19.343380
212.474400 -23.878960 214.030300 -22.024660
219.085400 -26.695130 220.627200 -24.867370
225.674300 -29.566300 227.252500 -27.677700
232.258400 -32.511370 233.770800 -30.734460
238.826600 -35.515520 240.247600 -33.904320
245.357100 -38.591140 246.814200 -36.832830
251.842400 -41.746310 253.378700 -39.629000
258.295100 -44.977770 259.780400 -42.962570
264.734000 -48.300070 266.164400 -46.395250
271.174400 -51.720410 272.722400 -49.592330
277.658000 -55.253110 279.171500 -53.233520
284.188500 -58.892510 285.860600 -56.634200
290.770400 -62.649290 292.613100 -60.140800
297.421200 -66.505210 299.386600 -63.809720
304.114100 -70.451700 306.197200 -67.619210
310.871400 -74.512450 313.105000 -71.478420
317.638300 -78.729880 320.169200 -75.212720
324.412000 -83.100090 327.230400 -79.112060
331.147700 -87.570510 334.171900 -83.257350
337.838900 -92.151540 341.130500 -87.404670
344.489200 -96.836160 348.062000 -91.668110
351.109400 -101.590900 354.830100 -96.216160
357.680900 -106.441100 361.642800 -100.708000
364.205100 -111.363100 368.392700 -105.281700
370.654300 -116.349400 375.088600 -109.914100
377.044400 -121.373300 381.817200 -114.408400
383.353100 -126.497900 388.764800 -118.069700
389.648900 -131.627300 395.138700 -123.060600
395.838500 -136.824400 401.652100 -127.847700
401.977500 -142.068800 408.246900 -132.506200
408.063900 -147.386100 414.636600 -137.445200
414.119900 -152.725600 421.060300 -142.321000
420.140100 -158.070100 427.431500 -147.231500
426.135700 -163.442300 433.697500 -152.267100
432.096100 -168.831000 439.747200 -157.533500
438.042000 -174.202900 445.787500 -162.784500
444.039200 -179.520000 451.920600 -167.969300
450.064000 -184.791600 458.054700 -173.104200
456.158000 -189.992400 464.231900 -178.190800
462.246200 -195.183000 470.393400 -183.291600
468.350900 -200.337600 476.677700 -188.209100
474.468300 -205.478700 482.697500 -193.466500
480.606000 -210.588600 488.763600 -198.657400
486.757700 -215.677000 494.944600 -203.704000
492.916600 -220.757600 501.135800 -208.745800
499.072200 -225.827000 507.373000 -213.730000
505.239000 -230.914300 513.469800 -218.884400
511.393900 -235.996900 519.535500 -224.065200
517.549300 -241.076200 525.596700 -229.248700
523.710600 -246.155700 531.693500 -234.404500
529.865100 -251.222800 537.861700 -239.465400
536.037700 -256.292500 543.977000 -244.590900
542.213600 -261.366100 550.063500 -249.767600
548.376000 -266.436600 556.117200 -254.984300
554.549300 -271.525400 562.202100 -260.173400
560.720400 -276.614600 568.308400 -265.348500
566.895900 -281.702100 574.256400 -270.689200
573.077300 -286.787100 580.463000 -275.753800
579.254000 -291.852900 586.411900 -281.081800
585.438300 -296.913900 592.988000 -284.959000
591.610800 -301.938300 598.927600 -290.211800
597.802700 -306.948800 604.998200 -295.373400
604.002400 -311.952300 610.845000 -300.674200
610.204100 -316.963500 616.784000 -305.991700
616.401400 -321.978100 622.715200 -311.311100
622.606700 -326.989100 628.880500 -316.376500
628.813800 -331.994200 634.772300 -321.763300
635.032400 -336.999800 640.856200 -326.912600
641.237400 -341.988600 646.965100 -332.032200
647.445400 -346.968600 653.143800 -337.052900
653.662300 -351.935500 659.340500 -342.051200
659.877900 -356.880600 665.485300 -347.100300
666.112000 -361.828900 671.628400 -352.159400
672.350500 -366.769500 677.718100 -357.294400
678.587600 -371.720300 683.896500 -362.322100
684.819800 -376.684200 690.046800 -367.386600
691.040800 -381.648800 696.135800 -372.518700
697.271000 -386.614300 702.046300 -377.840900
703.506500 -391.568600 707.761700 -383.376100
709.744100 -396.517700 714.102200 -388.187500
715.983900 -401.433800 720.224600 -393.226200
722.229600 -406.329600 726.343600 -398.290100
728.498300 -411.207700 732.515800 -403.296000
734.766400 -416.073400 738.363900 -408.588100
741.047900 -420.934000 744.629000 -413.465500
747.328900 -425.791700 750.488200 -418.817600
753.611600 -430.654100 756.458300 -424.030700
759.909100 -435.497600 762.697700 -428.954400
766.234600 -440.329500 768.972300 -433.835200
772.573000 -445.140400 775.260800 -438.711600
778.917600 -449.932200 781.627900 -443.447800
785.270600 -454.711000 787.992400 -448.185900
791.604400 -459.487600 794.315000 -452.961200
797.914000 -464.271400 800.502800 -457.886000
804.202800 -469.044800 806.610500 -462.874600
810.490200 -473.819600 812.934700 -467.601000
816.791500 -478.590500 819.060300 -472.589500
823.116400 -483.340400 825.186000 -477.595500
829.464500 -488.061400 831.414800 -482.449600
835.854100 -492.776100 837.202000 -487.873600
842.262300 -497.485400 843.441000 -492.823300
848.682700 -502.196400 850.000500 -497.328900
855.114700 -506.913500 856.374800 -502.142400
861.557000 -511.637000 862.343200 -507.423800
868.011600 -516.355400 868.212000 -512.832600
874.441900 -521.049300 874.345300 -517.874900
880.882200 -525.706500 880.663300 -522.677000
887.323800 -530.307900 886.769300 -527.694500
893.755000 -534.861900 888.890200 -529.243700
900.174200 -539.374300 886.923000 -527.532300
906.591000 -543.848100 880.780000 -522.724100
912.989900 -548.291900 878.737500 -521.125300
919.400600 -552.731200 885.012300 -525.766300
925.806600 -557.125700 887.194300 -524.296800
932.226300 -561.535200 885.325400 -522.468100
938.632500 -565.932700 891.365900 -527.386500
945.057500 -570.322000 893.443400 -528.869500
951.507700 -574.710200 899.528500 -533.761600
957.980400 -579.074900 906.024500 -536.320900
964.464000 -583.424600 912.059100 -541.305800
970.963300 -587.758200 914.043000 -543.008000
977.455300 -592.093300 920.040300 -548.019800
983.961700 -596.421100 925.988500 -553.100500
990.461700 -600.766400 931.946800 -558.159100
996.966300 -605.096100 937.682000 -563.460500
1003.471000 -609.407800 943.496900 -568.659500
1009.973000 -613.695400 949.492200 -573.635200
1016.458000 -617.959200 953.799900 -579.497600
1022.925000 -622.217200 958.923000 -585.063200
1029.367000 -626.452700 964.727000 -590.129500
1035.804000 -630.641600 970.513100 -595.144100
1042.231000 -634.798800 976.491400 -599.903600
1048.656000 -638.946200 982.434700 -604.685400
1055.084000 -643.051500 987.842100 -610.023100
1061.525000 -647.144100 993.658700 -614.820500
1067.966000 -651.185500 1000.085000 -618.209900
1074.401000 -655.235300 1006.155000 -622.795100
1080.840000 -659.293400 1012.082000 -627.564300
1087.270000 -663.328400 1018.167000 -632.098900
1093.718000 -667.347400 1024.192000 -636.725800
1100.195000 -671.340900 1030.610000 -640.687100
1106.668000 -675.317100 1036.949000 -644.854600
1113.157000 -679.272000 1042.896000 -649.597500
1119.659000 -683.201000 1049.495000 -652.553400
1126.198000 -687.131900 1055.681000 -657.034900
1132.753000 -691.046400 1061.738000 -661.701900
1139.341000 -694.955400 1067.816000 -666.330700
1145.954000 -698.852200 1074.031000 -670.846500
1152.585000 -702.740800 1080.245000 -675.393800
1159.229000 -706.637800 1086.479000 -679.932000
1165.886000 -710.538400 1092.677000 -684.543300
1172.562000 -714.459000 1099.021000 -689.001000
1179.271000 -718.394000 1105.284000 -693.654900
1186.021000 -722.344800 1111.519000 -698.398300
1192.784000 -726.294800 1117.844000 -703.067800
1199.585000 -730.258400 1124.219000 -707.714900
1206.417000 -734.212600 1130.625000 -712.347400
1213.283000 -738.159200 1137.028000 -717.021200
1220.173000 -742.105200 1143.537000 -721.582700
1227.101000 -746.027900 1150.046000 -726.180600
1234.074000 -749.929400 1156.496000 -730.920100
1241.082000 -753.823500 1163.164000 -735.378200
1248.123000 -757.717500 1169.739000 -740.041700
1255.209000 -761.611600 1176.404000 -744.654100
1262.318000 -765.501500 1182.951000 -749.483500
1269.473000 -769.393200 1189.579000 -754.208700
1276.670000 -773.287000 1196.386000 -758.757500
1283.885000 -777.170800 1203.107000 -763.445000
1291.103000 -781.040700 1209.850000 -768.092100
1298.329000 -784.899000 1216.603000 -772.734600
1305.561000 -788.742100 1223.380000 -777.309600
1312.794000 -792.571300 1230.090000 -782.001100
1320.032000 -796.384600 1236.848000 -786.602800
1327.287000 -800.172300 1243.628000 -791.187100
1334.542000 -803.950000 1250.391000 -795.780100
1341.797000 -807.723100 1257.162000 -800.339800
1349.058000 -811.481900 1263.982000 -804.849100
1356.319000 -815.232700 1270.777000 -809.372100
1363.568000 -818.960500 1277.562000 -813.851400
1370.797000 -822.663500 1284.356000 -818.281500
1378.014000 -826.342400 1291.101000 -822.753900
1385.241000 -830.002800 1297.852000 -827.204500
1392.473000 -833.639800 1304.583000 -831.681500
1399.712000 -837.258600 1311.240000 -836.261500
1406.940000 -840.856000 1318.005000 -840.641700
1414.145000 -844.419900 1324.800000 -844.900300
1421.338000 -847.958700 1331.486000 -849.296100
1428.540000 -851.473700 1338.181000 -853.666600
1435.735000 -854.974700 1344.914000 -857.964000
1442.936000 -858.462100 1351.501000 -862.467400
1450.116000 -861.922600 1358.107000 -866.896900
1457.288000 -865.353900 1364.685000 -871.316700
1464.432000 -868.758100 1371.356000 -875.527300
1471.550000 -872.135000 1377.988000 -879.750500
1478.642000 -875.485100 1384.555000 -883.993100
1485.696000 -878.796500 1391.187000 -888.033100
1492.712000 -882.085000 1397.697000 -892.180100
1499.686000 -885.346400 1404.147000 -896.325200
1506.608000 -888.579300 1410.559000 -900.449100
1513.510000 -891.787400 1416.897000 -904.614000
1520.388000 -894.966500 1423.273000 -908.676400
1527.242000 -898.117000 1429.461000 -912.951500
1534.067000 -901.240100 1435.812000 -916.903600
1540.873000 -904.334900 1442.084000 -920.922100
1547.641000 -907.393900 1444.595000 -921.715700
1554.374000 -910.425200 1450.702000 -925.820600
1561.071000 -913.426300 1457.092000 -929.366500
1567.716000 -916.424100 1463.616000 -930.675900
1574.331000 -919.426300 1469.630000 -934.719500
1580.910000 -922.431500 1475.658000 -938.708100
1587.477000 -925.449400 1481.811000 -942.423000
1593.998000 -928.484000 1487.623000 -946.611200
1600.456000 -931.552300 1493.603000 -950.474400
1606.851000 -934.653500 1499.255000 -954.735900
1613.177000 -937.795300 1504.830000 -958.994500
1619.446000 -940.960600 1510.424000 -963.185100
1625.639000 -944.138700 1516.088000 -967.167400
1631.780000 -947.302000 1521.606000 -971.261500
1637.876000 -950.461600 1526.897000 -975.593100
1643.920000 -953.598100 1531.984000 -980.033200
1649.931000 -956.702500 1537.400000 -984.038000
1655.907000 -959.742900 1539.049000 -985.592700
1661.857000 -962.732200 1540.488000 -987.426200
1667.828000 -965.652000 1545.048000 -992.043600
1673.786000 -968.517000 1550.390000 -995.940200
1679.740000 -971.331200 1555.648000 -999.869400
1685.682000 -974.128800 1557.368000 -1001.211000
1691.585000 -976.910500 1562.629000 -1005.042000
1697.460000 -979.678900 1567.926000 -1008.778000
1703.321000 -982.431100 1569.740000 -1009.978000
1709.144000 -985.145100 1575.033000 -1013.586000
1714.950000 -987.831400 1580.151000 -1017.403000
1720.748000 -990.466700 1581.704000 -1018.851000
1726.528000 -993.063100 1586.737000 -1022.669000
1732.261000 -995.615600 1591.722000 -1026.437000
1737.915000 -998.126400 1596.590000 -1030.186000
1743.475000 -1000.590000 1601.440000 -1033.797000
1748.971000 -1002.990000 1606.274000 -1037.303000
1754.388000 -1005.375000 1611.125000 -1040.661000
1759.751000 -1007.751000 1615.784000 -1044.171000
1764.998000 -1010.123000 1620.380000 -1047.571000
1770.113000 -1012.467000 1624.946000 -1050.770000
1775.097000 -1014.785000 1629.251000 -1054.124000
1779.954000 -1017.080000 1633.581000 -1057.216000
1784.649000 -1019.347000 1637.572000 -1060.485000
1789.178000 -1021.604000 1641.436000 -1063.666000
1793.508000 -1023.881000 1645.185000 -1066.752000
1797.645000 -1026.269000 1648.707000 -1069.929000
1801.573000 -1028.814000 1651.947000 -1073.273000
1805.302000 -1031.525000 1655.056000 -1076.657000
1808.823000 -1034.439000 1657.829000 -1080.290000
1812.120000 -1037.563000 1660.340000 -1083.995000
1815.169000 -1040.921000 1662.574000 -1087.944000
1817.931000 -1044.484000 1664.490000 -1092.026000
1820.326000 -1048.207000 1666.046000 -1096.247000
1822.465000 -1052.152000 1667.344000 -1100.551000
1824.255000 -1056.260000 1668.189000 -1104.962000
1825.688000 -1060.491000 1668.683000 -1109.407000
1826.758000 -1064.825000 1668.825000 -1113.887000
1827.464000 -1069.230000 1668.555000 -1118.360000
1827.812000 -1073.687000 1667.912000 -1122.761000
1827.812000 -1078.165000 1666.878000 -1127.148000
1827.468000 -1082.643000 1665.750000 -1131.524000
1826.704000 -1087.072000 1664.233000 -1135.795000
1825.633000 -1091.489000 1662.048000 -1139.790000
1824.183000 -1095.811000 1659.631000 -1143.678000
1822.357000 -1099.995000 1656.909000 -1147.357000
1820.139000 -1103.994000 1653.859000 -1150.786000
1817.589000 -1107.799000 1650.605000 -1154.006000
1814.723000 -1111.351000 1647.024000 -1156.874000
1811.551000 -1114.626000 1643.203000 -1159.354000
1808.088000 -1117.606000 1639.171000 -1161.530000
1804.284000 -1120.246000 1634.898000 -1163.264000
1800.315000 -1122.623000 1630.493000 -1164.742000
1796.124000 -1124.692000 1625.908000 -1165.695000
1791.742000 -1126.471000 1621.221000 -1166.407000
1787.194000 -1127.955000 1616.449000 -1166.953000
1782.506000 -1129.180000 1611.587000 -1167.202000
1777.702000 -1130.193000 1606.657000 -1167.062000
1772.797000 -1131.038000 1601.650000 -1166.916000
1767.796000 -1131.740000 1596.603000 -1166.521000
1762.736000 -1132.348000 1591.531000 -1166.025000
1757.655000 -1132.885000 1586.458000 -1165.416000
1752.565000 -1133.366000 1581.367000 -1164.936000
1747.458000 -1133.818000 1576.270000 -1164.415000
1742.342000 -1134.251000 1571.172000 -1163.792000
1737.220000 -1134.667000 1566.081000 -1163.141000
1732.115000 -1135.064000 1561.021000 -1162.501000
1727.075000 -1135.441000 1556.020000 -1161.928000
1722.082000 -1135.788000 1551.077000 -1161.324000
1717.161000 -1136.086000 1546.221000 -1160.664000
1712.341000 -1136.271000 1541.503000 -1159.860000
1707.613000 -1136.285000 1536.937000 -1158.914000
1703.031000 -1136.085000 1532.551000 -1157.760000
1698.586000 -1135.613000 1528.354000 -1156.357000
1694.241000 -1134.791000 1524.308000 -1154.597000
1689.991000 -1133.671000 1520.391000 -1152.622000
1685.870000 -1132.171000 1516.631000 -1150.201000
1681.961000 -1130.284000 1513.246000 -1147.499000
1678.306000 -1127.996000 1510.239000 -1144.430000
1674.826000 -1125.267000 1507.558000 -1141.092000
1671.787000 -1122.274000 1505.255000 -1137.503000
1669.099000 -1118.972000 1503.336000 -1133.705000
1666.783000 -1115.408000 1501.400000 -1129.927000
1664.817000 -1111.609000 1501.438000 -1126.009000
1663.209000 -1107.637000 1502.484000 -1123.168000
1661.958000 -1103.507000 1503.661000 -1120.607000
1661.115000 -1099.284000 1499.881000 -1118.786000
1660.724000 -1094.939000 1496.866000 -1115.859000
1660.665000 -1090.516000 1495.660000 -1112.080000
1661.140000 -1086.159000 1495.147000 -1107.764000
1662.049000 -1081.841000 1496.592000 -1105.676000
1663.374000 -1077.556000 1498.057000 -1101.794000
1665.055000 -1073.325000 1499.671000 -1100.450000
1667.040000 -1069.131000 1503.210000 -1099.997000
1669.233000 -1064.989000 1505.811000 -1099.741000
1671.640000 -1060.840000 1509.222000 -1099.251000
1674.135000 -1056.683000 1512.309000 -1097.258000
1676.716000 -1052.451000 1515.603000 -1098.219000
1679.381000 -1048.145000 1519.177000 -1096.542000
