0.000000 -0.000000 0.000000 0.000000
0.003267 4.566315 0.018533 4.549093
-0.031716 9.099118 -0.100091 9.064236
-0.081952 13.587370 -0.160903 13.539810
-0.172757 18.042800 -0.228819 17.980890
-0.267875 22.451640 -0.412751 22.369670
-0.358400 26.802010 -0.582197 26.693420
-0.442803 31.082040 -0.704570 30.950740
-0.523018 35.271990 -0.752537 35.097590
-0.611006 39.330190 -0.810605 39.111760
-0.673187 43.239550 -0.849412 42.959260
-0.695957 46.977480 -0.844054 46.653760
-0.690361 50.605530 -0.718870 50.244170
-0.609462 54.132960 -0.601785 53.733840
-0.411112 57.531050 -0.351969 57.092310
-0.030280 60.807340 0.024129 60.328510
0.568852 63.940690 0.673337 63.415160
1.400581 66.903860 1.477389 66.347110
2.445156 69.702430 2.373451 69.157100
3.697183 72.300100 3.611304 71.744150
5.171922 74.740420 5.113850 74.137720
6.852965 76.941870 6.827374 76.286060
8.750799 78.905900 8.547029 78.375820
10.823450 80.634320 10.632550 80.076260
13.066210 82.178440 12.872140 81.672830
15.504950 83.526400 15.399940 82.843120
18.101340 84.588810 17.950580 84.035490
20.853170 85.339470 20.731760 84.734010
23.704110 85.757740 23.591230 85.119760
26.596700 85.903500 26.505220 85.233780
29.539120 85.860020 29.448730 85.137400
32.495530 85.669740 32.416650 84.902950
35.473920 85.419290 35.412010 84.707020
38.479390 85.150930 38.429760 84.439500
41.523140 84.840110 41.487680 84.190170
44.591610 84.512730 44.573400 83.871780
47.698590 84.159740 47.686710 83.473180
50.851300 83.780360 50.846900 83.044960
54.021280 83.370120 54.030740 82.639370
57.236480 82.963200 57.252780 82.260240
60.484150 82.564450 60.533040 81.866150
63.801630 82.126570 63.837780 81.366640
67.115350 81.671290 67.159690 80.915980
70.485000 81.248710 70.552760 80.543830
73.889090 80.831410 73.961260 80.157500
77.339480 80.402860 77.426830 79.750990
80.814430 79.981940 80.917850 79.353100
84.311560 79.560560 84.412600 78.970380
87.843140 79.132970 87.952140 78.513870
91.452740 78.712050 91.585550 78.087100
95.109110 78.302620 95.247690 77.644260
98.802080 77.939830 98.944630 77.254320
102.537600 77.577720 102.677900 76.855360
106.283100 77.182590 106.420400 76.437820
110.001900 76.763780 110.124500 76.028770
113.690700 76.253080 113.798100 75.501440
117.341000 75.581300 117.436700 74.838880
120.903700 74.751300 120.978400 73.997980
124.437500 73.785660 124.488400 73.006890
127.882800 72.651860 127.911400 71.852680
131.253600 71.361680 131.224900 70.468170
134.528800 69.931300 134.471300 68.988800
137.742000 68.328450 137.680500 67.359540
140.926800 66.546730 140.904800 65.655270
144.031200 64.574810 144.012100 63.686460
147.051200 62.406270 146.966600 61.423920
149.969500 60.049300 149.893300 59.081880
152.781800 57.504160 152.722400 56.543080
155.436800 54.746640 155.432100 53.813680
157.947400 51.752940 157.880200 50.775390
160.279800 48.634580 160.085400 47.592780
162.349000 45.353340 162.110700 44.304990
164.179800 41.946720 163.886700 40.879310
165.830900 38.447790 165.492200 37.374410
167.335400 34.861970 166.969200 33.790510
168.691200 31.242820 168.274300 30.158710
169.969500 27.582240 169.590400 26.528350
171.127300 23.900190 170.841100 22.884700
172.263200 20.221330 172.124600 19.294060
173.377000 16.599090 173.333500 15.707480
174.627000 13.004350 174.579600 12.116670
175.942500 9.442182 175.838200 8.556926
177.356800 5.917093 177.317500 5.051641
178.928800 2.434985 178.903700 1.565418
180.675800 -0.971876 180.582400 -1.852923
182.554400 -4.252484 182.426100 -5.110603
184.560700 -7.384682 184.367000 -8.259958
186.750900 -10.368790 186.555700 -11.223730
189.116500 -13.135630 188.949400 -13.919800
191.665700 -15.656880 191.489800 -16.424010
194.385900 -17.931220 194.253600 -18.618220
197.226100 -19.980800 197.125600 -20.596400
200.271800 -21.743030 200.172200 -22.332800
203.448300 -23.203180 203.350900 -23.769110
206.758900 -24.325190 206.698000 -24.832110
210.184300 -25.068170 210.113500 -25.530650
213.630700 -25.424490 213.564600 -25.891530
217.117000 -25.407460 217.033700 -25.856430
220.571900 -25.039820 220.503000 -25.553850
224.021200 -24.363710 223.982200 -24.978300
227.429900 -23.372920 227.387700 -23.965990
230.747500 -22.058700 230.694800 -22.614810
233.928400 -20.443850 233.914300 -21.005280
237.019600 -18.526770 237.024000 -19.109670
239.961000 -16.355940 239.902100 -16.840450
242.779800 -13.984550 242.729500 -14.460760
245.458500 -11.414060 245.432900 -11.895110
247.997000 -8.674394 248.037200 -9.202742
250.390600 -5.759310 250.521200 -6.337558
252.655600 -2.686673 252.829100 -3.270843
254.806500 0.534019 255.055800 -0.080713
256.864000 3.862410 257.166000 3.243564
258.884400 7.263272 259.224000 6.644036
260.877600 10.718320 261.286200 10.074690
262.828700 14.222610 263.308500 13.544120
264.741600 17.745920 265.342100 17.000080
266.637600 21.266150 267.300700 20.491180
268.527700 24.786100 269.238900 23.991910
270.375000 28.334210 271.284800 27.426280
272.219500 31.917810 273.195800 31.006330
274.124700 35.502240 275.082100 34.608790
276.050500 39.060050 277.027300 38.160370
277.989700 42.665330 279.084700 41.720320
279.912600 46.301830 281.027700 45.345670
281.775800 49.949900 282.989600 48.916670
283.563100 53.532720 284.916800 52.412990
285.356500 57.056770 286.707700 55.919680
287.075600 60.536460 288.564100 59.297350
288.712000 63.954910 290.392800 62.582540
290.293900 67.289100 291.990900 65.884080
291.871100 70.559820 293.746900 69.060120
293.538100 73.753600 295.512100 72.203380
295.351100 76.864560 297.253000 75.355320
297.261700 79.892800 299.200100 78.365940
299.367900 82.771990 301.276100 81.251130
301.654700 85.444430 303.704000 83.781840
304.129900 87.873730 306.157700 86.187050
306.795800 90.009740 308.764500 88.357110
309.610300 91.815310 311.522200 90.218980
312.540600 93.287990 314.478000 91.642920
315.589700 94.424870 317.561600 92.687420
318.731100 95.231100 320.697800 93.470850
321.947000 95.719040 323.934100 93.929190
325.202000 95.875140 327.182600 94.014730
328.404100 95.672520 330.339800 93.796050
331.635400 95.086030 333.606700 93.188330
334.756200 94.171900 336.653600 92.232950
337.636900 92.963350 339.506900 90.970980
340.363200 91.461070 342.230300 89.468810
342.964100 89.692180 344.822300 87.629550
345.403300 87.579170 347.120800 85.331700
347.592200 85.092570 349.242100 82.766220
349.463400 82.321490 351.045300 79.966840
351.002500 79.397790 352.540800 77.056460
352.204000 76.402830 353.708900 74.074600
353.107800 73.306490 354.608900 70.958240
353.811200 70.096650 355.347500 67.762360
354.464700 66.889050 356.006700 64.553860
355.047400 63.664610 356.583700 61.341140
355.500500 60.449100 357.059100 58.153620
355.866900 57.296080 357.435400 55.031780
356.198500 54.208160 357.778800 51.976590
356.525800 51.221050 358.156100 49.040850
356.961300 48.369400 358.581600 46.252160
357.538900 45.752540 359.119700 43.704890
358.275300 43.388830 359.774600 41.365610
359.266800 41.238890 360.696000 39.222480
360.571800 39.373830 361.961700 37.357120
362.156300 37.835540 363.556500 35.859320
363.974400 36.638300 365.339300 34.677970
366.080400 35.761110 367.504900 33.732220
368.547300 35.234490 370.035100 33.128690
371.148400 35.045060 372.700300 32.972460
373.899500 35.175270 375.488800 33.054890
376.698100 35.611110 378.304500 33.432580
379.470900 36.322790 381.088800 34.065810
382.212100 37.294470 383.864700 34.962150
384.867700 38.517990 386.545000 36.141880
387.364100 39.991850 389.102800 37.574170
389.701500 41.780710 391.522000 39.265730
391.802700 43.839190 393.636800 41.319750
393.689400 46.099010 395.529200 43.563210
395.383900 48.474340 397.342100 45.842020
396.942200 50.928340 398.986600 48.227450
398.325500 53.450140 400.451200 50.700590
399.544900 56.052550 401.706700 53.290980
400.579700 58.728940 402.939700 55.883170
401.390700 61.486590 403.864900 58.626840
401.978000 64.333130 404.575100 61.455890
402.335300 67.250270 405.018300 64.387660
402.474600 70.259740 405.337000 67.411540
402.447300 73.356030 405.350500 70.532780
402.341800 76.540880 405.324300 73.752860
402.228800 79.805450 405.299800 77.045290
402.075400 83.156280 405.171500 80.436420
401.927800 86.597120 404.994800 83.886820
401.721900 90.113350 404.778900 87.443480
401.455800 93.737450 404.499700 91.094990
401.169200 97.438860 404.251300 94.818310
400.835400 101.196700 404.076600 98.605130
400.479100 104.981000 403.812800 102.396900
400.086700 108.745200 403.495000 106.160200
399.638200 112.493800 403.113500 109.921600
399.138700 116.226700 402.668800 113.653700
398.603300 119.924700 402.214100 117.361000
398.025400 123.612000 401.735100 121.071500
397.409200 127.314800 401.216000 124.789800
396.829000 131.013100 400.742000 128.505200
396.222300 134.687900 400.134400 132.159500
395.601900 138.281700 399.653800 135.766800
395.033400 141.881600 399.235900 139.387500
394.483600 145.487500 398.845100 143.010600
393.961300 149.091800 398.455200 146.644700
393.456700 152.724500 398.065200 150.297800
392.964400 156.362200 397.712900 153.961800
392.473900 160.012200 397.295500 157.631000
391.988000 163.681600 397.020000 161.326200
391.511200 167.360500 396.615000 165.023600
391.037700 171.040400 396.269600 168.730800
390.574400 174.743200 395.911600 172.451900
390.110100 178.440800 395.574600 176.168100
389.662900 182.147700 395.220800 179.898700
389.244100 185.891700 395.005100 183.687600
388.894800 189.677500 394.733200 187.479300
388.606000 193.461200 394.612000 191.270300
388.392800 197.250000 394.508200 195.076000
388.242200 201.058600 394.489000 198.882900
388.167200 204.843700 394.499300 202.686100
388.164900 208.656700 394.579800 206.500400
388.225800 212.467100 394.792300 210.306300
388.337900 216.277100 395.058400 214.116600
388.518500 220.100100 395.353400 217.939500
388.781300 223.924000 395.807900 221.756700
389.110400 227.762200 396.254400 225.584500
389.519500 231.600300 396.858300 229.407000
390.000700 235.455300 397.432900 233.262200
390.533100 239.323100 398.081100 237.125200
391.126500 243.191800 398.889500 240.963000
391.817200 247.082900 399.695800 244.841500
392.446500 250.991000 400.627300 248.714500
393.192700 254.933200 401.674500 252.608000
394.129800 258.841200 402.736900 256.491700
395.212400 262.725700 403.941300 260.343900
396.381300 266.559900 405.273200 264.104600
397.591700 270.309200 406.560500 267.816500
398.915600 273.988100 407.924200 271.469100
400.261600 277.620100 409.321200 275.076800
401.674900 281.230100 410.729700 278.693000
403.099300 284.836200 412.196300 282.268700
404.552600 288.368900 413.706500 285.758600
405.981400 291.858600 415.154800 289.218000
407.396700 295.286300 416.655600 292.586700
408.787500 298.654400 418.090100 295.914100
410.160300 301.970700 419.628900 299.136200
411.532700 305.248600 421.049900 302.395400
412.910200 308.514300 422.480600 305.641000
414.286500 311.815200 423.858500 308.952200
415.632400 315.158100 425.329600 312.260800
416.955300 318.554600 426.835400 315.589000
418.356500 321.950200 428.336200 318.969400
419.919100 325.360500 430.033300 322.336700
421.619500 328.772700 431.972100 325.655400
423.465300 332.205100 433.883300 329.064000
425.389400 335.648500 435.894700 332.472700
427.393700 339.062100 437.983000 335.829300
429.441400 342.427400 440.144500 339.108100
431.502800 345.736000 442.298400 342.344300
433.555500 349.037600 444.362500 345.641000
435.647400 352.345100 446.528400 348.915400
437.737700 355.673900 448.676600 352.200100
439.858900 359.019800 450.870200 355.500500
441.938400 362.354800 453.113200 358.728400
444.011500 365.707600 455.263400 362.022800
446.074200 369.043000 457.338000 365.349500
448.108100 372.393000 459.370100 368.685700
450.106200 375.748500 461.486100 371.953200
452.077600 379.076100 463.613200 375.177600
454.072700 382.382200 465.796100 378.363500
456.149900 385.671800 468.018800 381.578300
458.224600 388.968400 470.166200 384.800400
460.351800 392.205600 472.360600 387.990600
462.503100 395.388100 474.600100 391.054300
464.568500 398.419600 476.668900 394.017900
466.632000 401.347200 478.815300 396.863400
468.654400 404.221700 480.866900 399.688200
470.657600 407.038900 482.915700 402.448700
472.677800 409.783700 485.031700 405.092500
474.657200 412.487100 487.060100 407.728800
476.592600 415.139500 489.046500 410.300500
478.496300 417.710700 490.940000 412.853000
480.372100 420.213300 492.828400 415.299200
482.195400 422.602900 494.676200 417.602600
483.955500 424.843700 496.454700 419.757300
485.628500 426.923600 498.211100 421.663900
487.190800 428.865800 499.713600 423.609300
488.699400 430.731200 501.158500 425.465000
490.108000 432.491800 502.562000 427.160800
491.375400 434.138900 503.805000 428.743800
492.521700 435.661300 504.907600 430.235300
493.585300 437.088500 505.982900 431.629300
494.601900 438.498800 507.054100 432.987400
495.493900 439.942600 508.010000 434.385400
496.198400 441.455900 508.682300 435.907000
496.643000 443.038900 509.158800 437.476400
496.894900 444.688300 509.416800 439.085700
496.838300 446.434300 509.562500 440.868100
496.587000 448.236400 509.384800 442.712900
496.020500 450.035800 508.865800 444.584500
495.316800 451.880800 508.163100 446.456000
494.382600 453.714700 507.274500 448.340700
493.357500 455.591800 506.272100 450.262100
492.259600 457.525200 505.210300 452.243700
491.138900 459.531700 504.065300 454.263100
489.968800 461.583000 502.944500 456.362400
488.778600 463.722100 501.782500 458.573600
487.527700 465.987400 500.532400 460.877600
486.241900 468.332900 499.264100 463.262800
484.929200 470.750300 497.940900 465.691400
483.595100 473.196800 496.624600 468.162900
482.240900 475.680400 495.256600 470.636100
480.881200 478.179700 493.942400 473.187100
479.506700 480.715200 492.561900 475.718500
478.139700 483.249600 491.168200 478.227900
476.741800 485.776600 489.695000 480.750100
475.327000 488.358200 488.267300 483.312000
473.905700 490.923000 486.892100 485.910400
472.463600 493.499100 485.487700 488.509200
471.030900 496.048700 484.156500 491.072800
469.654400 498.493900 482.810300 493.503000
468.311000 500.883700 481.508100 495.894900
467.003300 503.201000 480.241400 498.179300
465.767600 505.385700 479.099900 500.352000
464.618000 507.421200 478.023000 502.359500
463.563200 509.303500 476.970200 504.174900
462.581700 511.077100 476.038900 505.963200
461.620900 512.827500 475.115600 507.710200
460.698800 514.516100 474.263100 509.398000
459.825600 516.111800 473.448100 510.975100
459.035800 517.582500 472.709400 512.405100
458.312900 518.912300 471.956300 513.677500
457.589200 520.176600 471.241300 514.945400
456.756600 521.359000 470.468100 516.170100
455.798000 522.446500 469.557800 517.293300
454.695200 523.354600 468.526200 518.238300
453.456700 523.963300 467.263100 518.892000
452.010000 524.448000 465.781800 519.463000
450.370300 524.664900 464.141300 519.821300
448.645800 524.629300 462.385100 519.782200
446.853700 524.242200 460.524300 519.443800
445.001300 523.578900 458.575500 518.805700
443.053700 522.715000 456.582000 517.948800
441.070200 521.621600 454.557700 516.885500
439.068600 520.385000 452.518000 515.667200
437.067600 519.079900 450.476300 514.434100
435.131900 517.711100 448.501000 513.120200
433.248700 516.276400 446.576200 511.736300
431.409100 514.772600 444.686500 510.300600
429.653800 513.188400 442.907300 508.764100
427.979000 511.552500 441.139100 507.232000
426.376200 509.872800 439.494200 505.625300
424.896200 508.159600 437.928900 503.994000
423.477300 506.386900 436.476800 502.266700
422.151700 504.603800 435.072200 500.541100
420.895300 502.757100 433.724500 498.751700
419.698800 500.847600 432.414300 496.915000
418.553100 498.879100 431.166200 494.996200
417.436100 496.852200 430.029200 492.968300
416.341100 494.769800 428.831700 490.925900
415.299400 492.613200 427.688100 488.803800
414.283100 490.400400 426.537000 486.656500
413.291100 488.174100 425.485600 484.455200
412.307400 485.928500 424.418300 482.235400
411.321100 483.659600 423.413300 479.981200
410.385800 481.369500 422.395300 477.722600
409.484300 479.070200 421.402100 475.459700
408.605900 476.771200 420.489100 473.185900
407.747600 474.482200 419.551200 470.933500
406.916200 472.194500 418.637600 468.684600
406.106200 469.923800 417.756600 466.458100
405.321800 467.714100 416.918800 464.303600
404.581200 465.613200 416.130500 462.270800
403.881000 463.647100 415.399600 460.373700
403.196100 461.842900 414.759300 458.588200
402.563700 460.074300 414.043300 456.853800
401.946900 458.305600 413.451500 455.079800
401.296600 456.548600 412.682900 453.363300
400.651300 454.770400 411.970300 451.610600
399.996700 452.984700 411.210900 449.850500
399.329600 451.125900 410.436800 448.001600
398.618400 449.218000 409.671400 446.095000
397.822000 447.249700 408.808000 444.112300
396.969800 445.208000 407.868500 442.099200
396.116100 443.116600 406.917900 440.021800
395.211200 440.967800 405.944400 437.879400
394.287700 438.749400 404.906200 435.692000
393.341900 436.497700 403.892400 433.459500
392.358600 434.221800 402.866800 431.191700
391.343800 431.907700 401.742900 428.899800
390.285600 429.531900 400.627000 426.523800
389.177900 427.104300 399.378500 424.140000
388.002000 424.633000 398.156100 421.678600
386.786000 422.153600 396.880600 419.217100
385.529200 419.645500 395.495500 416.768500
384.252800 417.122900 394.162900 414.254100
382.927300 414.575600 392.760800 411.757900
381.591500 412.030100 391.317600 409.253200
380.224100 409.463100 389.844700 406.742500
378.830100 406.889400 388.372100 404.196300
377.404400 404.303400 386.894600 401.636100
375.940700 401.722300 385.393300 399.069000
374.431300 399.137000 383.754200 396.548000
372.878200 396.550200 382.109300 394.009700
371.286300 393.960100 380.446700 391.455700
369.662600 391.367800 378.730300 388.919500
368.012000 388.798400 376.990200 386.424100
366.357200 386.258300 375.202500 383.955700
364.686300 383.683500 373.437500 381.433700
362.990500 381.103100 371.584500 378.962000
361.274100 378.545400 369.800000 376.444100
359.479500 376.079600 368.018300 374.021600
357.743100 373.713700 366.250500 371.722500
356.046500 371.424400 364.505700 369.484100
354.349500 369.168400 362.810000 367.233200
352.662900 366.944000 361.054400 365.092300
351.018900 364.780500 359.412900 362.966700
349.445300 362.679200 357.832700 360.915300
347.970100 360.669800 356.311900 358.996700
346.587900 358.760700 354.948700 357.137200
345.269200 357.004900 353.652200 355.432800
343.987600 355.420000 352.330800 353.933300
342.722300 353.942300 351.034300 352.515800
341.428400 352.599100 349.720600 351.256800
340.132200 351.423100 348.446700 350.100600
338.769300 350.441200 347.013400 349.191400
337.341700 349.681300 345.602200 348.418800
335.777200 349.128400 344.069000 347.900900
334.132400 348.908200 342.408900 347.683500
332.452400 349.031300 340.717700 347.801400
330.797800 349.428100 339.006900 348.197900
329.211100 350.167300 337.426700 348.995700
327.641800 351.098300 335.886200 350.003800
326.094800 352.236000 334.361800 351.220800
324.512700 353.489700 332.785900 352.523800
322.875800 354.863500 331.172700 353.987400
321.135500 356.302000 329.396500 355.429100
319.250000 357.710100 327.482000 356.799400
317.242300 359.002400 325.507500 358.172500
315.093800 360.160000 323.377800 359.356700
312.852600 361.167400 321.133400 360.359600
310.509200 362.008200 318.770800 361.151500
308.069100 362.662200 316.319400 361.801100
305.560600 363.146700 313.789400 362.256000
302.953900 363.438100 311.183600 362.563800
300.313300 363.558500 308.546400 362.707400
297.631800 363.522600 305.847400 362.736100
294.885100 363.381000 303.088400 362.628800
292.104200 363.172300 300.307000 362.421400
289.300900 362.939000 297.502500 362.258700
286.491000 362.678500 294.691800 362.036900
283.693500 362.370200 291.910600 361.812000
280.920600 362.098000 289.145600 361.619700
278.169000 361.857400 286.416100 361.387900
275.446800 361.657400 283.710100 361.191200
272.737000 361.519800 281.017400 361.110000
270.035600 361.455000 278.326500 361.078300
267.327700 361.497700 275.634500 361.211000
264.630400 361.676000 272.949600 361.434500
261.940300 361.979900 270.268800 361.731600
259.250900 362.413000 267.591800 362.194600
256.573600 362.959900 264.932000 362.760200
253.917300 363.655300 262.299400 363.471200
251.288400 364.497000 259.648800 364.283600
248.680300 365.504900 257.067300 365.346700
246.094700 366.666900 254.529600 366.583300
243.562600 367.994000 252.021600 367.971200
241.083300 369.508300 249.596100 369.565200
238.697300 371.174900 247.316700 371.338100
236.432200 372.983900 245.097800 373.190100
234.282400 374.915600 243.001100 375.154900
232.221400 376.965100 240.995500 377.245300
230.283900 379.136000 239.134900 379.476000
228.445400 381.408600 237.380400 381.788600
226.762700 383.789500 235.743100 384.190700
225.240300 386.284200 234.310600 386.723500
223.870500 388.875300 233.013900 389.353900
222.651800 391.576800 231.893000 392.114800
221.610300 394.407600 230.863600 394.959000
220.731600 397.346700 230.092900 397.933700
220.036100 400.374900 229.402200 400.985400
219.492700 403.546000 228.983400 404.205600
219.131100 406.829700 228.727500 407.510700
218.954900 410.176200 228.648500 410.859300
218.961000 413.566100 228.700000 414.251400
219.145900 416.967900 228.968400 417.652900
219.451900 420.389700 229.406500 421.063200
219.829800 423.806600 229.817500 424.502300
220.310500 427.237200 230.367400 427.913000
220.868900 430.684800 230.943700 431.363800
221.441400 434.161900 231.565000 434.839300
222.038500 437.663400 232.232800 438.337500
222.674200 441.192400 232.918200 441.871800
223.324700 444.766400 233.586600 445.457000
223.976800 448.390400 234.279200 449.085900
224.645100 452.052600 234.955100 452.753700
225.326300 455.738000 235.657400 456.447500
226.013500 459.438200 236.333800 460.144600
226.742700 463.131400 237.032800 463.847300
227.489100 466.830800 237.749500 467.545000
228.247700 470.527000 238.478400 471.248900
229.012100 474.215100 239.290200 474.922200
229.762000 477.897100 240.142300 478.575800
230.499300 481.567900 240.874700 482.245400
231.252900 485.238400 241.672200 485.897600
232.010300 488.886300 242.431500 489.545600
232.763300 492.531800 243.187800 493.191900
233.545900 496.169700 243.981900 496.816600
234.328200 499.811600 244.923200 500.418000
235.108100 503.420000 245.746300 504.009200
235.907500 507.019800 246.598100 507.590500
236.703700 510.603300 247.406400 511.160200
237.481000 514.162500 248.225200 514.697200
238.249000 517.704200 249.019400 518.232400
239.014400 521.230500 249.831900 521.734400
239.746800 524.741600 250.590000 525.229800
240.436600 528.231300 251.334800 528.700000
241.102000 531.689500 252.086700 532.128900
241.740900 535.133300 252.805400 535.546100
242.359400 538.550300 253.515400 538.935300
242.993900 541.935900 254.177400 542.304100
243.655500 545.295800 254.913700 545.643800
244.307800 548.630700 255.603700 548.952100
244.986700 551.924500 256.410200 552.204600
245.686600 555.189800 257.183000 555.445300
246.402300 558.403000 258.007600 558.628100
247.160300 561.604000 258.795200 561.799300
247.954300 564.747800 259.672300 564.918800
248.799800 567.843200 260.548800 567.981100
249.719700 570.881500 261.580200 570.978100
250.691800 573.875500 262.579700 573.949900
251.722500 576.816900 263.684800 576.851900
252.792400 579.719200 264.821300 579.727400
253.899200 582.619100 265.960400 582.621000
254.999400 585.538800 267.187200 585.498600
256.084000 588.464600 268.340300 588.385000
257.132200 591.413100 269.388900 591.335200
258.142200 594.337700 270.525100 594.205300
259.143500 597.295100 271.587400 597.142900
260.132300 600.227900 272.541400 600.077300
261.124300 603.146400 273.549200 602.980900
262.175000 606.016800 274.605500 605.847300
263.321800 608.844200 275.787000 608.654600
264.592700 611.600700 277.161100 611.359500
266.012800 614.279900 278.599900 614.015700
267.588100 616.881700 280.290400 616.559500
269.323800 619.428300 281.970400 619.151100
271.210100 621.881800 283.860400 621.619900
273.238300 624.254900 285.889100 623.984500
275.373300 626.509900 288.030200 626.231600
277.623300 628.637000 290.285500 628.337200
279.976600 630.608900 292.630800 630.312700
282.453700 632.438800 295.127400 632.098600
285.065600 634.108700 297.741900 633.785600
287.781800 635.684200 300.472700 635.355000
290.614800 637.170400 303.307300 636.867800
293.572000 638.551300 306.291100 638.261000
296.640000 639.897800 309.352000 639.656200
299.815900 641.203200 312.552500 640.971900
303.076400 642.494500 315.777200 642.351000
306.357100 643.765800 319.038600 643.659500
309.674900 645.021300 322.368100 644.874700
312.999700 646.243800 325.686800 646.105200
316.341000 647.457400 329.024900 647.289400
319.656500 648.689200 332.319700 648.538300
322.948500 649.961000 335.600800 649.801900
326.166800 651.311700 338.752100 651.268700
329.336100 652.739100 341.879700 652.756300
332.444200 654.205600 344.937000 654.235200
335.400500 655.659200 347.820000 655.693000
338.177900 657.091100 350.578700 657.088400
340.853600 658.520100 353.229800 658.429200
343.392000 659.901300 355.779300 659.683900
345.797500 661.222900 358.160200 660.915700
348.061700 662.470200 360.433200 662.047400
350.227800 663.663600 362.562000 663.209200
352.269800 664.764500 364.572700 664.234400
354.171500 665.743600 366.425800 665.133600
355.867200 666.596600 368.059100 665.947700
357.385800 667.323400 369.503500 666.650800
358.688300 667.945100 370.717700 667.263600
359.785500 668.454700 371.765400 667.708200
360.684700 668.879300 372.593400 668.115300
361.448900 669.240500 373.350700 668.482600
362.202200 669.609800 374.052700 668.921700
362.884200 670.041700 374.736900 669.358000
363.544500 670.582800 375.383200 669.987700
364.209800 671.330500 376.158900 670.690200
364.845000 672.309500 376.706800 671.632200
365.349200 673.552400 377.198400 672.947600
365.693100 675.079000 377.477800 674.560000
365.765200 676.782400 377.385000 676.339700
365.523700 678.539500 377.050100 678.219300
365.089100 680.489300 376.436100 680.161100
364.466100 682.514600 375.650900 682.183600
363.616300 684.610800 374.755000 684.310900
362.501500 686.760700 373.642200 686.523000
361.240200 688.988000 372.341300 688.791000
359.916600 691.336700 370.934200 691.144200
358.517400 693.800300 369.456300 693.638400
357.035700 696.407500 367.852100 696.224800
355.508800 699.115600 366.212500 698.922300
353.904300 701.929300 364.537200 701.741200
352.257400 704.823800 362.779800 704.618600
350.567500 707.796400 360.995800 707.588900
348.841400 710.853200 359.169700 710.606600
347.061700 713.947900 357.309000 713.707500
345.240600 717.126500 355.397500 716.866900
343.396200 720.384700 353.466700 720.112700
341.517100 723.688800 351.490300 723.392400
339.619000 727.060600 349.499300 726.746600
337.697800 730.488300 347.441400 730.132100
335.746300 733.965100 345.327300 733.557300
333.767200 737.500800 343.237300 737.058000
331.787300 741.093200 341.165400 740.638300
329.802100 744.697600 339.094100 744.199800
327.822700 748.252900 337.020900 747.692400
325.882900 751.750500 334.960400 751.120300
323.953700 755.221900 332.913700 754.530100
322.019400 758.698600 330.869400 757.981100
320.037700 762.177600 328.852500 761.440600
318.097700 765.622300 326.766600 764.801700
316.183200 769.057500 324.692900 768.161200
314.250000 772.494900 322.643000 771.556000
312.275800 775.931500 320.571700 774.961100
310.254000 779.359500 318.454200 778.369900
308.122800 782.782800 316.198000 781.739700
305.862800 786.166800 313.810200 785.077600
303.500700 789.503100 311.349200 788.374100
300.970800 792.776600 308.758500 791.623800
298.346100 795.948700 306.073600 794.760900
295.632400 799.046800 303.264800 797.813300
292.854400 802.131000 300.426600 800.869900
290.021900 805.167500 297.542200 803.874000
287.126600 808.146600 294.505000 806.754500
284.119000 811.063300 291.372900 809.551100
281.041800 813.860300 288.191200 812.248500
277.869300 816.545900 284.969200 814.880000
274.646800 819.105600 281.731900 817.417500
271.386100 821.531200 278.408600 819.743900
268.116800 823.813700 275.103000 821.938000
264.867100 825.970500 271.793200 824.008000
261.611600 828.060300 268.496300 826.013300
258.412200 830.064600 265.263100 827.926800
255.270800 831.964500 262.078300 829.736200
252.165400 833.785500 258.932200 831.446100
249.035500 835.465400 255.725800 833.155200
245.676600 836.941500 252.488400 834.778800
242.526400 838.395100 249.470200 836.295500
239.649200 839.782300 246.645700 837.700100
236.954200 841.095200 244.025900 838.990700
234.477400 842.339200 241.594600 840.227600
232.193600 843.528700 239.355900 841.373000
230.093400 844.639300 237.292100 842.429500
228.164600 845.633300 235.358500 843.282000
226.339700 846.487500 233.566100 844.134100
224.559800 847.148600 231.834700 844.799200
222.862900 847.611100 230.149000 845.224600
221.160000 847.853200 228.406700 845.473800
219.343600 847.650900 226.598100 845.409600
217.613700 847.228800 224.846300 845.002300
215.983200 846.459000 223.174800 844.286600
214.496600 845.376700 221.666500 843.181700
213.166300 844.015600 220.287600 841.833600
211.989600 842.443000 219.094100 840.164500
210.942500 840.673500 218.101200 838.338900
210.015200 838.668700 217.207300 836.303600
209.177100 836.492300 216.373900 834.077800
208.420100 834.203400 215.637200 831.748600
207.685300 831.756600 214.911900 829.223000
206.966400 829.169500 214.220800 826.594000
206.234900 826.499600 213.533100 823.866000
205.491300 823.727800 212.803800 821.055300
204.726900 820.872900 212.089700 818.150300
203.960100 817.947300 211.354700 815.184600
203.188700 814.944500 210.592700 812.144400
202.387700 811.853000 209.868700 808.997300
201.557100 808.685000 209.075100 805.780000
200.707000 805.446700 208.287300 802.500200
199.837600 802.169300 207.444000 799.199600
198.959100 798.853000 206.574800 795.859700
198.078300 795.512000 205.699100 792.505700
197.208100 792.134200 204.881800 789.099700
196.331500 788.727300 204.094200 785.647600
195.393800 785.296400 203.267300 782.168700
194.407000 781.832200 202.371200 778.667400
193.372100 778.361600 201.411200 775.154200
192.268500 774.862700 200.355000 771.627600
191.104500 771.351900 199.224500 768.085200
189.900200 767.803200 198.064500 764.507900
188.697400 764.215300 196.879900 760.891900
187.525500 760.573100 195.833400 757.195700
186.417200 756.874800 194.785400 753.478000
185.391100 753.140200 193.800300 749.731600
184.425300 749.376100 192.859300 745.955700
183.505800 745.586000 191.989200 742.146800
182.630800 741.760500 191.198100 738.297100
181.799600 737.920600 190.405400 734.449400
180.995700 734.046000 189.721400 730.549900
180.235100 730.165100 189.039200 726.654500
179.509000 726.267300 188.323800 722.753100
178.782600 722.358000 187.588000 718.846800
178.060700 718.433400 186.942700 714.905200
177.362100 714.485400 186.338200 710.930600
176.683600 710.485300 185.693100 706.920500
176.012100 706.523900 185.020600 702.970000
175.366700 702.573200 184.457600 699.025200
174.771600 698.664000 183.928300 695.123100
174.208700 694.786000 183.395600 691.259300
173.664500 690.971400 182.835600 687.461900
173.120400 687.194400 182.399100 683.687300
172.609800 683.452500 181.966200 679.960000
172.111300 679.757200 181.452600 676.271600
171.620100 676.075400 180.959100 672.604800
171.116500 672.425100 180.482200 668.959900
170.597300 668.791300 180.005200 665.327000
170.061700 665.158300 179.463600 661.694000
169.508500 661.515700 178.930300 658.042100
168.924400 657.855800 178.455200 654.365800
168.353600 654.164700 177.920100 650.668500
167.787000 650.469600 177.495500 646.956400
167.241700 646.760000 177.023200 643.233200
166.711700 643.033600 176.472400 639.516700
166.161900 639.298500 175.993100 635.768100
165.603300 635.547200 175.464900 632.017700
165.019900 631.781100 174.958200 628.238000
164.407900 627.989800 174.295600 624.449400
163.795100 624.165700 173.773200 620.614600
163.188600 620.333500 173.180200 616.781900
162.585900 616.485800 172.569500 612.928800
162.003800 612.637200 171.913000 609.107400
161.404000 608.796100 171.355900 605.276900
160.758000 604.972100 170.798700 601.448700
160.133600 601.135300 170.213100 597.597500
159.495800 597.273400 169.687100 593.704000
158.840300 593.366000 169.035600 589.798800
158.208600 589.447000 168.487200 585.872700
157.580800 585.515400 167.930400 581.924500
156.942900 581.558400 167.378500 577.961100
156.315100 577.584700 166.791300 573.984100
155.693100 573.602200 166.251100 569.998600
155.097900 569.612100 165.670700 566.017000
154.494600 565.631700 165.118300 562.032000
153.882900 561.635800 164.466800 558.058600
153.275400 557.661700 163.877000 554.092400
152.657100 553.699500 163.243400 550.143800
152.007000 549.736100 162.724100 546.167400
151.335500 545.780700 162.243600 542.201100
150.702300 541.830000 161.619800 538.259400
150.111100 537.863200 161.064100 534.283700
149.565800 533.878000 160.499500 530.316700
149.070700 529.886400 160.012600 526.327500
148.583300 525.892200 159.396300 522.362400
148.098100 521.899600 158.965500 518.375900
147.615200 517.906000 158.451800 514.388000
147.078600 513.924800 157.947000 510.409000
146.557400 509.928000 157.356700 506.437000
145.990800 505.947400 156.884600 502.447100
145.414200 501.983900 156.297600 498.506500
144.839400 498.023200 155.661400 494.560200
144.237000 494.066600 155.064600 490.590000
143.642200 490.086700 154.477300 486.620000
143.093600 486.100600 153.858900 482.643700
142.520000 482.109500 153.257700 478.659700
141.953600 478.120000 152.683200 474.674700
141.409200 474.120700 152.174900 470.667000
140.866200 470.116800 151.616900 466.674400
140.329900 466.129000 151.078800 462.696400
139.802900 462.170200 150.548600 458.753900
139.285200 458.259400 150.047500 454.855100
138.767400 454.380800 149.551900 450.977500
138.265200 450.537100 149.055900 447.148900
137.781900 446.703500 148.714700 443.315600
137.326700 442.890000 148.338800 439.484800
136.905100 439.064700 147.899700 435.656900
136.518100 435.237300 147.575900 431.831300
136.143200 431.414200 147.157800 428.013800
135.825400 427.592200 146.714800 424.200600
135.543200 423.737300 146.335100 420.349500
135.270100 419.908100 146.117700 416.508700
135.035900 416.031200 145.925700 412.628100
134.860400 412.167200 145.833500 408.764000
134.729600 408.319200 145.726900 404.928800
134.657500 404.515600 145.726600 401.136300
134.622800 400.768700 145.612600 397.412800
134.596400 397.079600 145.604900 393.742300
134.623000 393.460300 145.620400 390.141500
134.664700 389.903700 145.647900 386.597600
134.742900 386.395400 145.812300 383.107800
134.849100 382.945500 145.941600 379.677800
134.972000 379.565400 145.962000 376.316500
135.131800 376.244700 146.069100 373.016900
135.333900 373.018200 146.259700 369.814200
135.556500 369.861200 146.473100 366.675600
135.838900 366.777100 146.769200 363.616000
136.225700 363.791900 147.154800 360.651400
136.738700 360.891300 147.680000 357.778200
137.359000 358.081000 148.294300 354.974400
138.112400 355.303200 149.033900 352.184700
138.966200 352.534800 149.825500 349.395000
139.893600 349.805900 150.754000 346.684900
140.896000 347.157200 151.721100 344.039500
141.971400 344.579000 152.793700 341.471000
143.130500 342.084500 153.956300 338.997500
144.392300 339.674500 155.211500 336.589200
145.777400 337.332100 156.580900 334.242800
147.331500 335.073900 158.095500 331.949700
149.057400 332.893100 159.811200 329.742100
150.967000 330.772000 161.762000 327.640400
153.050000 328.762800 163.809400 325.607300
155.286900 326.913400 166.068800 323.763400
157.696000 325.210700 168.467900 322.052300
160.258100 323.696400 171.049300 320.541200
162.973100 322.395300 173.779100 319.277100
165.832800 321.314600 176.710000 318.343300
168.823000 320.455500 179.717600 317.545500
171.915000 319.751800 182.832700 316.892500
175.093600 319.154400 186.016900 316.255200
178.356600 318.621500 189.314400 315.868800
181.670600 318.107800 192.591100 315.339100
184.954100 317.552100 195.922500 314.847900
188.360600 317.014600 199.319300 314.315400
191.810500 316.498600 202.772300 313.772200
195.303300 315.956300 206.258800 313.218500
198.810200 315.370500 209.747700 312.628800
202.319700 314.727700 213.257300 311.965400
205.854900 314.018600 216.767800 311.223400
209.382100 313.210000 220.277800 310.466600
212.873900 312.313500 223.739800 309.628200
216.282400 311.315800 227.090000 308.570900
219.602300 310.211800 230.341000 307.439600
222.828600 308.969500 233.501200 306.183400
225.892800 307.618500 236.535800 304.846500
228.857400 306.132600 239.439100 303.342200
231.705300 304.510000 242.227700 301.720000
234.404500 302.795000 244.902700 300.057600
236.964200 301.022400 247.384100 298.270100
239.357400 299.191600 249.707900 296.438700
241.573300 297.348000 251.824700 294.612800
243.583200 295.531300 253.747100 292.808100
245.364000 293.745300 255.452400 291.056800
246.928300 292.003400 256.923300 289.335600
248.255900 290.313300 258.161700 287.704800
249.318200 288.712300 259.163100 286.134700
250.170400 287.137600 259.966600 284.589200
250.789300 285.600000 260.579500 283.072900
251.165900 284.019700 260.949000 281.488400
251.314100 282.347000 261.164600 279.852600
251.208600 280.685900 261.034700 278.198000
250.772400 279.031200 260.560200 276.515400
249.999900 277.363100 259.671500 274.779300
248.862600 275.742500 258.515900 273.134700
247.391400 274.199800 256.979400 271.587400
245.604100 272.717600 255.146000 270.084500
243.606700 271.249000 253.071300 268.629300
241.483200 269.657000 250.891600 267.022400
239.255900 267.931300 248.577500 265.319400
236.942400 266.062700 246.163200 263.496700
234.573400 264.060900 243.750100 261.484200
232.194200 261.911300 241.341800 259.336200
229.828600 259.643500 238.958400 257.045400
227.459400 257.285700 236.587200 254.673100
225.117700 254.818300 234.201800 252.219000
222.794900 252.268100 231.809600 249.724600
220.539900 249.684100 229.566600 247.168100
218.379000 247.150200 227.456200 244.650100
216.331900 244.688600 225.381100 242.283800
214.447100 242.296600 223.511000 239.960600
212.738900 239.986300 221.790700 237.732400
211.155100 237.800000 220.190000 235.639000
209.645500 235.806000 218.652600 233.753700
208.153800 234.063200 217.238800 232.023100
206.642600 232.599300 215.764200 230.594400
205.050700 231.388700 214.184000 229.468000
203.386000 230.453900 212.502400 228.551000
201.568800 229.804200 210.641200 227.879400
199.652600 229.469400 208.716200 227.524500
197.649300 229.448700 206.738700 227.547700
195.695200 229.808500 204.756800 227.860300
193.757500 230.545900 202.795400 228.637900
191.873400 231.575500 200.900800 229.673600
190.008500 232.786900 198.989100 230.868400
188.027800 234.075600 196.940200 232.128000
185.893500 235.390300 194.779500 233.467900
183.609800 236.705800 192.439800 234.737000
181.165200 238.005100 189.911500 235.961800
178.517300 239.254000 187.234800 237.195800
175.726900 240.407000 184.402700 238.327800
172.707400 241.421200 181.386900 239.410300
169.603600 242.357600 178.275600 240.323200
166.445500 243.209000 175.131400 241.157900
163.269700 243.975200 171.929300 241.816000
160.018600 244.710100 168.668100 242.504300
156.736700 245.397400 165.377800 243.156000
153.408400 246.036100 162.049400 243.739600
150.090200 246.634600 158.766100 244.390500
146.806300 247.228400 155.480100 244.895100
143.505000 247.801600 152.177100 245.385700
140.209300 248.367500 148.887300 245.889800
136.935100 248.926700 145.622000 246.350600
133.701200 249.482000 142.403300 246.835900
130.512300 250.041400 139.226600 247.332800
127.368600 250.623000 136.098800 247.860600
124.279500 251.271600 133.033300 248.535700
121.226800 251.988400 129.987000 249.168400
118.235900 252.796200 127.011400 249.978900
115.296000 253.710500 124.082200 250.863800
112.410900 254.793600 121.163300 251.860700
109.550100 256.073600 118.248200 253.013800
106.765300 257.559400 115.434800 254.412500
104.058300 259.195200 112.671300 255.954300
101.451300 260.983800 110.058500 257.691700
98.958900 262.930000 107.519500 259.607200
96.560750 265.038400 105.094800 261.677100
94.233290 267.302400 102.683200 263.875400
91.992660 269.682500 100.437600 266.246200
89.872160 272.215300 98.273980 268.754500
87.867480 274.902800 96.247800 271.428000
85.990600 277.735000 94.402340 274.293600
84.244040 280.710100 92.610000 277.234300
82.619100 283.777000 91.011470 280.346800
81.079690 286.968600 89.485600 283.518600
79.784310 290.233300 88.163060 286.817800
78.568560 293.653400 86.824390 290.169400
77.471470 297.091000 85.646270 293.584700
76.507590 300.590600 84.684100 297.076700
75.684350 304.118500 83.864710 300.608500
74.993740 307.691900 83.128820 304.166300
74.448540 311.297700 82.545940 307.770500
74.042020 314.935900 82.160110 311.415000
73.771590 318.594800 81.831320 315.075200
73.715910 322.261900 81.607720 318.716200
73.769420 325.907700 81.480940 322.363600
73.817040 329.552100 81.492710 325.999200
74.000290 333.173500 81.423540 329.628500
74.172500 336.809200 81.481730 333.261300
74.344680 340.442200 81.561270 336.900800
74.514430 344.091300 81.651090 340.549600
74.662940 347.746700 81.819160 344.210300
74.736070 351.400000 81.797770 347.842400
74.769320 355.000700 81.738440 351.430900
74.814470 358.586500 81.834280 355.011500
74.746920 362.178000 81.674720 358.591000
74.686830 365.745600 81.621680 362.166000
74.555740 369.317000 81.480070 365.742000
74.360040 372.935200 81.343430 369.358500
74.109450 376.533900 81.122190 372.944800
73.828330 380.133100 80.870650 376.547000
73.476450 383.716600 80.522910 380.123100
73.062260 387.295400 80.097130 383.690800
72.635640 390.839200 79.634010 387.207100
72.123690 394.365700 79.180840 390.754600
71.585570 397.910500 78.621760 394.289300
70.976400 401.435000 78.050110 397.817300
70.311850 404.959700 77.415390 401.339100
69.602670 408.449900 76.675970 404.810400
68.879140 411.948200 76.032030 408.323800
68.139490 415.452800 75.253100 411.821900
67.432580 418.981100 74.518120 415.341800
66.735590 422.501800 73.723100 418.823900
66.031790 425.991100 73.028090 422.300300
65.337700 429.457600 72.265650 425.735800
64.678150 432.971500 71.617670 429.292200
64.092350 436.564700 71.053400 432.873400
63.538820 440.165700 70.545050 436.483500
63.089490 443.780200 70.125430 440.090700
62.687700 447.405600 69.741410 443.709500
62.395430 451.016900 69.428730 447.303800
62.179910 454.600300 69.247130 450.882100
62.016060 458.184800 69.079670 454.464000
61.878910 461.762700 68.903760 458.034900
61.782260 465.339800 68.804550 461.608500
61.711200 468.924000 68.677890 465.185600
61.669710 472.506000 68.574300 468.756600
61.695530 476.094800 68.632640 472.342500
61.729390 479.666900 68.581450 475.906000
61.822870 483.270300 68.668510 479.511300
61.924810 486.878100 68.843970 483.105400
62.056550 490.478600 68.922190 486.709000
62.176020 494.117900 68.984060 490.347700
62.266690 497.773900 69.067080 494.006900
62.330910 501.484400 69.133360 497.738100
62.383600 505.245100 69.177410 501.509700
62.456820 509.016300 69.289280 505.276900
62.639660 512.800600 69.547170 509.065200
62.868350 516.638100 69.775480 512.891400
63.106400 520.456700 70.149770 516.699500
63.367240 524.259400 70.478210 520.479700
63.593570 528.081800 70.681520 524.308000
63.801530 531.888200 70.838600 528.101600
64.024540 535.667900 71.028720 531.871000
64.206830 539.467500 71.217350 535.657400
64.344710 543.234900 71.326410 539.408000
64.496310 546.996900 71.413380 543.174500
64.631930 550.743000 71.568360 546.891200
64.749170 554.462700 71.635710 550.603300
64.914610 558.167300 71.846550 554.304000
65.103700 561.867200 72.038970 557.973900
65.335960 565.517200 72.247450 561.628500
65.569200 569.190200 72.428210 565.295400
65.794250 572.863800 72.689380 568.955800
65.979210 576.521900 72.806190 572.606700
66.180050 580.172300 73.049810 576.255600
66.362280 583.853000 73.077160 579.930800
66.538350 587.515200 73.217990 583.590800
66.682270 591.168900 73.481570 587.221400
66.777600 594.811400 73.565110 590.852000
66.890400 598.420300 73.558330 594.456300
67.026690 602.042900 73.624360 598.064900
67.177460 605.622900 74.013730 601.598900
67.323020 609.198300 74.055060 605.177500
67.450500 612.758000 74.115080 608.707900
67.653570 616.289300 74.289340 612.224600
67.878290 619.813700 74.489370 615.730100
68.154010 623.308500 74.830840 619.214800
68.437020 626.799600 74.986510 622.700500
68.771410 630.257700 75.339310 626.149400
69.202550 633.695200 75.921800 629.543700
69.600670 637.103300 76.412400 632.930800
70.036830 640.488700 76.863130 636.291600
70.506270 643.807100 77.320610 639.603500
70.892770 647.161500 77.728020 642.938100
71.232770 650.443300 78.043600 646.208900
71.580170 653.720500 78.382810 649.464700
71.988160 656.939000 78.727520 652.695300
72.305150 660.204100 79.008720 655.951200
72.604120 663.408400 79.231010 659.155000
72.917010 666.635000 79.442840 662.385300
73.242550 669.852400 79.788900 665.584400
73.637330 673.050100 79.976600 668.817900
74.027710 676.284300 80.241240 672.048600
74.459600 679.526800 80.639580 675.324200
74.950660 682.820100 81.102820 678.589900
75.485380 686.101000 81.495800 681.922700
75.997000 689.438300 81.997190 685.275100
76.620780 692.817900 82.491710 688.696400
77.255750 696.266300 83.103930 692.147200
77.860920 699.720200 83.707490 695.622700
78.456960 703.252300 84.301480 699.172700
79.046650 706.838300 84.779220 702.779000
79.748960 710.431700 85.443090 706.398100
80.377820 714.087800 85.998610 710.075300
80.984990 717.795000 86.653610 713.773000
81.568530 721.524100 87.290820 717.484700
82.226950 725.230100 87.961040 721.194700
82.971570 728.932500 88.689150 724.900200
83.716810 732.637800 89.395410 728.609800
84.461420 736.340000 90.205980 732.294200
85.205890 740.041500 91.086340 735.966500
85.988280 743.734800 91.954550 739.629600
86.881120 747.371500 92.882570 743.257000
87.770200 751.019300 93.819880 746.891300
88.659140 754.657900 94.688020 750.519200
89.568830 758.256300 95.650840 754.125100
90.529500 761.919200 96.714390 757.735300
91.504420 765.495400 97.833110 761.302800
92.518360 769.126400 98.893620 764.898100
93.541990 772.703400 99.996560 768.454600
94.615270 776.302000 101.169100 772.004300
95.687250 779.833200 102.253700 775.524000
96.764590 783.369100 103.448600 779.022800
97.857970 786.887700 104.621100 782.504000
98.977700 790.363900 105.791700 785.954300
100.102700 793.842400 106.953100 789.413400
101.281700 797.278800 108.265800 792.793900
102.480100 800.701200 109.514600 796.191500
103.706800 804.080200 110.876900 799.512700
104.948300 807.449200 112.148900 802.860700
106.192400 810.798000 113.425700 806.189100
107.467000 814.117100 114.808700 809.453000
108.775000 817.411500 116.160200 812.734000
110.077600 820.689800 117.504900 815.960200
111.337000 823.916800 118.828400 819.157600
112.595900 827.082700 120.139100 822.266500
113.862500 830.153000 121.462900 825.295000
115.118400 833.166500 122.751500 828.273300
116.423500 836.128900 124.073100 831.252000
117.895400 839.037200 125.528800 834.164900
119.447600 841.885100 127.090300 837.020800
121.088600 844.701900 128.703200 839.840300
122.872100 847.290700 130.447000 842.444700
124.724400 849.810800 132.182700 845.063000
126.575500 852.329600 134.067100 847.566200
128.426600 854.848600 136.018500 850.013700
130.276800 857.367000 137.955400 852.479900
132.127400 859.883600 139.935000 854.795000
133.992200 862.014800 141.771900 856.902300
135.814600 864.035300 143.642100 858.867000
137.604800 865.988300 145.384500 860.818100
139.298200 867.835900 147.023100 862.667200
140.919200 869.609300 148.610500 864.450600
142.486000 871.338400 150.090500 866.192000
143.940800 872.954000 151.538600 867.741400
145.300100 874.412900 152.888400 869.109600
146.559000 875.661600 154.094500 870.297900
147.650800 876.418400 155.032300 871.050000
148.685500 877.020600 155.848400 871.902200
149.713200 877.623900 156.856100 872.531900
150.732500 878.227900 157.936200 872.990900
151.742600 878.831700 158.960500 873.500300
152.808100 879.342000 159.967000 873.915500
154.068700 879.516900 161.267900 874.023600
155.413300 879.479400 162.672400 874.028200
156.888700 879.272300 164.195400 873.743600
158.478100 878.881900 165.811200 873.267900
160.134900 878.287500 167.475100 872.556600
161.860100 877.489100 169.240100 871.720900
163.672500 876.562600 171.050500 870.683800
165.594100 875.530000 172.978900 869.567300
167.624000 874.437100 175.016700 868.401300
169.770000 873.289900 177.160000 867.149600
172.035600 872.094100 179.382500 865.824700
174.385300 870.862300 181.723100 864.464400
176.854600 869.589200 184.186700 863.098100
179.401000 868.288100 186.725700 861.727900
181.975500 866.969700 189.230000 860.290200
184.536700 865.639500 191.730700 858.835000
187.062400 864.284700 194.165100 857.327000
189.538900 862.924800 196.552900 855.873000
191.918900 861.611300 198.913600 854.560000
194.206900 860.315700 201.136400 853.234100
196.343300 858.956400 203.272500 851.958600
198.368400 857.888200 205.214900 850.894200
200.275000 856.919100 207.092400 849.877400
202.193600 856.085800 208.956200 849.010800
204.073500 855.496400 210.790900 848.380300
205.960400 855.183900 212.695700 848.038200
207.864300 855.202100 214.554900 847.956000
209.713700 855.529100 216.430500 848.196600
211.499200 856.220700 218.250300 848.886900
213.188100 857.107700 220.053300 849.879500
214.784400 858.522000 221.743300 851.206500
216.227100 860.190500 223.253800 852.848700
217.589200 862.100400 224.705100 854.735000
218.870200 864.194100 226.066700 856.792100
220.036500 866.491500 227.330600 859.087600
221.092500 868.955100 228.500600 861.545100
222.159200 871.551200 229.755500 864.089800
223.261300 874.233400 230.962900 866.758400
224.402100 877.003500 232.215100 869.500900
225.538100 879.835200 233.493900 872.271800
226.647400 882.714200 234.727600 875.096800
227.713000 885.605500 235.896400 877.940600
228.729800 888.498800 237.057400 880.762700
229.740400 891.364700 238.208600 883.555500
230.756400 894.190300 239.370700 886.312800
231.798000 896.975600 240.571900 889.010200
232.862200 899.689300 241.733000 891.652600
234.006400 902.314400 242.974300 894.199200
235.284000 904.779800 244.428600 896.557400
236.717300 907.106500 245.883100 898.858000
238.297800 909.282700 247.529800 900.954100
240.026200 911.279800 249.352300 902.854300
241.899800 913.107900 251.311500 904.612000
243.969200 914.753500 253.345700 906.213600
246.167200 916.200700 255.608600 907.597900
248.519300 917.425900 258.027300 908.682300
250.970500 918.372900 260.538200 909.563900
253.540200 919.159700 263.139700 910.332800
256.240400 919.688000 265.871700 910.784100
259.064500 919.965800 268.748300 910.912800
262.004800 920.092700 271.709600 910.968600
265.032800 920.081200 274.792000 910.851700
268.210100 920.078400 278.005700 910.606600
271.495300 919.927300 281.280800 910.261500
274.820000 919.698100 284.610400 909.835900
278.229300 919.336300 288.033900 909.294800
281.674700 918.885400 291.436700 908.611400
285.133600 918.345800 294.890300 907.951300
288.622600 917.728600 298.363100 907.164300
292.132800 917.013700 301.856900 906.388100
295.617300 916.238200 305.317800 905.493400
299.090900 915.358200 308.775400 904.539800
302.533100 914.353500 312.200300 903.485500
305.943200 913.309900 315.565600 902.349600
309.311700 912.191400 318.912700 901.160900
312.679900 911.045400 322.246800 899.891800
316.061700 909.902400 325.556800 898.536300
319.450400 908.753400 328.915900 897.315500
322.840000 907.560400 332.297500 896.046500
326.249400 906.356000 335.663600 894.718100
329.691100 905.139800 339.085100 893.372800
333.195400 903.900600 342.562400 892.005200
336.754600 902.625300 346.108300 890.599500
340.384100 901.328400 349.721500 889.176100
344.064600 899.969000 353.383900 887.700700
347.769700 898.590900 356.992300 886.125500
351.401700 897.220500 360.574400 884.675000
354.975200 895.841100 364.068000 883.154300
358.485000 894.463600 367.519600 881.671700
361.949500 893.084300 370.923100 880.206400
365.336200 891.732700 374.212900 878.698500
368.619200 890.389400 377.398100 877.251400
371.749500 889.112100 380.432900 875.926900
374.681800 887.918900 383.248000 874.667700
377.389200 886.824500 385.820900 873.467100
379.874900 885.837000 388.181900 872.386200
382.177900 884.931600 390.392600 871.409200
384.328100 884.100300 392.468000 870.498500
386.400700 883.311200 394.475100 869.610000
388.376900 882.536800 396.394800 868.773300
390.309000 881.774800 398.306800 867.934500
392.306100 880.993700 400.304200 867.071500
394.377700 880.162100 402.401000 866.218900
396.550200 879.262200 404.581300 865.243600
398.842300 878.314900 406.888400 864.218600
401.259600 877.339000 409.316600 863.157700
403.789800 876.325100 411.853300 862.066300
406.435900 875.291100 414.500800 860.924800
409.217000 874.214500 417.257400 859.677600
412.118100 873.111300 420.143000 858.413200
415.118700 871.959800 423.120000 857.140900
418.218100 870.771000 426.188400 855.795200
421.393100 869.520300 429.343600 854.423400
424.627300 868.193200 432.563700 852.996700
427.914800 866.771900 435.813300 851.411200
431.247800 865.254500 439.093900 849.773200
434.552400 863.690400 442.303700 848.037200
437.807500 862.081600 445.490300 846.359100
440.966600 860.444200 448.573000 844.620200
444.049200 858.816700 451.555400 842.862000
447.069000 857.193700 454.499400 841.140100
450.037100 855.607100 457.383200 839.465700
452.944600 854.081100 460.222300 837.869000
455.777600 852.654400 462.942200 836.351800
458.467600 851.383400 465.494100 834.958600
460.990700 850.198200 467.918600 833.674000
463.426800 849.070300 470.268400 832.432900
465.787600 847.990900 472.556200 831.252100
468.094900 846.950600 474.804400 830.120400
470.366800 845.937300 477.046300 829.017400
472.708100 844.897600 479.361500 827.846700
475.121700 843.800400 481.728200 826.600900
477.587500 842.683800 484.190800 825.383000
480.152400 841.532300 486.723100 824.082000
482.766300 840.339500 489.259300 822.693200
485.445100 839.143200 491.901600 821.343500
488.188300 837.891400 494.612100 819.954600
490.987500 836.623000 497.350600 818.496800
493.803100 835.351100 500.091000 817.068600
496.624700 834.094400 502.847600 815.606300
499.474300 832.809600 505.654800 814.175200
502.358500 831.502600 508.499800 812.736800
505.286800 830.236700 511.361800 811.258200
508.248000 828.948300 514.290000 809.817000
511.244100 827.658100 517.229300 808.370200
514.267100 826.347100 520.169000 806.831600
517.327800 825.031500 523.178300 805.364600
520.388500 823.719100 526.180300 803.906800
523.389100 822.420300 529.146400 802.581900
526.283400 821.190400 531.921600 801.193000
529.057000 820.023600 534.607100 799.928900
531.704800 818.934000 537.159600 798.711400
534.226500 817.916400 539.597600 797.590700
536.656700 816.946600 541.952200 796.492000
539.023500 815.952900 544.236400 795.331300
541.317300 814.866300 546.521400 794.228600
543.532000 813.688600 548.648000 792.903800
545.686900 812.396800 550.753300 791.521100
547.734700 810.971800 552.700400 789.965700
549.629400 809.339400 554.464200 788.174400
551.297600 807.502100 556.024800 786.221100
552.779900 805.465100 557.408600 784.059500
554.025400 803.122900 558.553200 781.642200
555.053800 800.603800 559.449200 779.025800
555.833800 797.890700 560.073600 776.223200
556.486200 795.031700 560.556300 773.281900
557.103100 792.043700 560.939800 770.219900
557.706900 788.950900 561.328700 767.053600
558.314100 785.757400 561.683400 763.781400
558.963000 782.480200 562.125500 760.439300
559.664300 779.132300 562.630400 757.029100
560.383500 775.702500 563.161100 753.531400
561.143700 772.190100 563.729100 749.951100
561.955700 768.606200 564.293900 746.279400
562.794300 764.921400 564.859900 742.525800
563.665600 761.194600 565.481600 738.735900
564.512000 757.439400 566.100500 734.931100
565.360500 753.691900 566.679400 731.140700
566.202300 749.955700 567.243100 727.340200
567.038700 746.210000 567.858700 723.542300
567.914000 742.455400 568.524200 719.740200
568.809800 738.700200 569.169700 715.933400
569.651600 734.948800 569.773300 712.131400
570.504400 731.165000 570.402800 708.291400
571.381700 727.390900 570.980800 704.470800
572.231200 723.645800 571.608000 700.686000
573.054100 719.904800 572.204200 696.894900
573.889700 716.163100 572.860900 693.105900
574.718600 712.404800 573.487800 689.308400
575.527100 708.639600 574.004700 685.484400
576.261300 704.869800 574.544300 681.680700
576.930700 701.064300 574.944800 677.820500
577.575900 697.234700 575.339000 673.946000
578.192400 693.375300 575.686400 670.047200
578.778500 689.496000 576.038500 666.127100
579.345900 685.591800 576.316900 662.179000
579.857300 681.665400 576.604900 658.226700
580.310600 677.720500 576.881500 654.248900
580.758800 673.746400 577.106000 650.265300
581.155000 669.796200 577.270900 646.298700
581.510700 665.865700 577.374300 642.362200
581.822900 661.969700 577.473000 638.466100
582.077900 658.112900 577.544900 634.612000
582.273900 654.274900 577.494100 630.759200
582.437900 650.427100 577.479300 626.912100
582.599800 646.577200 577.427200 623.044800
582.753900 642.693800 577.338900 619.158000
582.851400 638.813400 577.186900 615.267300
582.898800 634.890000 577.019800 611.338200
582.982400 630.949500 576.937500 607.390600
583.073100 627.003400 576.791600 603.442400
583.192100 623.061600 576.737600 599.511300
583.328900 619.143000 576.672300 595.587600
583.475300 615.223700 576.625900 591.661700
583.625900 611.282200 576.577100 587.712900
583.720700 607.341100 576.456000 583.773300
583.834500 603.396300 576.446900 579.823400
583.934300 599.462000 576.439600 575.899600
584.036500 595.562800 576.372900 572.007400
584.162200 591.689200 576.274800 568.142000
584.227300 587.867900 576.201700 564.312700
584.317600 584.024500 576.190800 560.466900
584.499000 580.192700 576.241800 556.641100
584.808000 576.397200 576.396300 552.843400
585.238500 572.636300 576.634400 549.073400
585.796800 568.901300 577.017200 545.316500
586.480500 565.193700 577.475900 541.575000
587.248500 561.507600 578.059300 537.860000
588.029900 557.836500 578.621300 534.150800
588.838600 554.171600 579.266700 530.449400
589.673700 550.509400 579.912700 526.757200
590.516100 546.866500 580.537900 523.080000
591.343500 543.261900 581.101000 519.444000
592.132200 539.698600 581.705100 515.863300
592.828000 536.162600 582.179300 512.296400
593.460000 532.659000 582.596800 508.795300
594.031700 529.277200 582.913000 505.439400
594.554500 526.081000 583.263500 502.286500
595.075800 523.072600 583.622400 499.310300
595.617300 520.255100 583.995900 496.539400
596.166400 517.626800 584.357700 493.925200
596.704800 515.143200 584.759500 491.472800
597.194900 512.833500 585.136300 489.202200
597.576200 510.694300 585.393500 487.100100
597.786600 508.667900 585.489300 485.079000
597.747500 506.649500 585.401200 483.101000
597.514600 504.697700 585.078500 481.161000
597.070500 502.800000 584.548400 479.314600
596.402400 500.998300 583.726500 477.471200
595.438900 499.228700 582.633300 475.731300
594.162500 497.526700 581.228100 474.088500
592.513700 495.900800 579.570800 472.559100
590.635600 494.532500 577.581600 471.258300
588.500500 493.343000 575.349200 470.138900
586.178900 492.278900 572.952500 469.183400
583.738500 491.279000 570.420000 468.281900
581.166800 490.215600 567.741700 467.390400
578.490800 489.083700 564.953300 466.436500
575.723500 487.861500 562.084900 465.377300
572.904600 486.554700 559.174900 464.211800
570.042200 485.190900 556.251700 462.949200
567.169200 483.760200 553.292600 461.671700
564.280500 482.280300 550.299600 460.369500
561.350400 480.769600 547.295400 458.992200
558.405800 479.261600 544.249600 457.630600
555.376800 477.743300 541.145900 456.248200
552.348800 476.229900 538.047800 454.877900
549.309400 474.657200 534.917800 453.485900
546.268100 473.067100 531.794200 452.046500
543.205700 471.460400 528.673500 450.535500
540.123400 469.844900 525.502300 449.095800
537.055800 468.227900 522.369400 447.645200
534.039300 466.620500 519.293800 446.191800
531.070100 465.041900 516.282100 444.754400
528.189800 463.496400 513.355500 443.369800
525.392500 461.985300 510.509000 442.008700
522.696400 460.482700 507.802200 440.619200
520.138600 459.018200 505.221000 439.302900
517.756100 457.609300 502.853000 437.999200
515.544600 456.272300 500.621900 436.805700
513.468500 454.993400 498.512400 435.669300
511.515000 453.792000 496.553600 434.606100
509.647000 452.752700 494.692700 433.636900
507.816400 451.952700 492.911000 432.899400
506.024700 451.375100 491.056800 432.351600
504.164400 451.057300 489.184100 432.077800
502.213400 450.955500 487.298100 432.146200
500.360000 451.174600 485.454900 432.442900
498.532400 451.717400 483.641000 433.114900
496.762400 452.594900 481.853100 434.017600
495.085200 453.803100 480.158200 435.322300
493.512800 455.370800 478.588500 436.924600
492.140200 457.192000 477.238500 438.833300
490.899800 459.329000 476.041700 441.079100
489.697100 461.689000 474.848900 443.527200
488.436200 464.216900 473.669700 446.153600
487.065300 466.910000 472.347600 448.948300
485.589500 469.753000 470.897300 451.869300
484.009700 472.740300 469.406200 454.969800
482.314200 475.837000 467.808500 458.152600
480.567300 479.018100 466.242700 461.470400
478.766800 482.282500 464.595900 464.814200
476.977200 485.484200 462.934200 468.105600
475.149800 488.770200 461.149300 471.404600
473.326600 492.020400 459.348100 474.690800
471.475600 495.302800 457.579200 478.037700
469.568200 498.617300 455.768600 481.420600
467.651300 501.958900 453.934800 484.821000
465.708000 505.334400 452.056100 488.242000
463.769100 508.731500 450.234700 491.711900
461.845200 512.161900 448.395000 495.195600
459.919600 515.621400 446.561000 498.727300
457.939000 519.112900 444.777100 502.334800
455.953400 522.620500 442.948400 505.929700
453.935100 526.117100 441.052000 509.490700
451.928900 529.614300 439.156200 513.058800
449.964500 533.134600 437.256700 516.618800
448.010500 536.687300 435.429500 520.237700
446.054100 540.236000 433.565800 523.844900
444.056100 543.807900 431.679800 527.503800
442.049300 547.417800 429.808200 531.177500
440.037800 551.028500 427.932400 534.868000
438.025200 554.634600 426.074700 538.553200
435.977800 558.237500 424.158800 542.234600
433.919500 561.855000 422.188100 545.913400
431.843000 565.470100 420.316500 549.643500
429.767800 569.108300 418.310000 553.309500
427.667800 572.747600 416.291400 557.036900
425.537800 576.435200 414.404100 560.838300
423.436400 580.100900 412.448000 564.584500
421.318500 583.767700 410.449800 568.318600
419.219900 587.449100 408.479600 572.076000
417.120400 591.134600 406.450100 575.802900
415.005200 594.832500 404.463100 579.593200
412.888500 598.541400 402.438700 583.349400
410.755500 602.261600 400.403000 587.132300
408.648800 605.999000 398.380000 590.910600
406.499300 609.720300 396.318900 594.698700
404.349900 613.457900 394.308400 598.493500
402.219500 617.158900 392.290800 602.239600
400.144400 620.804100 390.325100 605.917500
398.088300 624.376000 388.377600 609.509900
396.094000 627.872100 386.453500 613.043100
394.096100 631.363900 384.580900 616.600200
392.096200 634.841100 382.743400 620.145000
390.122200 638.266000 380.891000 623.650600
388.138200 641.719200 379.021100 627.153100
386.190000 645.182000 377.124100 630.650400
384.289400 648.626900 375.325000 634.126800
382.388400 652.005600 373.465300 637.524700
380.473700 655.356700 371.691900 640.954500
378.503900 658.701400 369.811100 644.382000
376.494800 662.062000 367.959600 647.799400
374.499000 665.373200 366.050500 651.184500
372.495100 668.759000 364.108600 654.624300
370.503500 672.182700 362.265500 658.155600
368.470500 675.625200 360.386000 661.701100
366.423200 679.124800 358.449500 665.291200
364.370700 682.649600 356.510000 668.888500
362.295100 686.175900 354.518100 672.482200
360.227100 689.735900 352.578700 676.128900
358.182300 693.297500 350.616800 679.727400
356.109700 696.850900 348.687000 683.359100
354.085800 700.357400 346.827300 686.954300
352.038300 703.859700 344.895700 690.529900
350.008800 707.353700 342.990800 694.092800
347.982700 710.855500 341.074200 697.659700
345.942000 714.320900 339.158000 701.196400
343.906200 717.779200 337.253200 704.726200
341.889600 721.226700 335.339400 708.236300
339.882000 724.654800 333.419600 711.717700
337.868700 728.103400 331.484700 715.229900
335.866200 731.571800 329.579400 718.769400
333.967500 735.105200 327.668600 722.310100
332.130600 738.707000 325.734300 725.908700
330.109000 742.325700 323.822600 729.616200
328.052600 745.993300 321.831000 733.358300
325.960300 749.694700 319.864600 737.137500
323.882400 753.400900 317.906500 740.899300
321.810400 757.046400 315.960900 744.595600
319.688500 760.664000 313.932900 748.301200
317.595700 764.288500 311.932800 751.951000
315.554700 767.892700 309.921000 755.606800
313.514600 771.526200 307.852500 759.223500
311.450700 775.119600 305.804900 762.821900
309.357300 778.629400 303.773000 766.353800
307.194900 782.050500 301.597400 769.785900
304.937400 785.448200 299.391800 773.241300
302.592400 788.799400 297.134000 776.663900
300.153800 792.111000 294.837000 780.100700
297.624000 795.374800 292.340400 783.427100
294.927000 798.539300 289.721900 786.662300
292.185800 801.678500 287.038200 789.903500
289.192200 804.695700 284.263800 793.133700
286.151300 807.624000 281.389200 796.225300
283.065000 810.476300 278.495700 799.233700
280.007100 813.213700 275.508000 802.047000
276.942200 815.904300 272.449000 804.749100
273.811500 818.493600 269.321000 807.362200
270.605600 820.960500 266.136900 809.870400
267.321200 823.303700 262.886900 812.292400
264.005200 825.567800 259.612300 814.623000
260.657900 827.735000 256.302200 816.890900
257.273000 829.813900 252.945300 819.028100
253.861800 831.809200 249.581400 821.131000
250.446800 833.761300 246.185500 823.149900
247.052800 835.652800 242.843300 825.114900
243.677200 837.476800 239.506000 827.034500
240.295500 839.294300 236.132700 828.894100
236.906500 841.089700 232.807600 830.848900
233.510200 842.896300 229.483700 832.820200
230.131200 844.723000 226.183700 834.795000
226.769300 846.514500 222.856200 836.639600
223.408300 848.268000 219.598100 838.615800
220.026300 849.991200 216.257000 840.414000
216.652600 851.728000 212.960000 842.282700
213.269900 853.442300 209.641600 844.126600
209.880600 855.139200 206.272700 845.917800
206.468800 856.885000 202.876400 847.777600
203.010300 858.620500 199.488400 849.684300
199.502700 860.363300 196.051300 851.586200
196.002500 862.107300 192.621200 853.504000
192.526600 863.893400 189.230700 855.436200
189.070200 865.686900 185.854000 857.393800
185.622800 867.526100 182.495400 859.384400
182.188500 869.362900 179.109700 861.349600
178.750800 871.210600 175.730600 863.290600
175.314500 873.051400 172.367800 865.289200
171.878500 874.938000 169.035600 867.363600
168.464000 876.882000 165.773800 869.560900
165.093500 878.898700 162.451800 871.679700
161.793700 881.039600 159.303400 874.063900
158.553600 883.315600 156.103000 876.398100
155.369300 885.727000 152.965300 878.888600
152.279000 888.277000 149.958100 881.561600
149.259200 890.897300 147.030100 884.287900
146.298100 893.633000 144.179200 887.156300
143.341500 896.377900 141.316000 890.007300
140.419600 899.149000 138.449600 892.850300
137.428800 901.883400 135.558900 895.698600
134.430600 904.585400 132.664700 898.498100
131.430500 907.268900 129.758200 901.298000
128.400000 909.942700 126.851900 904.113300
125.387100 912.605700 123.969800 906.886000
122.446000 915.311700 121.135000 909.735900
