0 0.000926 0.050560 100.000000 12.195122
0 0.000603 0.074020 200.000000 15.384615
0 0.000428 0.087724 300.000000 17.543859
0 0.000364 0.098011 400.000000 19.138756
0 0.000216 0.116619 500.000000 20.325203
0 0.000178 0.113091 600.000000 21.126760
0 0.000150 0.110404 700.000000 21.806854
0 0.000134 0.108703 800.000000 22.284122
10 0.000882 0.058164 100.000000 12.987013
10 0.000573 0.077579 200.000000 16.129032
10 0.000424 0.088881 300.000000 18.181818
10 0.000367 0.098801 400.000000 19.704433
10 0.000213 0.115468 500.000000 20.833334
10 0.000173 0.111889 600.000000 21.582733
10 0.000146 0.108703 700.000000 22.222221
10 0.000130 0.106862 800.000000 22.662889
20 0.000250 0.025117 100.000000 13.888889
20 0.000276 0.031465 200.000000 16.949152
20 0.000244 0.038379 300.000000 18.867924
20 0.000242 0.046432 400.000000 20.304569
20 0.000131 0.065267 500.000000 21.367521
20 0.000111 0.060252 600.000000 22.140221
20 0.000095 0.056498 700.000000 22.653721
20 0.000084 0.054113 800.000000 23.121387
30 0.000067 0.016949 100.000000 14.925373
30 0.000155 0.014334 200.000000 17.857143
30 0.000181 0.018984 300.000000 19.607843
30 0.000177 0.025472 400.000000 21.052631
30 0.000123 0.044405 500.000000 22.026432
30 0.000107 0.038750 600.000000 22.641510
30 0.000093 0.035237 700.000000 23.178808
30 0.000085 0.032739 800.000000 23.529411
40 0.000069 0.014111 100.000000 16.129032
40 0.000156 0.012289 200.000000 18.867924
40 0.000189 0.017634 300.000000 20.408163
40 0.000166 0.023578 400.000000 21.739130
40 0.000121 0.042560 500.000000 22.624434
40 0.000103 0.037068 600.000000 23.166023
40 0.000088 0.033349 700.000000 23.648649
40 0.000083 0.030620 800.000000 23.952095
50 0.000105 0.011251 100.000000 17.241379
50 0.000143 0.010892 200.000000 19.801981
50 0.000193 0.015384 300.000000 21.276596
50 0.000166 0.029241 400.000000 22.471910
50 0.000129 0.041000 500.000000 23.148148
50 0.000106 0.035848 600.000000 23.715416
50 0.000093 0.032241 700.000000 24.054983
50 0.000089 0.029951 800.000000 24.316109
60 0.000249 0.006406 100.000000 18.518518
60 0.000133 0.013516 200.000000 20.618557
60 0.000216 0.016074 300.000000 21.897810
60 0.000149 0.036236 400.000000 22.988506
60 0.000129 0.041216 500.000000 23.696682
60 0.000106 0.035741 600.000000 24.096386
60 0.000094 0.032447 700.000000 24.475525
60 0.000088 0.030055 800.000000 24.691359
70 0.000248 0.005391 100.000000 19.230770
70 0.000168 0.015706 200.000000 21.276596
70 0.000211 0.018739 300.000000 22.556391
70 0.000148 0.051139 400.000000 23.529411
70 0.000122 0.042025 500.000000 24.154589
70 0.000104 0.036318 600.000000 24.489796
70 0.000093 0.032389 700.000000 24.822695
70 0.000086 0.029677 800.000000 25.000000
80 0.000281 0.009068 100.000000 20.408163
80 0.000189 0.019136 200.000000 21.978022
80 0.000204 0.024145 300.000000 23.255814
80 0.000139 0.053021 400.000000 24.096386
80 0.000118 0.043909 500.000000 24.509804
80 0.000100 0.038046 600.000000 24.896265
80 0.000088 0.034095 700.000000 25.089605
80 0.000083 0.031363 800.000000 25.316456
90 0.000319 0.014421 100.000000 21.276596
90 0.000249 0.023341 200.000000 22.471910
90 0.000254 0.029862 300.000000 23.809525
90 0.000139 0.055691 400.000000 24.539877
90 0.000120 0.047273 500.000000 24.875622
90 0.000099 0.041456 600.000000 25.210085
90 0.000089 0.037954 700.000000 25.362318
90 0.000085 0.034683 800.000000 25.477707
100 0.000361 0.016958 100.000000 21.739130
100 0.000293 0.024947 200.000000 23.255814
100 0.000232 0.033733 300.000000 24.390244
100 0.000147 0.056278 400.000000 24.844721
100 0.000119 0.047975 500.000000 25.252525
100 0.000099 0.042534 600.000000 25.423729
100 0.000091 0.038708 700.000000 25.547445
100 0.000086 0.035115 800.000000 25.723473
110 0.000078 0.009064 100.000000 22.222221
110 0.000236 0.005430 200.000000 23.809525
110 0.000194 0.031491 300.000000 24.793388
110 0.000171 0.039791 400.000000 25.157232
110 0.000137 0.032897 500.000000 25.510204
110 0.000121 0.029769 600.000000 25.641026
110 0.000115 0.028691 700.000000 25.830257
110 0.000110 0.029480 800.000000 25.889967
120 0.000139 0.008776 100.000000 22.727272
120 0.000235 0.004240 200.000000 24.096386
120 0.000204 0.054564 300.000000 25.210085
120 0.000164 0.041294 400.000000 25.477707
120 0.000136 0.034670 500.000000 25.773195
120 0.000118 0.031414 600.000000 25.862068
120 0.000110 0.030307 700.000000 25.925926
120 0.000108 0.030631 800.000000 25.974026
130 0.000167 0.009761 100.000000 23.255814
130 0.000207 0.004850 200.000000 24.691359
130 0.000191 0.053179 300.000000 25.423729
130 0.000161 0.040420 400.000000 25.641026
130 0.000132 0.034209 500.000000 25.906736
130 0.000111 0.031356 600.000000 25.974026
130 0.000113 0.030239 700.000000 26.119404
130 0.000108 0.031402 800.000000 26.143791
140 0.000244 0.008666 100.000000 23.809525
140 0.000222 0.012999 200.000000 25.000000
140 0.000185 0.053986 300.000000 25.641026
140 0.000151 0.041013 400.000000 25.974026
140 0.000123 0.034584 500.000000 26.041666
140 0.000110 0.031388 600.000000 26.086956
140 0.000111 0.030200 700.000000 26.217228
140 0.000105 0.031321 800.000000 26.229507
150 0.000380 0.005973 100.000000 23.809525
150 0.000214 0.037794 200.000000 25.641026
150 0.000207 0.053600 300.000000 25.862068
150 0.000154 0.041312 400.000000 26.143791
150 0.000132 0.035452 500.000000 26.178011
150 0.000123 0.032905 600.000000 26.200872
150 0.000114 0.032641 700.000000 26.315790
150 0.000110 0.034158 800.000000 26.315790
160 0.000340 0.003882 100.000000 25.000000
160 0.000272 0.079124 200.000000 25.974026
160 0.000204 0.052265 300.000000 26.086956
160 0.000158 0.040444 400.000000 26.315790
160 0.000133 0.034630 500.000000 26.315790
160 0.000123 0.032421 600.000000 26.315790
160 0.000125 0.032471 700.000000 26.415094
160 0.000112 0.034865 800.000000 26.402639
170 0.000272 0.005303 100.000000 25.641026
170 0.000273 0.078722 200.000000 26.315790
170 0.000197 0.052042 300.000000 26.315790
170 0.000154 0.040141 400.000000 26.315790
170 0.000124 0.034384 500.000000 26.455027
170 0.000123 0.031840 600.000000 26.431719
170 0.000119 0.032862 700.000000 26.415094
170 0.000115 0.084134 800.000000 26.490067
180 0.000252 0.019591 100.000000 25.641026
180 0.000245 0.078569 200.000000 26.315790
180 0.000184 0.052455 300.000000 26.548672
180 0.000141 0.040800 400.000000 26.490067
180 0.000119 0.035175 500.000000 26.455027
180 0.000123 0.033402 600.000000 26.548672
180 0.000114 0.035321 700.000000 26.515152
180 0.000112 0.119262 800.000000 26.490067
190 0.000090 0.075169 100.000000 26.315790
190 0.000245 0.079193 200.000000 26.315790
190 0.000162 0.053724 300.000000 26.548672
190 0.000139 0.042704 400.000000 26.490067
190 0.000129 0.037525 500.000000 26.455027
190 0.000119 0.037343 600.000000 26.548672
190 0.000116 0.039376 700.000000 26.515152
190 0.000109 0.152022 800.000000 26.490067
200 0.000479 0.159232 100.000000 26.315790
200 0.000270 0.079465 200.000000 26.315790
200 0.000185 0.055695 300.000000 26.548672
200 0.000144 0.046062 400.000000 26.490067
200 0.000136 0.042217 500.000000 26.455027
200 0.000133 0.042841 600.000000 26.431719
200 0.000124 0.049680 700.000000 26.515152
200 0.000121 0.160434 800.000000 26.402639
210 0.000490 0.157640 100.000000 25.641026
210 0.000295 0.081223 200.000000 26.315790
210 0.000205 0.059487 300.000000 26.315790
210 0.000153 0.050699 400.000000 26.490067
210 0.000162 0.047202 500.000000 26.455027
210 0.000143 0.050003 600.000000 26.431719
210 0.000136 0.122367 700.000000 26.415094
210 0.000127 0.162763 800.000000 26.402639
220 0.000465 0.137361 100.000000 25.641026
220 0.000253 0.071209 200.000000 26.315790
220 0.000178 0.052036 300.000000 26.315790
220 0.000143 0.045060 400.000000 26.315790
220 0.000143 0.044169 500.000000 26.455027
220 0.000137 0.046403 600.000000 26.431719
220 0.000126 0.136284 700.000000 26.415094
220 0.000112 0.160051 800.000000 26.315790
230 0.000107 0.070271 100.000000 25.641026
230 0.000063 0.036529 200.000000 26.315790
230 0.000059 0.024830 300.000000 26.315790
230 0.000059 0.018951 400.000000 26.315790
230 0.000067 0.014547 500.000000 26.455027
230 0.000070 0.012829 600.000000 26.431719
230 0.000069 0.163450 700.000000 26.415094
230 0.000058 0.143500 800.000000 26.315790
240 0.000058 0.010816 100.000000 25.641026
240 0.000053 0.009984 200.000000 25.974026
240 0.000039 0.008200 300.000000 26.315790
240 0.000052 0.005895 400.000000 26.315790
240 0.000064 0.001940 500.000000 26.315790
240 0.000072 0.035986 600.000000 26.431719
240 0.000072 0.153659 700.000000 26.315790
240 0.000053 0.134866 800.000000 26.229507
250 0.000081 0.012681 100.000000 25.641026
250 0.000047 0.008538 200.000000 25.974026
250 0.000037 0.007318 300.000000 26.315790
250 0.000070 0.004944 400.000000 26.315790
250 0.000066 0.003731 500.000000 26.315790
250 0.000071 0.114244 600.000000 26.315790
250 0.000071 0.153850 700.000000 26.315790
250 0.000053 0.135058 800.000000 26.229507
260 0.000045 0.013779 100.000000 25.641026
260 0.000049 0.011116 200.000000 25.974026
260 0.000043 0.007912 300.000000 26.315790
260 0.000068 0.004323 400.000000 26.315790
260 0.000066 0.004824 500.000000 26.315790
260 0.000073 0.153048 600.000000 26.315790
260 0.000061 0.154127 700.000000 26.315790
260 0.000054 0.135072 800.000000 26.143791
270 0.000050 0.012704 100.000000 25.641026
270 0.000046 0.011662 200.000000 25.974026
270 0.000049 0.009080 300.000000 26.315790
270 0.000068 0.004445 400.000000 26.315790
270 0.000070 0.004192 500.000000 26.315790
270 0.000079 0.179057 600.000000 26.315790
270 0.000054 0.153881 700.000000 26.217228
270 0.000048 0.134872 800.000000 26.143791
280 0.000037 0.012994 100.000000 25.641026
280 0.000022 0.012681 200.000000 25.974026
280 0.000050 0.010557 300.000000 26.315790
280 0.000067 0.005145 400.000000 26.315790
280 0.000076 0.074241 500.000000 26.315790
280 0.000074 0.179042 600.000000 26.315790
280 0.000052 0.153723 700.000000 26.217228
280 0.000045 0.134788 800.000000 26.058632
290 0.000020 0.011839 100.000000 25.641026
290 0.000020 0.012223 200.000000 25.974026
290 0.000066 0.009113 300.000000 26.315790
290 0.000059 0.004698 400.000000 26.315790
290 0.000071 0.147207 500.000000 26.315790
290 0.000068 0.179150 600.000000 26.200872
290 0.000049 0.153867 700.000000 26.119404
290 0.000053 0.135010 800.000000 26.058632
300 0.000043 0.014630 100.000000 25.641026
300 0.000055 0.010103 200.000000 25.974026
300 0.000069 0.006006 300.000000 26.315790
300 0.000074 0.005844 400.000000 26.315790
300 0.000076 0.204266 500.000000 26.315790
300 0.000061 0.179521 600.000000 26.200872
300 0.000052 0.154058 700.000000 26.119404
300 0.000047 0.135187 800.000000 26.058632
310 0.000046 0.013981 100.000000 25.641026
310 0.000063 0.009920 200.000000 25.974026
310 0.000095 0.006467 300.000000 26.086956
310 0.000079 0.006577 400.000000 26.315790
310 0.000086 0.214855 500.000000 26.178011
310 0.000055 0.179387 600.000000 26.200872
310 0.000047 0.154031 700.000000 26.022305
310 0.000043 0.135177 800.000000 26.058632
320 0.000026 0.013531 100.000000 25.641026
320 0.000068 0.012034 200.000000 25.974026
320 0.000081 0.005826 300.000000 26.086956
320 0.000086 0.118840 400.000000 26.315790
320 0.000081 0.214842 500.000000 26.178011
320 0.000054 0.179318 600.000000 26.086956
320 0.000052 0.153992 700.000000 26.022305
320 0.000042 0.135138 800.000000 26.058632
330 0.000034 0.011944 100.000000 25.641026
330 0.000096 0.007997 200.000000 25.974026
330 0.000092 0.006375 300.000000 26.086956
330 0.000087 0.190435 400.000000 26.143791
330 0.000073 0.215119 500.000000 26.178011
330 0.000056 0.179592 600.000000 26.086956
330 0.000055 0.154209 700.000000 26.022305
330 0.000044 0.135403 800.000000 26.058632
340 0.000090 0.014944 100.000000 25.641026
340 0.000085 0.007058 200.000000 25.974026
340 0.000091 0.006110 300.000000 26.086956
340 0.000077 0.255219 400.000000 26.143791
340 0.000061 0.215023 500.000000 26.178011
340 0.000053 0.179300 600.000000 25.974026
340 0.000045 0.154089 700.000000 26.022305
340 0.000044 0.135116 800.000000 26.058632
350 0.000102 0.010511 100.000000 25.641026
350 0.000110 0.006563 200.000000 25.974026
350 0.000101 0.037182 300.000000 26.086956
350 0.000101 0.268536 400.000000 26.143791
350 0.000057 0.215238 500.000000 26.041666
350 0.000056 0.179675 600.000000 25.974026
350 0.000044 0.154443 700.000000 25.925926
350 0.000046 0.135381 800.000000 26.143791
360 0.000205 0.010991 100.000000 25.641026
360 0.000124 0.008576 200.000000 25.974026
360 0.000116 0.210752 300.000000 26.086956
360 0.000105 0.268910 400.000000 26.143791
360 0.000068 0.215646 500.000000 26.041666
360 0.000067 0.180118 600.000000 25.862068
360 0.000050 0.154924 700.000000 26.022305
360 0.000049 0.135810 800.000000 26.143791
370 0.000141 0.007068 100.000000 25.641026
370 0.000123 0.010179 200.000000 25.974026
370 0.000104 0.253952 300.000000 26.086956
370 0.000082 0.269148 400.000000 25.974026
370 0.000063 0.215551 500.000000 25.906736
370 0.000055 0.180076 600.000000 25.862068
370 0.000054 0.154772 700.000000 26.022305
370 0.000035 0.135507 800.000000 26.143791
380 0.000105 0.007916 100.000000 25.641026
380 0.000094 0.007328 200.000000 25.974026
380 0.000082 0.357511 300.000000 26.086956
380 0.000055 0.268516 400.000000 25.974026
380 0.000047 0.214987 500.000000 25.906736
380 0.000041 0.179553 600.000000 25.862068
380 0.000040 0.154158 700.000000 26.022305
380 0.000025 0.134768 800.000000 26.143791
390 0.000147 0.007902 100.000000 25.641026
390 0.000127 0.106788 200.000000 25.974026
390 0.000106 0.357706 300.000000 26.086956
390 0.000058 0.268593 400.000000 25.974026
390 0.000051 0.215162 500.000000 25.773195
390 0.000039 0.179725 600.000000 25.862068
390 0.000040 0.154204 700.000000 26.022305
390 0.000030 0.134816 800.000000 26.143791
400 0.000038 0.005572 100.000000 25.641026
400 0.000071 0.341026 200.000000 25.974026
400 0.000075 0.357306 300.000000 25.862068
400 0.000038 0.268078 400.000000 25.806452
400 0.000044 0.214860 500.000000 25.773195
400 0.000027 0.179473 600.000000 25.862068
400 0.000027 0.153848 700.000000 26.119404
400 0.000019 0.134462 800.000000 26.229507
410 0.000079 0.009049 100.000000 25.641026
410 0.000086 0.431299 200.000000 25.974026
410 0.000062 0.357516 300.000000 25.862068
410 0.000046 0.268128 400.000000 25.806452
410 0.000039 0.214930 500.000000 25.773195
410 0.000042 0.179557 600.000000 25.974026
410 0.000024 0.153751 700.000000 26.119404
410 0.000023 0.134318 800.000000 26.229507
420 0.000083 0.005292 100.000000 25.641026
420 0.000113 0.535231 200.000000 25.641026
420 0.000050 0.357032 300.000000 25.862068
420 0.000035 0.267994 400.000000 25.641026
420 0.000033 0.214904 500.000000 25.773195
420 0.000032 0.179436 600.000000 25.974026
420 0.000019 0.153685 700.000000 26.119404
420 0.000024 0.134138 800.000000 26.143791
430 0.000134 0.316083 100.000000 25.641026
430 0.000107 0.535469 200.000000 25.641026
430 0.000045 0.357012 300.000000 25.641026
430 0.000036 0.268205 400.000000 25.641026
430 0.000026 0.215050 500.000000 25.773195
430 0.000029 0.179473 600.000000 25.974026
430 0.000020 0.153705 700.000000 26.119404
430 0.000032 0.134081 800.000000 26.143791
440 0.000125 0.680691 100.000000 25.641026
440 0.000102 0.535180 200.000000 25.641026
440 0.000045 0.356879 300.000000 25.641026
440 0.000050 0.268205 400.000000 25.641026
440 0.000028 0.215094 500.000000 25.773195
440 0.000022 0.179269 600.000000 26.086956
440 0.000021 0.153509 700.000000 26.119404
440 0.000028 0.133751 800.000000 26.143791
450 0.000114 1.016580 100.000000 25.000000
450 0.000063 0.534974 200.000000 25.641026
450 0.000038 0.356757 300.000000 25.641026
450 0.000035 0.268260 400.000000 25.641026
450 0.000032 0.215171 500.000000 25.773195
450 0.000017 0.179179 600.000000 26.086956
450 0.000020 0.153335 700.000000 26.119404
450 0.000023 0.133514 800.000000 26.058632
460 0.000150 1.069642 100.000000 25.000000
460 0.000044 0.534845 200.000000 25.316456
460 0.000022 0.357035 300.000000 25.423729
460 0.000022 0.268525 400.000000 25.641026
460 0.000021 0.215341 500.000000 25.906736
460 0.000014 0.179513 600.000000 26.086956
460 0.000019 0.153546 700.000000 26.119404
460 0.000022 0.134658 800.000000 25.974026
470 0.000099 0.650264 100.000000 25.000000
470 0.000037 0.325225 200.000000 25.316456
470 0.000021 0.217607 300.000000 25.423729
470 0.000015 0.164065 400.000000 25.641026
470 0.000015 0.131762 500.000000 25.906736
470 0.000014 0.109922 600.000000 26.086956
470 0.000020 0.093932 700.000000 26.119404
470 0.000022 0.082605 800.000000 25.889967
480 0.000104 0.328920 100.000000 25.000000
480 0.000059 0.164497 200.000000 25.316456
480 0.000025 0.110662 300.000000 25.423729
480 0.000027 0.084463 400.000000 25.641026
480 0.000032 0.068144 500.000000 26.041666
480 0.000025 0.057695 600.000000 26.086956
480 0.000018 0.049130 700.000000 26.119404
480 0.000021 0.044710 800.000000 25.806452
490 0.000049 0.056474 100.000000 25.000000
490 0.000014 0.027172 200.000000 25.316456
490 0.000014 0.019712 300.000000 25.423729
490 0.000012 0.016642 400.000000 25.806452
490 0.000012 0.013926 500.000000 26.041666
490 0.000015 0.012036 600.000000 26.200872
490 0.000017 0.011287 700.000000 26.022305
490 0.000034 0.035530 800.000000 25.723473
500 0.000107 0.006677 100.000000 25.000000
500 0.000051 0.012008 200.000000 25.000000
500 0.000029 0.014934 300.000000 25.423729
500 0.000011 0.016305 400.000000 25.806452
500 0.000023 0.016498 500.000000 26.041666
500 0.000009 0.015783 600.000000 26.200872
500 0.000008 0.015079 700.000000 25.925926
500 0.000043 0.095467 800.000000 25.559105
510 0.000092 0.005095 100.000000 25.000000
510 0.000015 0.013158 200.000000 25.000000
510 0.000022 0.014543 300.000000 25.423729
510 0.000011 0.014767 400.000000 25.974026
510 0.000019 0.015332 500.000000 26.178011
510 0.000007 0.014270 600.000000 26.086956
510 0.000015 0.013556 700.000000 25.830257
510 0.000054 0.144374 800.000000 25.396826
520 0.000035 0.006863 100.000000 24.390244
520 0.000011 0.011838 200.000000 25.000000
520 0.000007 0.013370 300.000000 25.641026
520 0.000021 0.012101 400.000000 25.974026
520 0.000012 0.012627 500.000000 26.178011
520 0.000011 0.010290 600.000000 26.086956
520 0.000027 0.010771 700.000000 25.735294
520 0.000074 0.176623 800.000000 25.236593
530 0.000035 0.015503 100.000000 24.390244
530 0.000019 0.015163 200.000000 25.000000
530 0.000020 0.014139 300.000000 25.641026
530 0.000018 0.012501 400.000000 25.974026
530 0.000016 0.011523 500.000000 26.178011
530 0.000020 0.010863 600.000000 26.086956
530 0.000045 0.045795 700.000000 25.641026
530 0.000075 0.176339 800.000000 25.078369
540 0.000055 0.012872 100.000000 24.390244
540 0.000020 0.011062 200.000000 25.316456
540 0.000031 0.010552 300.000000 25.862068
540 0.000017 0.009931 400.000000 26.143791
540 0.000019 0.008585 500.000000 26.178011
540 0.000021 0.007350 600.000000 25.974026
540 0.000069 0.115176 700.000000 25.454546
540 0.000072 0.176293 800.000000 24.844721
550 0.000069 0.018346 100.000000 24.390244
550 0.000019 0.014143 200.000000 25.316456
550 0.000028 0.011931 300.000000 26.086956
550 0.000017 0.011633 400.000000 26.315790
550 0.000019 0.009741 500.000000 26.178011
550 0.000029 0.008376 600.000000 25.862068
550 0.000076 0.171163 700.000000 25.362318
550 0.000068 0.175705 800.000000 24.464832
560 0.000040 0.013460 100.000000 24.390244
560 0.000033 0.014303 200.000000 25.641026
560 0.000021 0.010597 300.000000 26.086956
560 0.000013 0.010624 400.000000 26.315790
560 0.000019 0.007615 500.000000 26.178011
560 0.000040 0.008003 600.000000 25.751074
560 0.000089 0.201869 700.000000 25.179855
560 0.000073 0.175582 800.000000 24.024025
570 0.000020 0.016333 100.000000 25.000000
570 0.000015 0.014825 200.000000 25.974026
570 0.000023 0.012639 300.000000 26.315790
570 0.000018 0.011293 400.000000 26.315790
570 0.000021 0.010830 500.000000 26.178011
570 0.000053 0.060673 600.000000 25.641026
570 0.000082 0.201556 700.000000 25.000000
570 0.000066 0.176195 800.000000 23.598820
580 0.000039 0.013095 100.000000 25.000000
580 0.000020 0.013043 200.000000 25.974026
580 0.000022 0.012627 300.000000 26.315790
580 0.000017 0.010437 400.000000 26.490067
580 0.000022 0.009195 500.000000 26.041666
580 0.000073 0.134140 600.000000 25.531916
580 0.000076 0.201171 700.000000 24.734982
580 0.000153 0.173765 800.000000 23.054754
590 0.000045 0.014783 100.000000 25.641026
590 0.000014 0.013778 200.000000 26.315790
590 0.000027 0.014125 300.000000 26.548672
590 0.000014 0.011742 400.000000 26.315790
590 0.000025 0.010725 500.000000 26.041666
590 0.000083 0.206687 600.000000 25.316456
590 0.000070 0.200474 700.000000 24.305555
590 0.000112 0.171988 800.000000 22.662889
600 0.000040 0.019304 100.000000 25.641026
600 0.000040 0.012937 200.000000 26.315790
600 0.000018 0.013216 300.000000 26.548672
600 0.000017 0.009267 400.000000 26.315790
600 0.000039 0.010338 500.000000 25.773195
600 0.000097 0.235234 600.000000 25.104603
600 0.000078 0.200295 700.000000 23.809525
600 0.000315 0.174310 800.000000 22.222221
610 0.000044 0.013140 100.000000 25.641026
610 0.000031 0.010822 200.000000 26.666666
610 0.000019 0.010274 300.000000 26.548672
610 0.000020 0.009310 400.000000 26.143791
610 0.000069 0.081150 500.000000 25.641026
610 0.000095 0.234866 600.000000 24.793388
610 0.000075 0.201332 700.000000 23.178808
610 0.000332 0.167078 800.000000 21.798365
620 0.000064 0.009973 100.000000 26.315790
620 0.000018 0.009163 200.000000 26.666666
620 0.000031 0.007043 300.000000 26.548672
620 0.000036 0.005676 400.000000 25.974026
620 0.000097 0.178256 500.000000 25.380711
620 0.000097 0.234489 600.000000 24.390244
620 0.000180 0.199269 700.000000 22.653721
620 0.000338 0.161471 800.000000 21.505377
630 0.000043 0.007697 100.000000 26.315790
630 0.000020 0.008996 200.000000 26.666666
630 0.000028 0.006326 300.000000 26.315790
630 0.000053 0.006660 400.000000 25.806452
630 0.000112 0.273556 500.000000 25.000000
630 0.000093 0.233687 600.000000 23.904383
630 0.000061 0.195628 700.000000 22.082020
630 0.000334 0.155241 800.000000 21.164021
640 0.000118 0.011838 100.000000 26.315790
640 0.000062 0.013469 200.000000 26.666666
640 0.000032 0.010062 300.000000 26.086956
640 0.000044 0.015940 400.000000 25.477707
640 0.000108 0.281752 500.000000 24.752476
640 0.000081 0.233460 600.000000 23.166023
640 0.000368 0.195816 700.000000 21.538462
640 0.000387 0.148414 800.000000 20.725389
650 0.000095 0.011470 100.000000 26.315790
650 0.000041 0.011306 200.000000 26.315790
650 0.000029 0.010175 300.000000 25.862068
650 0.000081 0.145150 400.000000 25.157232
650 0.000101 0.281325 500.000000 24.271845
650 0.000082 0.234921 600.000000 22.471910
650 0.000388 0.187666 700.000000 21.084337
650 0.000382 0.148555 800.000000 20.304569
660 0.000065 0.014039 100.000000 26.315790
660 0.000042 0.010494 200.000000 25.974026
660 0.000031 0.008574 300.000000 25.641026
660 0.000109 0.244296 400.000000 24.844721
660 0.000103 0.280792 500.000000 23.809525
660 0.000201 0.233225 600.000000 21.818182
660 0.000395 0.181004 700.000000 20.771513
660 0.000754 0.146373 800.000000 19.851116
670 0.000043 0.009917 100.000000 25.641026
670 0.000058 0.005818 200.000000 25.974026
670 0.000087 0.003483 300.000000 25.210085
670 0.000158 0.352591 400.000000 24.390244
670 0.000124 0.280470 500.000000 23.041475
670 0.000126 0.231911 600.000000 21.201414
670 0.000376 0.176158 700.000000 20.348837
670 0.000165 0.157652 800.000000 19.417477
680 0.000046 0.007603 100.000000 25.641026
680 0.000070 0.005080 200.000000 25.641026
680 0.000101 0.075033 300.000000 24.793388
680 0.000161 0.352415 400.000000 23.952095
680 0.000119 0.281570 500.000000 22.222221
680 0.000422 0.226543 600.000000 20.689655
680 0.000427 0.171356 700.000000 19.886364
680 0.000194 0.159596 800.000000 19.093079
690 0.000075 0.007592 100.000000 25.641026
690 0.000055 0.004044 200.000000 25.316456
690 0.000149 0.252911 300.000000 24.390244
690 0.000143 0.352042 400.000000 23.529411
690 0.000146 0.281902 500.000000 21.459227
690 0.000446 0.217525 600.000000 20.202021
690 0.000435 0.173587 700.000000 19.444445
700 0.000095 0.006964 100.000000 25.000000
700 0.000077 0.003572 200.000000 24.691359
700 0.000175 0.384214 300.000000 24.000000
700 0.000141 0.351304 400.000000 22.857143
700 0.000254 0.282690 500.000000 20.833334
700 0.000448 0.210311 600.000000 19.867550
700 0.000403 0.177056 700.000000 18.970190
710 0.000070 0.013579 100.000000 25.000000
710 0.000111 0.003539 200.000000 24.390244
710 0.000213 0.470507 300.000000 23.622047
710 0.000148 0.350991 400.000000 21.978022
710 0.000414 0.278643 500.000000 20.161291
710 0.000444 0.203578 600.000000 19.417477
710 0.000233 0.177769 700.000000 18.567638
720 0.000105 0.008175 100.000000 24.390244
720 0.000171 0.180517 200.000000 23.809525
720 0.000201 0.470116 300.000000 23.076923
720 0.000139 0.352816 400.000000 21.164021
720 0.000527 0.268983 500.000000 19.607843
720 0.000502 0.199725 600.000000 18.987341
730 0.000047 0.008764 100.000000 23.809525
730 0.000204 0.402365 200.000000 23.529411
730 0.000170 0.469674 300.000000 22.556391
730 0.000301 0.347539 400.000000 20.304569
730 0.000554 0.258613 500.000000 19.230770
730 0.000564 0.201872 600.000000 18.518518
740 0.000077 0.009777 100.000000 23.809525
740 0.000240 0.620692 200.000000 22.988506
740 0.000158 0.468586 300.000000 21.739130
740 0.000223 0.343785 400.000000 19.704433
740 0.000548 0.249202 500.000000 18.867924
740 0.000461 0.202799 600.000000 18.072289
750 0.000176 0.021644 100.000000 23.255814
750 0.000288 0.706997 200.000000 22.471910
750 0.000179 0.468516 300.000000 20.833334
750 0.000634 0.348474 400.000000 19.047619
750 0.000544 0.242830 500.000000 18.518518
750 0.000287 0.205816 600.000000 17.751480
760 0.000237 0.358697 100.000000 22.727272
760 0.000251 0.703772 200.000000 21.978022
760 0.000150 0.468638 300.000000 20.000000
760 0.000683 0.333565 400.000000 18.604650
760 0.000622 0.235877 500.000000 18.050541
770 0.000392 0.802161 100.000000 22.222221
770 0.000247 0.703241 200.000000 21.505377
770 0.000305 0.465683 300.000000 19.230770
770 0.000697 0.322146 400.000000 18.181818
770 0.000680 0.241449 500.000000 17.605635
780 0.000410 1.195206 100.000000 21.739130
780 0.000215 0.701724 200.000000 20.833334
780 0.000313 0.460118 300.000000 18.518518
780 0.000703 0.310015 400.000000 17.857143
780 0.000423 0.246656 500.000000 17.241379
790 0.000424 1.409942 100.000000 21.276596
790 0.000187 0.700025 200.000000 19.801981
790 0.000686 0.460320 300.000000 17.964071
790 0.000721 0.297775 400.000000 17.543859
790 0.000362 0.243842 500.000000 16.891891
800 0.000340 1.183578 100.000000 20.833334
800 0.000149 0.588487 200.000000 18.867924
800 0.000947 0.369402 300.000000 17.441860
800 0.000820 0.232518 400.000000 17.167381
800 0.000374 0.207767 500.000000 16.666666
810 0.000147 0.736744 100.000000 20.408163
810 0.000073 0.365084 200.000000 18.018019
810 0.001024 0.203174 300.000000 17.142857
810 0.000866 0.121114 400.000000 16.806723
820 0.000090 0.425704 100.000000 19.607843
820 0.000392 0.202043 200.000000 17.241379
820 0.001058 0.083762 300.000000 16.853933
820 0.001608 0.057241 400.000000 16.393442
830 0.000031 0.013626 100.000000 18.518518
830 0.000316 0.106968 200.000000 16.666666
830 0.001073 0.084194 300.000000 16.574585
830 0.000662 0.119911 400.000000 16.129032
840 0.000051 0.017665 100.000000 17.241379
840 0.001557 0.123373 200.000000 16.129032
840 0.001090 0.097080 300.000000 16.304348
840 0.000595 0.127064 400.000000 15.873015
850 0.000062 0.016813 100.000000 16.393442
850 0.001613 0.115094 200.000000 15.873015
850 0.001197 0.104953 300.000000 15.957447
860 0.000168 0.027636 100.000000 15.625000
860 0.001620 0.108231 200.000000 15.625000
860 0.001178 0.105004 300.000000 15.625000
870 0.000692 0.055977 100.000000 14.925373
870 0.001625 0.111621 200.000000 15.503876
870 0.002177 0.125728 300.000000 15.384615
880 0.000424 0.202658 100.000000 14.705882
880 0.001607 0.118406 200.000000 15.503876
880 0.000840 0.157783 300.000000 15.306123
890 0.002649 0.236276 100.000000 14.705882
890 0.001619 0.129676 200.000000 15.625000
890 0.000716 0.169021 300.000000 15.306123
900 0.003064 0.226884 100.000000 14.925373
900 0.001778 0.141376 200.000000 15.625000
900 0.000692 0.166220 300.000000 15.306123
910 0.003163 0.212852 100.000000 14.925373
910 0.001761 0.148689 200.000000 15.503876
920 0.003193 0.205488 100.000000 15.384615
920 0.001789 0.152875 200.000000 15.503876
930 0.003941 0.205581 100.000000 15.625000
930 0.003015 0.216525 200.000000 15.503876
940 0.003815 0.223372 100.000000 15.873015
940 0.001552 0.275673 200.000000 15.384615
950 0.002311 0.182952 100.000000 16.129032
950 0.000638 0.259536 200.000000 15.384615
960 0.000255 0.018045 100.000000 16.129032
960 0.000438 0.138166 200.000000 15.384615
970 0.000467 0.016204 100.000000 15.873015
970 0.000539 0.143011 200.000000 15.384615
980 0.000347 0.011557 100.000000 15.625000
990 0.000944 0.018515 100.000000 15.151515
1000 0.000696 0.109102 100.000000 14.705882
1010 0.001131 0.202466 100.000000 14.492754
1020 0.001016 0.251860 100.000000 14.492754
1030 0.001509 0.273530 100.000000 14.705882
