0.000000 -0.000000 0.000000 0.000000
-0.140643 2.574964 -0.055426 2.577852
-0.281220 5.148987 -0.137558 5.156661
-0.421837 7.724036 -0.226730 7.733925
-0.562431 10.298960 -0.280888 10.312400
-0.701879 12.869650 -0.394682 12.887920
-0.854664 15.479570 -0.501937 15.528540
-1.011589 18.173180 -0.737419 18.239000
-1.171840 20.913680 -0.941789 20.992790
-1.334841 23.709530 -1.177297 23.798350
-1.487044 26.544710 -1.319768 26.643830
-1.633363 29.422930 -1.483840 29.544990
-1.768976 32.357140 -1.683233 32.477340
-1.929780 35.330970 -1.880689 35.529510
-2.126953 38.471510 -2.027621 38.648540
-2.329940 41.561110 -2.254615 41.726730
-2.535885 44.597900 -2.465329 44.741680
-2.728914 47.592750 -2.736039 47.716220
-2.937935 50.537730 -2.966240 50.654390
-3.130185 53.464980 -3.133694 53.564560
-3.310922 56.350390 -3.346842 56.446880
-3.511313 59.225400 -3.579061 59.297560
-3.703384 62.006320 -3.761855 62.049710
-3.912602 64.697860 -3.993315 64.698360
-4.114442 67.264550 -4.241854 67.220520
-4.313021 69.714240 -4.602939 69.615760
-4.514875 72.037350 -4.863282 71.863560
-4.709494 74.175390 -5.063534 73.947350
-4.891889 76.138280 -5.208061 75.848660
-5.039038 77.925340 -5.331888 77.597350
-5.159772 79.592300 -5.515071 79.217820
-5.235209 81.135380 -5.572993 80.717230
-5.207469 82.555940 -5.546315 82.104280
-5.029560 83.885300 -5.246362 83.391270
-4.680938 85.118200 -4.929969 84.610750
-4.130089 86.200010 -4.435298 85.696650
-3.393066 87.095580 -3.749103 86.596130
-2.508137 87.820100 -2.900563 87.364280
-1.511055 88.343490 -1.929274 87.935080
-0.450022 88.747950 -0.877288 88.385300
0.676345 89.023150 0.236218 88.702530
1.832910 89.277150 1.406182 88.990870
3.089762 89.418990 2.694860 89.185230
4.475771 89.556060 4.110776 89.380090
5.974572 89.621010 5.647678 89.515460
7.614093 89.671530 7.337230 89.629300
9.420230 89.707860 9.195831 89.733450
11.388370 89.721450 11.206600 89.843080
13.505010 89.738680 13.371420 89.966020
15.773680 89.805260 15.682330 90.145420
18.156510 89.929480 18.075800 90.363150
20.581930 90.082780 20.508780 90.574440
23.034320 90.227690 22.955710 90.753100
25.478370 90.365000 25.387460 90.936880
27.909920 90.499220 27.816020 91.105480
30.340320 90.588890 30.226540 91.278310
32.740690 90.598330 32.613840 91.407560
35.110390 90.529620 34.968280 91.373190
37.430830 90.386730 37.272980 91.348030
39.683630 90.176290 39.511850 91.235930
41.863240 89.910310 41.681170 91.103340
43.959460 89.634420 43.740940 90.895290
45.922800 89.378560 45.657490 90.700790
47.726310 89.193250 47.407860 90.609470
49.366470 89.121130 49.012760 90.579140
50.939410 89.191540 50.574550 90.714840
52.464070 89.450930 52.085670 91.015830
53.889450 89.945260 53.465540 91.561890
55.133190 90.660970 54.688370 92.231800
56.158450 91.620300 55.700400 93.199920
56.967930 92.764920 56.461710 94.386360
57.539920 94.061200 57.000610 95.710730
57.927200 95.446880 57.377450 97.121460
58.277310 96.884370 57.651360 98.590950
58.589460 98.403450 57.961950 100.139600
58.940360 100.002400 58.350300 101.759600
59.343230 101.692600 58.688850 103.507800
59.798800 103.499800 59.130080 105.356200
60.309140 105.392300 59.594100 107.279400
60.819120 107.363700 60.057990 109.311300
61.355080 109.477800 60.538960 111.469600
61.874140 111.669200 61.055200 113.693900
62.417580 113.964900 61.565720 116.035500
62.973720 116.373200 62.093520 118.479600
63.512460 118.836400 62.630060 120.952800
64.057360 121.342700 63.149240 123.477000
64.655860 123.876700 63.650950 126.042700
65.262090 126.422600 64.234410 128.594500
65.864770 128.941000 64.766090 131.088300
66.510510 131.382800 65.335300 133.582300
67.135460 133.867500 65.848610 136.041100
67.748220 136.262500 66.315400 138.480900
68.311480 138.668800 66.800350 140.900000
68.830800 141.066900 67.262410 143.295100
69.359830 143.451000 67.691120 145.679700
69.844620 145.829800 68.208690 148.065300
70.257380 148.240700 68.674350 150.448300
70.634070 150.615300 69.014600 152.839400
70.952630 153.048800 69.235830 155.277500
71.236680 155.482600 69.421220 157.735000
71.430750 157.958600 69.547660 160.209900
71.592060 160.420500 69.672560 162.668200
71.705560 162.889100 69.734690 165.157900
71.811250 165.386800 69.794290 167.631400
71.901490 167.846500 69.929210 170.099800
71.944200 170.358200 69.898380 172.618200
71.944230 172.867000 69.807560 175.114000
71.880770 175.411200 69.680640 177.679400
71.759300 177.947700 69.511020 180.195300
71.629380 180.489300 69.372810 182.758700
71.495820 183.069400 69.216470 185.323600
71.389860 185.611000 69.098380 187.875700
71.229200 188.181800 68.865470 190.415100
71.075770 190.694700 68.657280 192.926100
70.908190 193.208300 68.411580 195.423400
70.732240 195.676300 68.237400 197.871500
70.587330 197.902600 68.045080 199.985100
70.462020 200.022200 67.923180 202.104000
70.336670 202.141700 67.728380 204.215600
70.211280 204.261000 67.572790 206.330900
70.085900 206.379000 67.438380 208.445300
69.986060 208.445300 67.379280 210.450300
70.007780 210.375700 67.347750 212.369200
70.026080 212.295900 67.290920 214.297100
70.017620 214.252400 67.255530 216.253400
70.013230 216.217200 67.231420 218.242100
69.972110 218.270700 67.208000 220.311200
69.934360 220.317400 67.138930 222.315200
69.972850 222.305500 67.123590 224.337500
69.981630 224.353700 67.086440 226.373800
69.981870 226.399100 67.029210 228.434400
69.949190 228.454500 66.967400 230.469200
69.907170 230.454300 66.904980 232.453600
69.859830 232.418200 66.868200 234.378400
69.810200 234.247600 66.784240 236.150300
69.754960 235.896800 66.739620 237.747400
69.602960 237.437200 66.608770 239.274000
69.315000 238.920100 66.288980 240.729600
68.846420 240.276600 65.818930 242.068300
68.166090 241.479400 65.142310 243.248100
67.318270 242.492800 64.299700 244.249500
66.332240 243.344200 63.374690 245.145300
65.260110 243.991900 62.282270 245.716500
64.140300 244.474300 61.153120 246.213200
62.867510 244.772700 59.829440 246.466900
61.458940 244.926000 58.385670 246.597800
59.947420 244.952000 56.850330 246.658000
58.335370 244.902100 55.200900 246.611500
56.595980 244.824000 53.417490 246.444500
54.694040 244.743800 51.460450 246.316900
52.650420 244.604800 49.374480 246.221600
50.451970 244.390700 47.093240 246.109100
48.058070 244.235000 44.651280 246.042300
45.515050 244.100900 42.080280 245.882300
42.921790 243.969200 39.490180 245.789000
40.316590 243.840300 36.878400 245.671900
37.706940 243.722400 34.262210 245.551200
35.094890 243.629800 31.665670 245.352700
32.472950 243.489000 29.031630 245.201100
29.851950 243.348200 26.430600 245.022900
27.264200 243.258500 23.859400 244.909200
24.724050 243.174900 21.328970 244.809600
22.210390 243.091000 18.837250 244.645100
19.736330 242.979500 16.383740 244.589800
17.311070 242.850400 13.967390 244.400200
14.901790 242.682800 11.575090 244.203900
12.542000 242.455300 9.237405 243.980600
10.258080 242.218100 6.984385 243.742700
8.077281 241.997300 4.860083 243.487400
6.032146 241.805400 2.857839 243.285000
4.114420 241.647100 0.985742 243.183100
2.325909 241.523700 -0.734742 242.919500
0.684853 241.422100 -2.322591 242.809000
-0.804697 241.361800 -3.757635 242.822300
-2.147061 241.322400 -5.040038 242.815200
-3.335045 241.321100 -6.169221 242.822700
-4.362696 241.347700 -7.135826 242.879100
-5.195608 241.375100 -7.891749 242.861300
-5.787975 241.411000 -8.401693 242.871800
-6.148943 241.435700 -8.612479 242.870100
-6.347609 241.453500 -8.748246 242.897200
-6.441034 241.457400 -8.753818 242.916800
-6.441440 241.456100 -8.783820 242.918900
-6.439927 241.462600 -8.802837 242.922500
-6.440440 241.482800 -8.795507 242.921400
-6.480607 241.498100 -8.797934 242.921700
-6.560264 241.507700 -8.797934 242.921700
-6.742488 241.516100 -8.800739 242.921400
-7.099251 241.541700 -8.814434 242.924000
-7.627305 241.597900 -8.841486 242.925400
-8.293171 241.705000 -8.897193 242.929900
-9.050632 241.890800 -8.993193 242.962400
-9.863606 242.207700 -9.214064 243.048700
-10.727660 242.661600 -9.580210 243.240900
-11.566170 243.294100 -10.056050 243.575000
-12.317670 244.121800 -10.558340 244.087000
-12.969870 245.164100 -11.005220 244.759600
-13.469580 246.441200 -11.310840 245.612800
-13.828110 247.877300 -11.549920 246.589700
-14.057520 249.558000 -11.637060 247.665000
-14.176210 251.405900 -11.697690 248.771800
-14.264690 253.405000 -11.743710 250.049200
-14.328890 255.544200 -11.832510 251.470200
-14.399650 257.837600 -11.895040 253.034400
-14.471380 260.263200 -11.953240 254.787900
-14.561590 262.807800 -11.992460 256.676000
-14.652820 265.491700 -12.038420 258.718200
-14.739760 268.254400 -12.089420 260.901900
-14.858340 271.134800 -12.226240 263.238400
-14.973530 274.134700 -12.265130 265.696200
-15.069550 277.175700 -12.291080 268.292600
-15.175210 280.293600 -12.304580 271.000700
-15.297230 283.446400 -12.342920 273.790700
-15.436590 286.619600 -12.418870 276.709800
-15.585790 289.810900 -12.573140 279.720200
-15.736240 292.959600 -12.862050 282.768700
-15.885310 296.071900 -12.992830 285.902900
-16.046970 299.165600 -13.163800 289.047700
-16.219660 302.246300 -13.376050 292.227000
-16.389710 305.314100 -13.540640 295.404700
-16.559690 308.378300 -13.613450 298.532600
-16.709350 311.458900 -13.716100 301.636500
-16.839300 314.563300 -13.829250 304.718700
-16.972270 317.709200 -13.976090 307.800300
-17.118400 320.893100 -14.129440 310.858900
-17.281700 324.127200 -14.280460 313.919700
-17.454380 327.375400 -14.423210 317.006100
-17.614190 330.593900 -14.525050 320.119000
-17.775860 333.802500 -14.584620 323.277200
-17.959610 336.995200 -14.717610 326.471100
-18.128440 340.134300 -14.952420 329.710500
-18.295640 343.191900 -14.975990 332.950100
-18.453080 346.169000 -15.252000 336.149000
-18.632610 349.056200 -15.488130 339.352700
-18.817710 351.841100 -15.612050 342.524900
-18.986450 354.488400 -15.829970 345.630900
-19.124870 356.982400 -16.192420 348.638700
-19.220930 359.289500 -16.246720 351.579200
-19.310450 361.377700 -16.451470 354.417800
-19.390050 363.254000 -16.598200 357.148700
-19.458340 364.945900 -16.529720 359.702900
-19.552440 366.417400 -16.935160 362.089200
-19.716910 367.755600 -17.284890 364.300800
-19.992010 369.044200 -17.554150 366.287800
-20.413100 370.267200 -18.222990 367.976300
-20.994480 371.390500 -19.151440 369.284800
-21.767920 372.412000 -19.977600 370.441800
-22.740410 373.381300 -20.902150 371.399800
-23.931400 374.199500 -21.954890 372.181800
-25.311900 374.775400 -23.130300 372.700300
-26.849130 375.102700 -24.372050 372.941900
-28.541320 375.088500 -25.688910 372.918300
-30.331610 374.930400 -27.083660 372.799900
-32.178580 374.714400 -28.535950 372.606900
-34.124600 374.519300 -30.044460 372.482100
-36.192510 374.312000 -31.657320 372.386800
-38.360350 374.089000 -33.368290 372.200200
-40.674090 373.890900 -35.192870 372.024600
-43.125350 373.717400 -37.063970 371.918100
-45.733890 373.570600 -39.069770 371.816600
-48.422050 373.450300 -41.174000 371.716300
-51.153580 373.336900 -43.392740 371.645700
-53.919190 373.217300 -45.762410 371.547700
-56.668140 373.082400 -48.268250 371.420600
-59.399580 372.949600 -50.921840 371.395500
-62.128270 372.797100 -53.618320 371.242300
-64.827270 372.599800 -56.351200 370.968600
-67.509200 372.402100 -59.112210 370.832500
-70.186170 372.208700 -61.854510 370.641400
-72.845340 372.028400 -64.579460 370.476400
-75.495320 371.886100 -67.300250 370.264600
-78.116050 371.787300 -69.994590 370.131600
-80.717850 371.718500 -72.684610 370.146300
-83.311780 371.694800 -75.353750 369.999700
-85.842710 371.709900 -78.019200 370.044800
-88.215690 371.734100 -80.660760 370.113200
-90.402660 371.755300 -83.273900 370.015300
-92.376860 371.747200 -85.873780 370.028700
-94.181170 371.700000 -88.453510 369.935900
-95.954170 371.610100 -90.932450 369.894800
-97.692900 371.484000 -93.237750 369.711500
-99.428840 371.332400 -95.346430 369.497400
-101.212400 371.150100 -97.231570 369.234500
-103.049100 370.929900 -99.010400 369.087200
-104.963700 370.712900 -100.767600 368.905000
-106.999900 370.469800 -102.494700 368.720100
-109.147400 370.218500 -104.242000 368.564200
-111.413900 369.990500 -106.048100 368.405500
-113.850400 369.787500 -107.895300 368.163600
-116.381500 369.587900 -109.859800 368.130800
-119.079000 369.402000 -111.955400 368.080300
-121.870500 369.312400 -114.133900 368.086200
-124.798000 369.251000 -116.499000 368.084200
-127.749200 369.222000 -118.955400 368.019500
-130.738100 369.191300 -121.570400 368.006200
-133.724900 369.151000 -124.290200 367.918500
-136.693200 369.116700 -127.138200 367.728100
-139.640200 369.026200 -130.067700 367.615100
-142.545400 368.909400 -133.030200 367.395600
-145.452900 368.800400 -136.021100 367.222600
-148.326000 368.653700 -138.985300 366.987100
-151.184500 368.483700 -141.953200 366.753800
-154.029500 368.306700 -144.866400 366.520400
-156.834000 368.110800 -147.762500 366.233100
-159.601600 367.929800 -150.667400 366.094100
-162.352900 367.769700 -153.521600 365.900500
-165.025300 367.622800 -156.378400 365.678200
-167.587100 367.473600 -159.205700 365.426500
-169.989700 367.347100 -162.004500 365.314700
-172.229800 367.237400 -164.761400 365.112400
-174.255000 367.118500 -167.489200 364.860400
-176.113500 366.976300 -170.116000 364.581100
-177.851600 366.825100 -172.625800 364.266500
-179.482200 366.619100 -174.932300 363.894900
-181.041000 366.257200 -177.037300 363.309500
-182.506900 365.700900 -178.836200 362.538900
-183.830900 364.922700 -180.363700 361.543000
-184.967900 363.901900 -181.626000 360.406200
-185.900600 362.645300 -182.559000 359.078600
-186.575700 361.163300 -183.192800 357.622900
-186.999600 359.497900 -183.555600 356.114300
-187.152300 357.675600 -183.642000 354.593600
-187.206000 355.773500 -183.641700 353.064300
-187.197400 353.800900 -183.616300 351.427400
-187.078300 351.712900 -183.489100 349.776700
-186.904300 349.515700 -183.360100 348.046400
-186.700200 347.199500 -183.183400 346.225000
-186.441500 344.761700 -182.965700 344.313100
-186.138100 342.245600 -182.705700 342.328800
-185.836200 339.600700 -182.459200 340.216700
-185.558800 336.870000 -182.218300 337.992900
-185.300200 334.088400 -181.958800 335.642400
-185.053400 331.295700 -181.679700 333.188300
-184.825700 328.513100 -181.452200 330.629200
-184.626700 325.706700 -181.247100 327.948200
-184.418100 322.895600 -181.025400 325.206300
-184.219300 320.049800 -180.806800 322.421900
-184.077900 317.187100 -180.624500 319.646000
-183.933200 314.300800 -180.469200 316.852500
-183.761600 311.460200 -180.256700 314.065200
-183.601800 308.616200 -180.018600 311.248500
-183.458100 305.794900 -179.782600 308.403400
-183.343100 303.000200 -179.584500 305.546500
-183.261300 300.211900 -179.444700 302.678100
-183.178800 297.450000 -179.263500 299.848800
-183.090500 294.684900 -179.158600 297.013400
-182.927300 291.908300 -178.956000 294.211700
-182.766600 289.099200 -178.739700 291.442600
-182.613800 286.267300 -178.534200 288.667100
-182.441900 283.385600 -178.319900 285.922600
-182.300400 280.490600 -178.147300 283.173600
-182.149900 277.557000 -178.046700 280.390900
-182.001400 274.627800 -177.879900 277.591700
-181.823500 271.689000 -177.729000 274.743100
-181.638500 268.767800 -177.500100 271.886700
-181.424600 265.787800 -177.293200 268.983600
-181.219800 262.838200 -177.038400 266.070200
-181.009300 259.844900 -176.780100 263.152000
-180.770400 256.828000 -176.529100 260.221600
-180.561000 253.860400 -176.270200 257.299200
-180.372700 250.908200 -176.035900 254.335300
-180.191000 247.979500 -175.824200 251.390200
-180.025600 245.104800 -175.588900 248.377200
-179.890000 242.301100 -175.395900 245.387400
-179.765100 239.629200 -175.245200 242.430500
-179.603400 237.077700 -174.971700 239.488900
-179.486600 234.610600 -174.816300 236.587600
-179.426200 232.293500 -174.740600 233.732100
-179.384800 230.153000 -174.578100 230.977600
-179.372900 228.203000 -174.544100 228.344800
-179.353200 226.445600 -174.479800 225.828200
-179.284500 224.889700 -174.321200 223.412800
-179.159500 223.520400 -174.058600 221.170100
-178.892900 222.222300 -173.606300 219.146500
-178.440800 221.019500 -172.958000 217.381400
-177.799300 219.912400 -172.101500 215.926200
-176.993100 218.868700 -171.186700 214.768500
-175.953700 217.908600 -170.247000 213.811500
-174.646400 217.098800 -169.116600 213.103200
-173.037500 216.423500 -167.941100 212.608000
-171.242400 215.987700 -166.676600 212.301100
-169.251700 215.748100 -165.340900 212.146200
-167.160900 215.651300 -163.895100 212.069900
-164.983800 215.579200 -162.285700 212.062500
-162.753200 215.542200 -160.541300 212.079700
-160.419600 215.517400 -158.633000 212.080900
-157.986900 215.494400 -156.589900 212.129900
-155.493900 215.476600 -154.465900 212.119100
-152.924600 215.528800 -152.270700 212.217000
-150.250300 215.556200 -150.017000 212.277700
-147.567100 215.656900 -147.639200 212.423100
-144.855900 215.751900 -145.201300 212.549200
-142.145800 215.896800 -142.689700 212.735900
-139.455100 216.087400 -140.094300 212.998800
-136.768400 216.330800 -137.423500 213.288500
-134.103700 216.562300 -134.741000 213.532700
-131.505400 216.803000 -132.036100 213.775700
-128.992800 217.018200 -129.340700 214.025300
-126.584900 217.191000 -126.651100 214.271200
-124.357100 217.330100 -123.972300 214.433300
-122.326100 217.418900 -121.315200 214.572200
-120.463500 217.466200 -118.734300 214.609200
-118.653600 217.497200 -116.239700 214.593600
-116.849600 217.495900 -113.886200 214.576700
-115.067800 217.514000 -111.716200 214.614300
-113.324000 217.535300 -109.751900 214.596600
-111.616000 217.623100 -107.913700 214.697800
-109.927700 217.875300 -106.121700 214.913500
-108.290900 218.301300 -104.367800 215.311900
-106.749500 218.945400 -102.708900 215.932500
-105.349200 219.793800 -101.207800 216.774000
-104.115500 220.834900 -99.879590 217.846200
-103.036000 222.051200 -98.688720 219.013800
-102.179100 223.400100 -97.914430 220.505800
-101.543200 224.848700 -97.204610 221.991700
-101.115700 226.383800 -96.932650 223.593100
-100.830600 227.968600 -96.650900 225.182400
-100.531100 229.501100 -96.235660 226.749600
-100.252100 231.017900 -95.823700 228.260300
-99.883990 232.463500 -95.409760 229.786100
-99.425550 233.824100 -94.721060 231.237000
-98.775880 234.872900 -93.778560 232.522200
-98.086100 235.806300 -92.779390 233.707300
-97.174270 236.468700 -91.558850 234.608700
-96.254150 236.931100 -90.254560 235.293800
-95.283150 237.358800 -88.958310 235.759400
-94.185080 237.674800 -87.791720 236.023900
-92.955310 237.898800 -86.640740 236.169400
-91.596850 238.102700 -85.558050 236.314000
-90.074690 238.248300 -84.531920 236.357700
-88.387450 238.391700 -83.451090 236.456600
-86.486290 238.540100 -82.274290 236.535300
-84.443490 238.650800 -80.992220 236.611800
-82.253860 238.746800 -79.572220 236.705000
-79.940140 238.872300 -77.994520 236.785600
-77.539590 239.011100 -76.223160 236.855500
-75.087440 239.150700 -74.274630 236.911600
-72.574930 239.313900 -72.192530 236.967300
-69.991910 239.446400 -69.959310 237.032300
-67.351620 239.548800 -67.599930 237.099900
-64.666360 239.657700 -65.189770 237.177200
-61.998030 239.808800 -62.715820 237.264400
-59.311750 239.952600 -60.187200 237.354100
-56.701950 240.109100 -57.580500 237.495300
-54.151130 240.267600 -54.925600 237.630900
-51.625940 240.427100 -52.248160 237.797000
-49.127390 240.564300 -49.572580 237.917400
-46.665870 240.712700 -46.903340 238.110900
-44.240570 240.886300 -44.330320 238.263500
-41.878960 241.088900 -41.783910 238.449400
-39.649020 241.312800 -39.282140 238.638100
-37.552430 241.539400 -36.795700 238.852500
-35.488740 241.743100 -34.364950 239.100300
-33.456700 241.939000 -31.947240 239.241300
-31.533090 242.124800 -29.623400 239.389000
-29.764560 242.287900 -27.438550 239.477000
-28.172420 242.408100 -25.354390 239.482900
-26.747170 242.468900 -23.290260 239.459300
-25.460260 242.473300 -21.282100 239.342000
-24.318710 242.437400 -19.414160 239.205200
-23.324200 242.322300 -17.712270 238.995900
-22.483780 242.186900 -16.184120 238.872700
-21.843230 242.069500 -14.831730 238.623200
-21.357270 241.937100 -13.625790 238.421900
-20.874950 241.791000 -12.559180 238.236300
-20.410090 241.641000 -11.662350 237.975500
-19.938580 241.453200 -10.909550 237.756100
-19.330890 241.150500 -10.472080 237.373600
-18.603550 240.674100 -10.050890 237.105400
-17.817550 240.000300 -9.631606 236.842100
-17.047940 239.130000 -9.319747 236.467500
-16.371440 238.041100 -9.054097 235.986300
-15.819140 236.731500 -8.762223 235.292300
-15.431720 235.164300 -8.560457 234.387200
-15.160930 233.366900 -8.442632 233.319900
-14.985430 231.359800 -8.380865 232.121300
-14.879450 229.166100 -8.364552 230.799300
-14.834570 226.783800 -8.348253 229.316100
-14.805910 224.227300 -8.386898 227.631500
-14.776150 221.503700 -8.388009 225.743300
-14.726190 218.625200 -8.407133 223.670900
-14.646810 215.602400 -8.390785 221.411700
-14.509690 212.459600 -8.299396 218.978600
-14.353480 209.201300 -8.222792 216.365300
-14.179740 205.869600 -8.117548 213.592900
-13.962380 202.478800 -7.976071 210.665900
-13.739120 199.045100 -7.796277 207.608400
-13.514930 195.572200 -7.627007 204.429100
-13.275440 192.054900 -7.441458 201.143800
-13.052000 188.499600 -7.303070 197.791800
-12.854570 184.884700 -7.120429 194.383700
-12.675140 181.220200 -7.061897 190.936600
-12.508030 177.502000 -6.886179 187.447800
-12.341190 173.718700 -6.813655 183.917100
-12.175010 169.898000 -6.709165 180.338600
-12.018250 166.028100 -6.601952 176.710300
-11.841350 162.134100 -6.483753 173.024400
-11.655180 158.220500 -6.335607 169.285300
-11.466580 154.287300 -6.215433 165.490500
-11.281310 150.320000 -6.060605 161.656700
-11.057620 146.379100 -5.905009 157.771700
-10.815240 142.443600 -5.804296 153.879400
-10.570550 138.517900 -5.620529 149.960700
-10.333980 134.639100 -5.469229 146.027600
-10.123240 130.785800 -5.302085 142.053000
-9.914350 127.027500 -5.133760 138.120400
-9.696148 123.395700 -4.978907 134.191000
-9.493383 119.914400 -4.772684 130.267700
-9.310280 116.607700 -4.630959 126.401900
-9.151332 113.442300 -4.419948 122.568500
-9.017561 110.482000 -4.250478 118.847600
-8.888960 107.744800 -4.093759 115.278100
-8.774269 105.222900 -4.028392 111.841100
-8.679794 102.918000 -3.967363 108.581200
-8.504861 100.812800 -3.766663 105.492700
-8.163715 98.919720 -3.309082 102.630100
-7.618518 97.243660 -2.520017 100.094200
-6.858427 95.725240 -1.485464 97.870730
-5.899838 94.392380 -0.178012 96.052550
-4.759829 93.253900 1.191178 94.566840
-3.450087 92.348760 2.742827 93.527850
-1.973871 91.691730 4.322719 92.825990
-0.436803 91.261860 5.938578 92.377150
1.138073 91.026340 7.555967 92.138580
2.751248 90.881970 9.143643 92.031090
4.431705 90.766140 10.749900 91.960260
6.211745 90.683570 12.365630 91.905080
8.081090 90.578530 13.949780 91.822700
10.076580 90.469280 15.547950 91.759010
12.205890 90.365360 17.179040 91.693120
14.489810 90.290310 18.898380 91.651160
16.910510 90.321490 20.705290 91.641150
19.453620 90.459650 22.613390 91.737520
22.045730 90.671110 24.644310 91.915440
24.644280 90.895340 26.813610 92.089720
27.207850 91.064010 29.139340 92.221130
29.764780 91.130150 31.596140 92.272130
32.287690 91.085550 34.167530 92.230770
34.803420 90.937800 36.772140 92.103350
37.325120 90.728940 39.359730 91.959390
39.896170 90.508470 41.922020 91.853130
42.547960 90.289960 44.455990 91.609570
45.244630 90.097810 46.961750 91.411910
47.943020 89.903610 49.475180 91.230320
50.617990 89.629730 51.999360 90.975190
53.252150 89.185630 54.566000 90.550280
55.814150 88.557720 57.166090 89.911350
58.313300 87.791630 59.739310 89.083080
60.805470 86.920740 62.297490 88.208230
63.322020 85.994100 64.800550 87.246830
65.833720 85.055040 67.303430 86.330460
68.406220 84.080780 69.756430 85.390930
70.998610 83.045350 72.166530 84.386560
73.578520 81.879280 74.598040 83.295490
76.170160 80.586970 76.981110 82.096290
78.819830 79.219290 79.361380 80.810180
81.480420 77.842690 81.805470 79.523600
84.108690 76.469870 84.266410 78.183540
86.695220 75.055290 86.749980 76.799410
89.188920 73.556030 89.276330 75.310990
91.573040 71.968490 91.756390 73.641330
93.850380 70.285940 94.148260 71.848700
96.020560 68.521450 96.452740 69.997150
98.103890 66.740880 98.703540 68.104570
100.107700 65.034010 100.918100 66.242050
101.996900 63.459780 103.115900 64.428600
103.764900 62.070330 105.330700 62.676280
105.408600 60.801050 107.543400 60.994420
107.003200 59.530310 109.657900 59.299810
108.589500 58.247390 111.610700 57.614830
110.134700 56.970520 113.471800 56.113350
111.717500 55.637520 115.144500 54.725920
113.353400 54.247110 116.692700 53.373520
115.077800 52.831180 118.253200 52.059510
116.904200 51.439420 119.850200 50.808980
118.836800 50.054850 121.478100 49.620830
120.853600 48.602090 123.161300 48.377990
122.938000 47.083700 124.916300 47.086530
125.092700 45.485300 126.719800 45.748300
127.330000 43.820780 128.588400 44.351790
129.637600 42.087830 130.486400 42.884610
131.967100 40.344760 132.493300 41.345910
134.297900 38.609850 134.588000 39.802900
136.621900 36.849050 136.755700 38.149280
138.949900 35.131110 138.984400 36.426400
141.293500 33.464730 141.337500 34.722990
143.603900 31.795640 143.684800 33.015880
145.871800 30.121580 146.017700 31.264990
148.133300 28.418200 148.300400 29.467260
150.347600 26.750990 150.584400 27.704450
152.506100 25.137140 152.857200 25.960590
154.521200 23.603510 155.085200 24.192940
156.409800 22.104300 157.271800 22.418090
158.102600 20.729550 159.443700 20.617080
159.605700 19.470090 161.567200 18.883780
161.034400 18.328640 163.680000 17.282040
162.527500 17.369930 165.768500 15.953740
164.102000 16.690040 167.935200 15.034680
165.725700 16.231240 169.940700 14.453040
167.465400 15.980230 171.822500 14.142290
169.275300 15.912810 173.614100 13.998540
171.157200 15.957740 175.373400 13.958750
173.098700 15.972680 177.080300 13.910410
175.120500 15.945180 178.783600 13.814690
177.167200 15.872150 180.552100 13.691380
179.305300 15.756280 182.374800 13.527880
181.477000 15.604010 184.257600 13.323730
183.703700 15.412020 186.218400 13.108350
185.980700 15.238130 188.234600 12.883190
188.280500 15.072990 190.296000 12.661920
190.577500 14.896800 192.447900 12.456700
192.894300 14.714610 194.628300 12.277220
195.244200 14.510220 196.869000 12.025960
197.633500 14.283820 199.144600 11.803110
200.090000 14.030130 201.431900 11.483030
202.592100 13.785300 203.716800 11.216410
205.104900 13.534110 206.036500 10.922200
207.640700 13.310070 208.385900 10.648220
210.148900 13.111090 210.794700 10.412440
212.697300 12.915740 213.264300 10.143780
215.224700 12.737830 215.772500 9.977780
217.808000 12.513180 218.277500 9.595883
220.389500 12.282700 220.798500 9.335898
223.037500 12.068550 223.311500 9.043906
225.699900 11.872960 225.841100 8.795275
228.380800 11.657570 228.378200 8.521171
231.063800 11.400770 230.942900 8.167260
233.768800 11.157120 233.531700 7.837128
236.452700 10.908570 236.181400 7.564681
239.115400 10.628320 238.833900 7.228298
241.756200 10.390980 241.513900 7.149469
244.376200 10.177670 244.186300 6.868368
246.942400 9.977031 246.890600 6.592158
249.503100 9.796410 249.548300 6.258854
251.962400 9.616742 252.207500 5.939742
254.329800 9.452561 254.824300 5.669532
256.557200 9.297183 257.431400 5.370796
258.681500 9.140396 259.982300 5.081748
260.487900 8.870715 262.494300 4.718316
262.171000 8.558198 264.892000 4.291052
263.852900 8.246051 267.171000 3.781194
265.533700 7.934305 269.290700 3.254776
267.212200 7.623220 271.316800 2.705620
268.719700 7.309828 272.965700 2.237612
269.768600 7.040605 274.614700 1.788812
270.654800 6.869143 276.247400 1.286209
271.433400 6.780906 277.929300 0.995846
272.188300 6.798910 279.633300 0.972864
272.939800 6.915555 280.973700 1.161539
273.674100 7.139266 281.966100 1.386482
274.435500 7.486302 282.745400 1.730346
275.206100 8.021776 283.386100 2.151685
275.841400 9.123003 283.920600 2.692387
276.399700 10.403880 284.345400 3.319471
276.938800 11.672800 284.681200 4.030418
277.461700 12.927990 284.946600 4.855319
277.969300 14.165350 285.231500 5.792334
278.402000 15.600760 285.529600 7.166570
278.675500 17.540870 285.724600 8.541320
278.887100 19.689590 285.898700 9.899118
279.050300 22.004090 286.018600 11.244230
279.153100 24.513040 286.176400 12.563030
279.310000 27.147550 286.329700 14.258950
279.492000 29.910160 286.542400 16.256610
279.682000 32.722430 286.800700 18.468510
279.891600 35.618700 287.116100 20.824950
280.117300 38.587970 287.469100 23.349200
280.340800 41.563150 287.783200 26.011620
280.553900 44.602790 288.134000 28.779290
280.757500 47.669170 288.438000 31.598080
280.966700 50.717990 288.777400 34.518890
281.189800 53.763250 289.135300 37.464790
281.387500 56.840290 289.506300 40.449260
281.609200 59.915920 289.849500 43.479180
281.892800 62.993940 290.246900 46.522340
282.168100 66.061440 290.590800 49.550810
282.386200 69.137860 290.962500 52.597240
282.581400 72.205720 291.279500 55.652130
282.741100 75.260420 291.633000 58.723180
282.945600 78.300480 291.982400 61.775900
283.185400 81.322840 292.343200 64.842380
283.441700 84.363870 292.661000 67.888520
283.683800 87.353300 293.025600 70.940860
283.940100 90.352150 293.480500 73.948150
284.231300 93.355260 293.956100 76.960660
284.541900 96.345100 294.446000 79.932310
284.938000 99.320580 294.990100 82.941490
285.395000 102.259500 295.592300 85.854790
285.844100 105.163200 296.188000 88.816180
286.321900 108.053700 296.778600 91.751270
286.793800 110.912200 297.413900 94.693780
287.216900 113.736500 297.973100 97.629580
287.630900 116.518500 298.525300 100.533900
288.058700 119.219300 299.015300 103.423900
288.448800 121.780900 299.672800 106.253000
288.846400 124.280600 300.324400 109.061200
289.285300 126.630100 300.925300 111.815000
289.743500 128.835400 301.577000 114.538100
290.213000 130.821100 302.157200 117.152500
290.683600 132.626000 302.904300 119.598300
291.166200 134.262000 303.793300 121.901600
291.580800 135.832500 304.353100 124.173200
291.961700 137.426400 304.925000 126.288300
292.194000 139.020100 305.304100 128.215500
292.237900 140.604400 305.425100 130.017300
291.762300 142.158200 305.257000 131.673300
290.662500 143.578100 304.820200 133.228800
289.562400 144.964600 304.155100 134.717300
288.468100 146.318100 303.229400 136.003900
287.386000 147.641500 302.067200 137.098800
286.399400 148.976200 300.657300 138.139900
284.571900 149.919400 299.095000 139.006700
282.598600 150.835500 297.537300 139.826400
280.553400 151.805400 296.013500 140.643700
278.418500 152.847000 294.517900 141.449700
276.187000 153.972900 292.982000 142.302300
273.848800 155.201700 291.179800 143.411200
271.423500 156.516000 289.297100 144.554400
268.909500 157.880900 287.328600 145.740900
266.393100 159.278800 285.296600 147.044900
263.831700 160.712200 283.144400 148.403300
261.343100 162.229400 280.953300 149.955900
258.927700 163.839100 278.679500 151.584900
256.567900 165.515700 276.430800 153.367800
254.220600 167.219800 274.153700 155.146300
251.812400 168.915300 271.816400 156.959100
249.342900 170.564800 269.518000 158.713200
246.829700 172.171100 267.129100 160.361800
244.268800 173.728400 264.732300 161.976200
241.687800 175.211100 262.233400 163.481100
239.066600 176.646400 259.685600 164.985000
236.435100 178.027700 257.089600 166.420800
233.828600 179.391700 254.470600 167.883600
231.251200 180.752600 251.887800 169.392500
228.707700 182.113100 249.329200 170.909800
226.214900 183.484500 246.782100 172.474200
223.769900 184.811700 244.271500 174.046500
221.367300 186.107100 241.730100 175.518200
219.059200 187.344000 239.238600 176.996200
216.843700 188.521200 236.741400 178.424900
214.730300 189.612200 234.290900 179.833100
212.761600 190.600600 231.896500 181.205600
210.934100 191.518800 229.510400 182.476600
209.293500 192.364900 227.306900 183.794600
207.831400 193.113300 225.082300 184.897200
206.576700 193.798300 223.050600 185.981800
205.539900 194.395600 221.168200 187.025500
204.729700 194.901600 219.582100 188.225500
204.122300 195.321500 218.185200 189.303500
203.546300 195.745200 216.940900 190.275700
203.042900 196.282400 215.945100 191.126600
202.515700 196.788100 215.053800 191.809600
201.945400 197.325500 214.425900 192.396200
201.195300 198.000000 213.900700 192.885300
200.227400 198.808500 213.385300 193.390400
199.076800 199.760000 212.821800 193.864800
197.730700 200.791700 212.258300 194.333300
196.253000 201.872000 211.597900 194.851100
194.623700 202.967100 210.712900 195.509400
192.619800 204.117900 209.615600 196.269800
190.615300 205.269000 208.292000 197.108900
188.611600 206.419500 206.817400 198.040200
186.608000 207.569800 205.204400 198.985300
184.604500 208.720100 203.401600 200.062300
182.452000 209.923800 201.437200 201.278400
180.162600 211.202300 199.437700 202.437700
177.855000 212.473600 197.492700 203.680200
175.554100 213.761200 195.532700 204.902700
173.260900 215.031900 193.549800 206.065400
171.006800 216.296100 191.351000 207.403800
168.770100 217.549300 189.086600 208.751200
166.635700 218.725900 186.857100 210.151100
164.640400 219.823800 184.614300 211.526800
162.800000 220.792300 182.373400 212.873300
161.109900 221.618400 180.084700 214.044300
159.510500 222.334400 177.832400 215.214000
157.845500 222.860900 175.595800 216.032800
156.181300 223.202900 173.462000 216.619300
154.511100 223.364000 171.468300 216.889800
152.786900 223.350100 169.650500 216.950300
150.969000 223.245000 167.905400 216.912700
149.048400 223.060600 166.179500 216.820000
146.999200 222.886700 164.497000 216.778900
144.811400 222.709100 162.808600 216.727700
142.452400 222.507300 161.058600 216.679400
139.985700 222.307100 159.203500 216.634000
137.342300 222.162600 157.234800 216.609400
134.568800 222.029900 155.129500 216.583500
131.695500 221.932100 152.879600 216.669400
128.711000 221.803000 150.474000 216.673700
125.647300 221.650100 147.942900 216.663200
122.615400 221.500000 145.253300 216.672000
119.543800 221.309500 142.435500 216.636900
116.511500 221.102100 139.531500 216.549400
113.516800 220.903600 136.502200 216.519100
110.545200 220.708000 133.447600 216.487000
107.636200 220.532300 130.398200 216.359100
104.717200 220.373700 127.320800 216.312200
101.840600 220.218600 124.310400 216.235600
98.994700 220.067300 121.306300 216.189700
96.181550 219.895100 118.354400 216.121300
93.438620 219.686500 115.449000 215.989900
90.855460 219.500600 112.543700 215.820600
88.388610 219.326300 109.677800 215.639400
86.123680 219.157800 106.840000 215.423700
84.049970 219.045300 104.046100 215.410400
82.152880 219.016300 101.353700 215.314300
80.388010 219.115100 98.803350 215.244000
78.664760 219.366200 96.430430 215.659800
77.016290 219.796000 94.341080 216.339300
75.461480 220.446100 92.528840 217.210000
74.069090 221.411200 91.094850 218.369300
72.862850 222.604000 89.902320 219.654700
71.841850 224.015300 88.933270 221.081400
71.023420 225.699900 88.310670 222.663300
70.421670 227.540000 87.870060 224.282900
70.034550 229.518400 87.694280 225.975500
69.813760 231.610700 87.725680 227.694500
69.670080 233.800300 87.804470 229.473200
69.603690 236.022800 87.929210 231.356700
69.545910 238.342600 88.046920 233.317400
69.499400 240.719700 88.118270 235.344000
69.469400 243.192800 88.207040 237.477300
69.384530 245.776400 88.258900 239.676600
69.232580 248.432800 88.316420 241.920900
69.094640 251.146000 88.358850 244.265800
68.950990 253.982700 88.363110 246.660300
68.811860 256.917100 88.380810 249.174000
68.650580 259.920100 88.461840 251.780100
68.462200 263.082100 88.556180 254.455400
68.288560 266.252800 88.652410 257.200300
68.096650 269.464100 88.724410 260.068200
67.903830 272.683000 88.721640 263.028600
67.721470 275.872400 88.788020 266.087600
67.525460 279.043300 88.858950 269.251300
67.317450 282.219100 88.856140 272.441300
67.111650 285.343500 88.869450 275.654500
66.901350 288.508400 88.892140 278.863900
66.688140 291.652400 88.914820 282.047600
66.478800 294.782200 89.007170 285.218800
66.289190 297.878200 89.038910 288.375500
66.078070 300.944500 89.084170 291.515100
65.826270 304.008500 89.098310 294.675800
65.573590 307.018200 89.109400 297.813000
65.274710 310.032300 89.038500 300.931100
64.924470 313.030600 88.928590 304.011200
64.540610 315.995300 88.738660 307.073300
64.089990 318.947600 88.481030 310.108000
63.671720 321.903700 88.321550 313.117600
63.304260 324.895900 88.184200 316.126000
62.967580 327.898100 88.107490 319.134300
62.699080 330.909200 88.030290 322.108800
62.553590 333.929000 88.086710 325.086000
62.402330 336.963400 88.090350 328.071200
62.266570 340.021300 88.188240 331.082800
62.116500 343.035800 88.249870 334.088600
61.993500 346.032900 88.330940 337.113200
61.866370 348.989100 88.403660 340.121200
61.760870 351.857800 88.429920 343.156100
61.679290 354.611700 88.567720 346.210800
61.586300 357.261400 88.774230 349.188300
61.550600 359.776900 88.852970 352.167100
61.577240 362.145700 89.029630 355.099100
61.603020 364.290800 89.242600 357.906700
61.628690 366.323100 89.315760 360.613700
61.649880 368.352400 89.611640 363.190300
61.624730 370.355800 89.783280 365.653500
61.511180 372.339500 89.797760 367.941300
61.271590 374.388200 89.654410 370.021300
60.966710 376.528400 89.533780 372.038600
60.637150 378.796200 89.285590 374.050200
60.324540 381.208000 89.215050 376.027600
60.065570 383.741300 89.168590 378.030500
59.884830 386.413700 89.182370 380.116200
59.789830 389.195600 89.214420 382.309200
59.765420 392.106700 89.340590 384.646700
59.766400 395.121300 89.506110 387.093100
59.728620 398.268800 89.644000 389.685600
59.673270 401.492900 89.757310 392.383400
59.575390 404.694600 89.873090 395.209400
59.425140 407.916600 89.948950 398.134900
59.267000 411.104300 90.004940 401.195100
59.084670 414.257800 90.110130 404.364400
58.913680 417.417100 90.207850 407.576400
58.748810 420.528100 90.261090 410.781900
58.574140 423.604200 90.328390 413.983000
58.437200 426.635400 90.372240 417.153700
58.286850 429.523300 90.396840 420.306500
58.117570 432.280500 90.434370 423.446900
57.924100 434.902000 90.485210 426.539400
57.663190 437.382700 90.495420 429.601700
57.368250 439.710400 90.302710 432.583000
57.036690 441.889000 90.075180 435.412200
56.656850 443.874800 89.758270 438.103300
56.323860 445.645400 89.454400 440.666000
56.148660 447.270100 89.467580 443.098600
56.616130 448.530800 89.641710 445.383900
57.333540 449.649800 90.395290 447.368000
58.025620 450.723300 91.415910 449.019400
58.683230 451.752100 92.665740 450.201200
59.300760 452.745900 93.992490 451.045100
60.051910 453.493100 95.252280 451.552900
61.232100 453.863600 96.527270 451.811800
62.575150 454.072200 97.784920 451.894000
64.075560 454.193600 98.989010 451.899700
65.729870 454.237800 100.146200 451.857600
67.536180 454.320400 101.316900 451.810500
69.481920 454.413600 102.588300 451.804700
71.568440 454.517900 103.987500 451.823100
73.783230 454.637300 105.546900 451.863100
76.158670 454.789800 107.250400 451.882300
78.646770 454.943100 109.104300 451.856100
81.225870 455.115600 111.102900 451.885400
83.916780 455.302300 113.228500 451.925000
86.702020 455.456700 115.507600 451.930900
89.526350 455.578300 117.925400 451.893300
92.412350 455.733700 120.456000 451.828400
95.328570 455.895400 123.067900 451.806400
98.249890 456.054300 125.811000 451.792800
101.184100 456.224200 128.610900 451.724900
104.093100 456.393100 131.463000 451.707300
106.998900 456.525600 134.367200 451.619200
109.897200 456.654500 137.289500 451.558100
112.749700 456.816600 140.222700 451.524900
115.610200 456.965500 143.159100 451.476300
118.400100 457.099300 146.065400 451.446600
121.145900 457.258900 148.976800 451.475800
123.876500 457.448100 151.866800 451.493300
126.583800 457.666500 154.724700 451.539900
129.241600 457.972700 157.570100 451.656300
131.877300 458.360200 160.333700 451.933900
134.472300 458.810900 163.063200 452.230600
137.047800 459.328100 165.775200 452.573200
139.578900 459.909300 168.454200 452.946400
142.082300 460.548100 171.084000 453.377500
144.536100 461.240400 173.686100 453.963300
146.935100 462.035700 176.220700 454.614500
149.323900 462.890800 178.765700 455.297100
151.645200 463.789700 181.241800 455.999900
153.953700 464.746000 183.709300 456.782700
156.216300 465.719100 186.097400 457.624600
158.442000 466.755000 188.461400 458.537400
160.610800 467.844100 190.799600 459.491000
162.721500 468.976400 193.074200 460.486500
164.765200 470.136200 195.340300 461.531300
166.772400 471.335900 197.547700 462.600600
168.632200 472.526000 199.655100 463.849400
170.346500 473.697400 201.693700 465.142400
171.909300 474.797000 203.754900 466.309200
173.302800 475.783300 205.812500 467.451900
174.556500 476.625400 207.875400 468.468500
175.656700 477.273900 209.853500 469.347900
176.667400 477.791400 211.723500 470.134600
177.693700 478.199200 213.509500 470.602000
178.769200 478.445200 215.131200 470.855200
179.820200 478.560500 216.567800 470.832000
180.911200 478.531600 217.767300 470.727900
182.068600 478.323700 218.852600 470.449700
183.262200 477.935100 219.879700 470.009000
184.488300 477.285200 220.813500 469.442300
185.759400 476.306800 221.599800 468.733900
187.077400 475.006900 222.337800 467.891500
188.478700 473.464500 223.063000 466.929100
189.953700 471.703500 223.815400 465.872800
191.518900 469.725200 224.653500 464.679200
193.208300 467.608400 225.587300 463.281400
195.017400 465.320900 226.665500 461.689600
196.863700 462.933100 227.833100 459.883200
198.729100 460.522700 229.131200 457.899700
200.614200 458.121400 230.551800 455.739500
202.510500 455.730200 232.092200 453.430200
204.411000 453.358300 233.727000 450.960000
206.321800 451.001000 235.470400 448.478200
208.222000 448.665100 237.231800 445.992500
210.114400 446.337900 238.957500 443.476500
211.976500 444.014500 240.668500 440.951700
213.836200 441.706600 242.366200 438.440000
215.683700 439.420500 244.072900 435.942100
217.555600 437.143300 245.789800 433.480100
219.471300 434.824100 247.498200 431.023800
221.450500 432.447100 249.217000 428.606100
223.466700 430.017100 250.948800 426.209100
225.486700 427.604100 252.591700 423.787800
227.506500 425.191500 254.314300 421.372900
229.526100 422.779100 256.045200 418.885500
231.545400 420.367100 257.885900 416.378800
233.564400 417.955300 259.735400 413.814700
235.559300 415.588300 261.614700 411.292300
237.436800 413.389000 263.403600 408.708400
238.780200 411.507400 265.224400 406.146000
239.937800 409.690800 266.980700 403.541300
241.095100 407.877000 268.606700 400.853300
242.251200 406.068000 269.970900 398.153400
243.408000 404.262500 270.839800 395.514400
244.011000 402.484000 271.164100 393.387500
244.001400 400.839200 271.007000 391.246200
243.616800 399.284000 270.301100 389.227500
242.890100 397.828700 269.287900 387.342800
241.873600 396.462000 267.939600 385.611600
240.631500 395.201500 266.683900 384.528900
239.221600 394.033800 265.360400 383.579200
237.618600 392.957600 263.956200 382.809500
235.793400 391.994800 262.411000 382.186400
233.764600 391.138800 260.754700 381.664400
231.526900 390.407500 258.971800 381.243600
229.101900 389.773400 257.153000 380.861900
226.502900 389.204300 255.188200 380.642100
223.725900 388.759000 253.081200 380.504600
220.797800 388.372500 250.838000 380.414900
217.710700 387.983400 248.430600 380.335200
214.530600 387.607200 245.874000 380.275500
211.281800 387.245500 243.154100 380.225000
207.989900 386.906600 240.294100 380.160700
204.658000 386.595500 237.280000 380.160000
201.286800 386.304300 234.132000 380.105500
197.918900 386.031200 230.904300 380.063700
194.555800 385.786300 227.617200 380.144700
191.207200 385.554600 224.297500 380.218900
187.886200 385.358400 220.943000 380.352700
184.599200 385.187900 217.559500 380.470000
181.348200 385.028900 214.181000 380.578800
178.125300 384.880300 210.807100 380.718900
174.940200 384.732200 207.469900 380.817100
171.787000 384.605200 204.153600 380.962500
168.667500 384.479200 200.875200 381.070900
165.610000 384.375800 197.634800 381.258900
162.651900 384.300900 194.428500 381.455400
159.841600 384.253100 191.262700 381.726700
157.212800 384.244100 188.121700 381.896100
154.757500 384.238100 185.027500 382.162200
152.465500 384.177300 181.998100 382.272500
150.349500 384.033300 179.082200 382.263100
148.462800 383.774700 176.400100 381.783300
146.861800 383.342900 173.923500 381.109200
145.493000 382.652100 171.665000 380.317200
144.342900 381.710300 169.811100 379.088100
143.476000 380.548800 168.382500 377.617600
142.885900 379.215000 167.514800 376.027000
142.512900 377.743300 166.961100 374.529000
142.317800 376.136600 166.652000 373.054100
142.188100 374.395800 166.372600 371.608200
142.147200 372.567400 166.159900 370.176400
142.122900 370.607400 165.964500 368.701700
142.117600 368.494900 165.792400 367.122700
142.130800 366.233800 165.654100 365.481000
142.204400 363.814600 165.506200 363.720200
142.299400 361.231000 165.365800 361.861600
142.415300 358.474700 165.228300 359.853600
142.582500 355.558100 165.108100 357.701300
142.739700 352.539000 164.953000 355.392800
142.891900 349.439100 164.813400 352.926000
143.064500 346.281300 164.681200 350.287100
143.227100 343.091000 164.538500 347.481700
143.425200 339.887400 164.465400 344.513700
143.616200 336.700500 164.338900 341.470100
143.795900 333.502200 164.186700 338.354100
144.005700 330.337500 164.100000 335.182300
144.230000 327.130600 164.002000 331.985000
144.419100 323.896200 163.862400 328.790300
144.587400 320.591100 163.708700 325.597300
144.754600 317.239000 163.497000 322.423100
144.941900 313.833000 163.367800 319.246500
145.157300 310.363000 163.276200 316.038600
145.368500 306.861100 163.167500 312.773700
145.569800 303.322100 163.016700 309.461400
145.779600 299.781500 162.850400 306.093100
145.995800 296.224300 162.752600 302.660000
146.232800 292.723700 162.622800 299.178600
146.466500 289.221500 162.468700 295.668700
146.685200 285.746000 162.456200 292.121900
146.893800 282.281200 162.338300 288.573600
147.103700 278.834100 162.153200 285.025000
147.309200 275.380000 161.961600 281.539800
147.469000 272.014900 161.806100 278.036500
147.644100 268.640500 161.646100 274.570500
147.828000 265.287400 161.525700 271.118100
148.018700 262.011300 161.460900 267.662800
148.191600 258.776500 161.322000 264.227300
148.362500 255.568000 161.167400 260.882100
148.542700 252.484800 160.997600 257.502400
148.699400 249.530100 160.849700 254.177300
148.855100 246.697000 160.682200 250.915500
149.012000 244.059600 160.538600 247.694200
149.177500 241.565300 160.488900 244.510000
149.354100 239.240800 160.410100 241.470600
149.518500 237.141100 160.326200 238.551100
149.688400 235.241100 160.283800 235.788800
149.831600 233.536700 160.313600 233.194200
149.906300 232.004900 160.261200 230.758900
149.838700 230.619900 159.935500 228.523300
149.635100 229.344100 159.391600 226.563000
149.241300 228.150200 158.689500 224.867600
148.716100 227.039600 157.788100 223.489900
148.000700 226.008200 156.881400 222.318900
147.075700 225.048900 155.903800 221.417600
145.937600 224.217300 154.865100 220.666000
144.564400 223.496400 153.733600 220.150300
143.010800 222.963900 152.540200 219.863300
141.316600 222.568700 151.233000 219.662600
139.454500 222.334500 149.871700 219.613800
137.425000 222.166300 148.435800 219.615100
135.205500 222.050100 146.862300 219.629700
132.804000 221.961500 145.184100 219.707800
130.267400 221.919300 143.407300 219.830300
127.508700 221.882500 141.473000 219.943500
124.622700 221.854300 139.381000 220.042900
121.664000 221.830100 137.097300 220.194900
118.657200 221.763300 134.660000 220.312100
115.641600 221.685500 132.044300 220.393700
112.627300 221.570300 129.225900 220.433600
109.673500 221.356100 126.324800 220.461900
106.754900 221.166500 123.339800 220.535300
103.815900 220.977200 120.321900 220.621100
100.933900 220.822800 117.308700 220.731000
98.075460 220.656000 114.302800 220.856800
95.253020 220.487500 111.363000 220.888300
92.486910 220.344500 108.428900 220.939100
89.875370 220.223200 105.502400 220.983400
87.458400 220.103100 102.624000 221.044500
85.308900 219.940400 99.783900 221.240800
83.404740 219.814900 96.983830 221.454900
81.811460 219.719400 94.259760 221.550500
80.386560 219.682400 91.741580 221.843800
79.003730 219.767200 89.417000 222.051300
77.660700 220.007600 87.401650 222.521700
76.371580 220.406400 85.709940 223.103800
75.155860 220.960300 84.376190 223.844400
74.011040 221.726500 83.239850 224.646400
72.923470 222.715600 82.251030 225.612700
71.978870 223.872400 81.426090 226.684200
71.184520 225.266700 80.821920 227.895100
70.559680 226.755300 80.385410 229.149700
70.106430 228.212400 80.026580 230.518100
69.780350 229.717400 79.848350 231.987000
69.611080 231.273600 79.798290 233.525300
69.507330 232.885000 79.795830 235.145000
69.413710 234.508900 79.780800 236.722200
69.343880 236.144900 79.873810 238.242800
69.165330 237.775100 79.821000 239.789500
68.850580 239.377200 79.650890 241.353000
68.411010 240.827300 79.180180 242.899300
67.727420 242.111200 78.451600 244.348200
66.803100 243.182900 77.481150 245.665500
65.701790 244.107800 76.270310 246.768200
64.448250 244.782200 74.885450 247.621300
63.080800 245.260000 73.547460 248.227600
61.580750 245.474700 72.135490 248.524800
60.021940 245.545100 70.713410 248.717000
58.373630 245.501300 69.277820 248.740100
56.557790 245.387700 67.856900 248.849200
54.575700 245.267600 66.374060 248.888000
52.422320 245.171900 64.846380 248.985000
50.087930 245.081900 63.260330 249.054200
47.581640 245.008900 61.560620 249.153400
44.918970 244.937600 59.686540 249.191400
42.122820 244.817200 57.642280 249.211900
39.164720 244.672400 55.426720 249.269700
36.057060 244.510700 53.026040 249.255500
32.840100 244.318200 50.463500 249.260600
29.595440 244.119000 47.755050 249.256600
26.356030 243.938500 44.903110 249.306700
23.136280 243.778100 41.878490 249.343900
19.923890 243.574600 38.730280 249.361100
16.771670 243.333700 35.479440 249.303500
13.661940 243.082500 32.232740 249.202400
10.666390 242.818300 28.990170 249.101600
7.814747 242.555200 25.768000 249.002200
5.139292 242.325200 22.563040 249.017300
2.679849 242.118700 19.415080 248.876200
0.450309 241.930700 16.329460 248.795800
-1.528966 241.776000 13.368410 248.765300
-3.228819 241.670700 10.566080 248.817800
-4.618300 241.633500 7.953446 248.734200
-5.727634 241.635600 5.570389 248.917400
-6.594910 241.676300 3.500842 249.451300
-7.316062 241.736500 1.613866 249.580500
-7.999830 241.824600 0.060594 249.935400
-8.668434 241.971800 -1.153168 250.359600
-9.310473 242.159800 -2.109094 250.720200
-10.040280 242.489600 -2.808590 251.089600
-10.900630 242.986700 -3.368727 251.511600
-11.788840 243.696900 -3.877412 251.970100
-12.605680 244.629900 -4.295646 252.502300
-13.325190 245.805400 -4.621365 253.109900
-13.876090 247.212100 -4.883857 253.942100
-14.262280 248.903900 -5.044437 254.979000
-14.456720 250.843200 -5.050855 256.122700
-14.534350 252.994100 -4.983153 257.389500
-14.597030 255.350200 -4.980603 258.827900
-14.667090 257.910700 -4.929908 260.439000
-14.735990 260.649600 -4.935416 262.239900
-14.849520 263.575900 -4.953390 264.244900
-14.957480 266.729800 -4.865564 266.461200
-15.059630 270.015600 -4.873415 268.884400
-15.182710 273.477200 -4.871811 271.504400
-15.303150 277.021400 -4.872663 274.298800
-15.440230 280.658500 -4.850325 277.306200
-15.590580 284.351600 -4.795392 280.503400
-15.764490 288.068200 -4.799781 283.846500
-15.946800 291.811700 -4.775636 287.345300
-16.099940 295.543400 -4.758155 290.906300
-16.260060 299.308400 -4.663928 294.575700
-16.425310 303.105800 -4.677626 298.264200
-16.590140 306.893300 -4.608696 301.999600
-16.756680 310.705900 -4.492141 305.734000
-16.910250 314.536100 -4.482457 309.467500
-17.062160 318.371600 -4.331666 313.245300
-17.211700 322.183300 -4.239167 317.043600
-17.359600 325.995800 -4.149489 320.836300
-17.503240 329.777900 -4.150873 324.655200
-17.652950 333.537700 -4.226230 328.488400
-17.803470 337.274400 -4.146392 332.312000
-17.965510 340.928300 -4.063541 336.119300
-18.139020 344.467400 -3.917518 339.922800
-18.309560 347.827300 -3.996578 343.691300
-18.498430 351.069300 -4.140936 347.437200
-18.657830 354.177800 -3.960323 351.141400
-18.779270 357.113600 -3.956294 354.766300
-18.870160 359.864000 -3.578279 358.225700
-18.946200 362.402300 -3.415062 361.534000
-18.990920 364.711200 -3.224274 364.732700
-19.050610 366.784400 -3.193906 367.789800
-19.150770 368.599600 -3.305728 370.650000
-19.288630 370.232600 -3.524746 373.314800
-19.600770 371.746300 -3.932793 375.734500
-20.181060 373.134000 -4.722564 377.807600
-21.046240 374.352900 -5.780278 379.474300
-22.127780 375.353800 -6.963442 380.733800
-23.457040 376.098400 -8.346532 381.540700
-24.934490 376.556700 -9.788228 382.072700
-26.555040 376.670400 -11.280640 382.243000
-28.276760 376.521700 -12.771300 382.165400
-30.056280 376.231600 -14.250160 381.992600
-31.975970 375.881500 -15.786010 381.797300
-34.041570 375.538800 -17.349590 381.594200
-36.312400 375.174700 -19.007470 381.446100
-38.740670 374.815500 -20.739870 381.295500
-41.349510 374.513500 -22.590690 381.108300
-44.097790 374.260800 -24.573980 381.056900
-47.011360 374.040700 -26.746290 381.094900
-50.040150 373.823900 -29.095540 381.129000
-53.185680 373.618900 -31.604190 381.137700
-56.406270 373.421900 -34.278690 381.178200
-59.653410 373.251300 -37.088060 381.213200
-62.943060 373.083600 -40.053860 381.257200
-66.219570 372.909300 -43.129810 381.300300
-69.486870 372.732000 -46.311700 381.338400
-72.726120 372.532900 -49.553390 381.352400
-75.949990 372.348800 -52.815130 381.349500
-79.132360 372.198800 -56.108110 381.396200
-82.276670 372.085900 -59.384790 381.410500
-85.318380 372.021300 -62.646920 381.596400
-88.202870 371.999200 -65.878180 381.874400
-90.927450 371.989600 -69.088130 382.006600
-93.555550 371.974900 -72.247960 382.256100
-96.169310 371.894100 -75.367740 382.348600
-98.735200 371.699400 -78.354740 382.351800
-101.335900 371.405700 -81.183290 382.239600
-104.006100 371.090100 -83.863630 382.126600
-106.771100 370.792200 -86.484070 382.055000
-109.682200 370.477800 -89.082810 382.051200
-112.739100 370.228500 -91.659480 381.982400
-115.931600 370.036400 -94.294770 382.037200
-119.286600 369.828600 -97.003930 382.006100
-122.729500 369.724600 -99.842100 382.043800
-126.288700 369.671200 -102.784700 382.164700
-129.839700 369.662300 -105.914400 382.412500
-133.385600 369.650900 -109.153700 382.603300
-136.894400 369.634000 -112.527000 382.820500
-140.398100 369.514400 -116.027700 382.962300
-143.862100 369.340500 -119.577900 383.048500
-147.327600 369.166400 -123.132900 383.102800
-150.737000 368.971100 -126.657300 383.157400
-154.158600 368.781900 -130.170900 383.269800
-157.533900 368.539100 -133.656300 383.263900
-160.863100 368.281900 -137.124300 383.198400
-164.185700 368.025000 -140.571600 383.203900
-167.432800 367.748600 -143.989600 383.125900
-170.642400 367.488400 -147.401900 383.078300
-173.841400 367.227100 -150.769000 382.980900
-177.023700 366.951400 -154.103900 382.876300
-180.244500 366.730400 -157.409100 382.884800
-183.473900 366.580900 -160.660800 382.917500
-186.744800 366.472000 -163.853400 383.008700
-190.033500 366.367300 -167.061200 383.113200
-193.355400 366.250500 -170.266800 383.210200
-196.716900 366.188600 -173.484500 383.388400
-200.121200 366.182600 -176.720900 383.556300
-203.540500 366.199800 -180.000600 383.710000
-206.952700 366.227500 -183.295800 383.926300
-210.347900 366.285500 -186.615100 384.180400
-213.706200 366.365900 -189.987300 384.353800
-217.009500 366.481900 -193.392700 384.583000
-220.179700 366.654500 -196.794100 384.949800
-223.191200 366.879000 -200.168700 385.374000
-226.097000 367.114900 -203.518900 385.849300
-228.814800 367.345400 -206.831900 386.327300
-231.386300 367.584000 -210.059500 386.803700
-233.712600 367.887700 -213.127500 387.395000
-235.782000 368.275800 -216.023900 388.041900
-237.675400 368.737900 -218.754200 388.876200
-239.369400 369.206200 -221.325700 389.644200
-240.923900 369.617600 -223.713200 390.366300
-242.343700 369.946600 -225.901700 390.942000
-243.617800 370.200700 -227.906100 391.373300
-244.859400 370.340600 -229.756000 391.704300
-246.077300 370.391700 -231.441500 391.933200
-247.267700 370.379800 -232.965700 391.917900
-248.493500 370.333700 -234.354900 392.046400
-249.783700 370.306600 -235.620900 392.153200
-251.078800 370.299200 -236.850000 392.276500
-252.358200 370.349900 -238.045800 392.397300
-253.632100 370.436500 -239.220500 392.520300
-254.850600 370.581800 -240.454000 392.662000
-255.940600 370.729900 -241.733400 392.815700
-256.915700 370.895600 -242.990200 393.073800
-257.880300 371.026600 -244.243500 393.308800
-258.825300 371.074700 -245.510400 393.317600
-259.790200 371.036700 -246.692900 393.318600
-260.853800 370.865000 -247.736800 393.221600
-261.981300 370.525600 -248.681600 392.945800
-263.149900 369.955400 -249.566700 392.570700
-264.334300 369.128800 -250.365900 392.072300
-265.453200 367.983800 -251.098000 391.391200
-266.451000 366.525200 -251.752200 390.511400
-267.251800 364.723800 -252.311500 389.426500
-267.949500 362.709300 -252.823900 388.181800
-268.506500 360.485200 -253.247400 386.735800
-268.941500 358.026800 -253.613200 385.113300
-269.220400 355.348600 -253.902400 383.313100
-269.448800 352.477300 -254.152200 381.318600
-269.718000 349.407100 -254.455300 379.153400
-269.985700 346.177700 -254.772000 376.824400
-270.257600 342.841000 -255.123200 374.283800
-270.518100 339.408900 -255.456700 371.560800
-270.754500 335.850800 -255.767700 368.631900
-270.955500 332.279200 -256.124600 365.522100
-271.100700 328.699800 -256.491700 362.259300
-271.205200 325.126400 -256.857800 358.915500
-271.267700 321.587300 -257.165300 355.458700
-271.275200 318.070500 -257.367200 351.880100
-271.222900 314.582000 -257.492700 348.330800
-271.120000 311.120600 -257.532300 344.746800
-270.978000 307.683800 -257.576100 341.199700
-270.782700 304.265600 -257.534000 337.678300
-270.528600 300.853100 -257.467500 334.181500
-270.242000 297.429400 -257.355000 330.708200
-269.919600 293.989900 -257.224000 327.266400
-269.545200 290.528500 -257.044700 323.851100
-269.141700 287.042100 -256.880300 320.442300
-268.688300 283.528200 -256.673700 317.034800
-268.188900 279.998100 -256.411700 313.614500
-267.644900 276.438400 -256.044500 310.182100
-267.060700 272.864800 -255.700100 306.721500
-266.415600 269.267600 -255.250800 303.236300
-265.703700 265.659900 -254.749500 299.742800
-264.933700 262.028500 -254.170200 296.229600
-264.083600 258.356100 -253.529800 292.690800
-263.198600 254.694500 -252.877000 289.134900
-262.249500 251.044300 -252.124600 285.566100
-261.237300 247.429800 -251.304400 281.993100
-260.189300 243.839800 -250.479500 278.367400
-259.094000 240.246100 -249.550700 274.727200
-257.955600 236.666200 -248.569400 271.111800
-256.772700 233.104800 -247.547900 267.506700
-255.531300 229.548500 -246.490400 263.925600
-254.248400 226.028100 -245.371600 260.367000
-252.919100 222.544000 -244.194900 256.815500
-251.574800 219.079600 -243.015100 253.271600
-250.208800 215.633800 -241.815400 249.726300
-248.823500 212.212300 -240.623200 246.176400
-247.396200 208.816100 -239.381500 242.671300
-245.924600 205.438400 -238.113000 239.186900
-244.407500 202.096000 -236.763400 235.749800
-242.864900 198.761700 -235.419900 232.311800
-241.279000 195.474400 -234.046500 228.914700
-239.649300 192.235800 -232.610400 225.541600
-237.983200 189.035400 -231.167600 222.177100
-236.298900 185.858800 -229.624000 218.868800
-234.588400 182.702700 -228.054300 215.573900
-232.835600 179.589900 -226.413200 212.349400
-231.009300 176.491000 -224.748000 209.163700
-229.111700 173.245900 -223.067500 205.992800
-227.176300 170.021800 -221.386100 202.839900
-225.177100 166.838100 -219.653800 199.725400
-223.121100 163.678300 -217.883000 196.632100
-221.021800 160.583500 -215.967700 193.544500
-218.906700 157.528200 -214.008300 190.358500
-216.758300 154.516100 -212.058100 187.174500
-214.598900 151.542200 -210.024000 184.026000
-212.419400 148.613400 -207.969800 180.895200
-210.228200 145.723000 -205.934000 177.792800
-207.984500 142.875200 -203.844400 174.754600
-205.709300 140.044600 -201.739800 171.744600
-203.367700 137.252600 -199.570000 168.826500
-200.986900 134.476000 -197.356900 165.948200
-198.545200 131.709700 -195.125700 163.125900
-196.059300 128.939500 -192.855200 160.323900
-193.510200 126.196800 -190.507800 157.565500
-190.897300 123.468900 -188.130300 154.821500
-188.227400 120.762000 -185.720500 152.085500
-185.497000 118.076800 -183.248300 149.352400
-182.724000 115.414700 -180.732400 146.630400
-179.874900 112.756200 -178.137000 143.936800
-176.963500 110.129700 -175.465500 141.278600
-174.022700 107.478800 -172.796300 138.594500
-171.062700 104.830200 -170.094900 135.890500
-168.072200 102.205400 -167.358600 133.188400
-165.063500 99.572080 -164.588000 130.471600
-162.094200 96.925240 -161.798400 127.723900
-159.158100 94.245620 -159.003500 124.945400
-156.222000 91.591220 -156.155800 122.201000
-153.302600 88.949020 -153.347600 119.399200
-150.415700 86.290970 -150.562900 116.569500
-147.525700 83.616700 -147.819000 113.712400
-144.616800 80.967880 -145.047400 110.898900
-141.680000 78.334030 -142.240700 108.142100
-138.744900 75.701910 -139.455600 105.398800
-135.803000 73.066790 -136.678500 102.654800
-132.863800 70.434610 -133.902000 99.892120
-129.933000 67.796650 -131.144100 97.104410
-127.009300 65.165490 -128.347900 94.350410
-124.094300 62.565200 -125.547600 91.603110
-121.185800 59.961850 -122.756500 88.833000
-118.275800 57.358150 -120.012600 86.032310
-115.383500 54.746480 -117.237900 83.260610
-112.487100 52.132910 -114.479000 80.495590
-109.563100 49.507800 -111.750800 77.738380
-106.649400 46.882310 -108.989300 75.009740
-103.717200 44.240620 -106.238300 72.270620
-100.776700 41.607720 -103.479400 69.547720
-97.815960 38.955960 -100.710000 66.810400
-94.863170 36.299440 -97.933660 64.070980
-91.884440 33.643060 -95.162080 61.307600
-88.909720 30.989760 -92.374220 58.550020
-85.917480 28.322680 -89.540410 55.801970
-82.929050 25.668410 -86.709220 53.048870
-79.941980 23.038030 -83.894930 50.267170
-76.962720 20.421650 -81.063530 47.479170
-74.007520 17.823510 -78.177630 44.752450
-71.092400 15.226900 -75.324520 41.966230
-68.209240 12.634500 -72.496230 39.177150
-65.354250 10.051970 -69.759650 36.326310
-62.542350 7.481356 -67.020450 33.499410
-59.754040 4.927046 -64.231610 30.757270
-57.009180 2.422195 -61.529580 27.995210
-54.340090 0.009828 -58.814980 25.263170
-51.766990 -2.296378 -56.123400 22.568750
-49.260900 -4.526641 -53.437100 19.895450
-46.853800 -6.677798 -50.779270 17.261130
-44.569730 -8.685225 -48.183900 14.683010
-42.404320 -10.528340 -45.623110 12.232060
-40.364200 -12.198710 -43.114580 9.947120
-38.389800 -13.695430 -40.550170 7.860782
-36.423220 -15.003710 -38.046470 5.933218
-34.423200 -16.097900 -35.568770 4.315690
-32.364650 -16.913830 -33.072610 3.125491
-30.265120 -17.411740 -30.620460 2.395464
-28.163420 -17.604910 -28.214510 2.063008
-26.110560 -17.459960 -25.889760 2.072021
-24.143360 -16.987220 -23.659580 2.364147
-22.296980 -16.217800 -21.597050 3.113111
-20.604650 -15.231400 -19.673370 4.024575
-19.008910 -14.153640 -17.844240 5.050606
-17.427180 -13.090130 -16.087280 6.096869
-15.874640 -12.069320 -14.410400 7.220527
-14.363580 -11.106930 -12.672510 8.194851
-12.922670 -10.242620 -10.944270 9.094234
-11.574780 -9.466819 -9.250345 10.000370
-10.317910 -8.788752 -7.542231 10.815010
-9.188230 -8.193104 -5.893732 11.632220
-8.211014 -7.716742 -4.296996 12.377190
-7.426664 -7.335419 -2.803268 13.054850
-6.732949 -7.004384 -1.386209 13.593970
-6.081177 -6.624412 -0.146634 14.206780
-5.489078 -6.233971 0.922669 14.786210
-4.934984 -5.802268 1.791242 15.311680
-4.339961 -5.285216 2.422951 15.821210
-3.697865 -4.592905 2.982061 16.340390
-3.037676 -3.769289 3.446792 16.911500
-2.408137 -2.790908 3.871870 17.475330
-1.801721 -1.625169 4.273772 18.063700
-1.269630 -0.215074 4.638820 18.820340
-0.812186 1.417145 4.970974 19.754100
-0.577413 3.304554 5.209829 20.815400
-0.470925 5.426109 5.406808 22.002300
-0.476637 7.694492 5.572531 23.371380
-0.570738 10.119870 5.643105 24.933550
-0.648451 12.686750 5.757356 26.690310
-0.748385 15.378500 5.858641 28.662780
-0.860824 18.191740 5.951839 30.822630
-0.998219 21.084400 6.126738 33.136520
-1.176238 24.100490 6.229334 35.597200
-1.395968 27.224660 6.289853 38.201360
-1.640741 30.420880 6.381091 40.931730
-1.879320 33.664680 6.454230 43.761950
-2.150183 36.923590 6.507961 46.685860
-2.397389 40.249040 6.563966 49.746910
-2.638864 43.594280 6.592199 52.887060
-2.848280 46.962570 6.731441 56.111920
-3.041372 50.356970 6.936917 59.343190
-3.212653 53.820380 7.063916 62.630050
-3.380992 57.307360 7.248410 65.959640
-3.567609 60.834770 7.353053 69.305150
-3.786600 64.385720 7.498694 72.683840
-3.981904 67.973540 7.631934 76.089770
-4.173959 71.565920 7.848439 79.544960
-4.396788 75.106490 8.047027 83.042180
-4.593996 78.623730 8.226579 86.558200
-4.800834 82.136440 8.305622 90.124790
-5.016400 85.597270 8.480406 93.707690
-5.214554 89.008160 8.575650 97.286870
-5.369648 92.435540 8.745693 100.813900
-5.524006 95.827610 8.982689 104.316700
