0 0.000172 0.017717 100.000000 12.195122
0 0.000100 0.019698 200.000000 15.384615
0 0.000120 0.018087 300.000000 17.543859
0 0.000143 0.022355 400.000000 19.138756
0 0.000164 0.039141 500.000000 20.325203
0 0.000120 0.042657 600.000000 21.126760
0 0.000089 0.045185 700.000000 21.806854
0 0.000075 0.046992 800.000000 22.284122
10 0.000148 0.020916 100.000000 12.987013
10 0.000105 0.020070 200.000000 16.129032
10 0.000116 0.018868 300.000000 18.181818
10 0.000147 0.023438 400.000000 19.704433
10 0.000170 0.039031 500.000000 20.833334
10 0.000115 0.043312 600.000000 21.582733
10 0.000086 0.044930 700.000000 22.222221
10 0.000072 0.046525 800.000000 22.662889
20 0.000141 0.021578 100.000000 13.888889
20 0.000101 0.018964 200.000000 16.949152
20 0.000102 0.018273 300.000000 18.867924
20 0.000149 0.022521 400.000000 20.304569
20 0.000158 0.038004 500.000000 21.367521
20 0.000109 0.041519 600.000000 22.140221
20 0.000082 0.042551 700.000000 22.653721
20 0.000065 0.044145 800.000000 23.121387
30 0.000096 0.015646 100.000000 14.925373
30 0.000065 0.012224 200.000000 17.857143
30 0.000073 0.012288 300.000000 19.607843
30 0.000206 0.009665 400.000000 21.052631
30 0.000136 0.033373 500.000000 22.026432
30 0.000095 0.034058 600.000000 22.641510
30 0.000072 0.033886 700.000000 23.178808
30 0.000053 0.035442 800.000000 23.529411
40 0.000099 0.012423 100.000000 16.129032
40 0.000059 0.010194 200.000000 18.867924
40 0.000068 0.010421 300.000000 20.408163
40 0.000202 0.007797 400.000000 21.739130
40 0.000124 0.031922 500.000000 22.624434
40 0.000083 0.032064 600.000000 23.166023
40 0.000062 0.031284 700.000000 23.648649
40 0.000048 0.032432 800.000000 23.952095
50 0.000104 0.011238 100.000000 17.241379
50 0.000041 0.009946 200.000000 19.801981
50 0.000087 0.010447 300.000000 21.276596
50 0.000200 0.011983 400.000000 22.471910
50 0.000110 0.032232 500.000000 23.148148
50 0.000077 0.031755 600.000000 23.715416
50 0.000056 0.031110 700.000000 24.054983
50 0.000045 0.031611 800.000000 24.316109
60 0.000067 0.010751 100.000000 18.518518
60 0.000043 0.009851 200.000000 20.618557
60 0.000082 0.009327 300.000000 21.897810
60 0.000141 0.017175 400.000000 22.988506
60 0.000110 0.033588 500.000000 23.696682
60 0.000073 0.033683 600.000000 24.096386
60 0.000058 0.033044 700.000000 24.475525
60 0.000046 0.033499 800.000000 24.691359
70 0.000046 0.009959 100.000000 19.230770
70 0.000065 0.009613 200.000000 21.276596
70 0.000117 0.008677 300.000000 22.556391
70 0.000169 0.040074 400.000000 23.529411
70 0.000114 0.035067 500.000000 24.154589
70 0.000078 0.034646 600.000000 24.489796
70 0.000062 0.034300 700.000000 24.822695
70 0.000047 0.035093 800.000000 25.000000
80 0.000042 0.009260 100.000000 20.408163
80 0.000103 0.008357 200.000000 21.978022
80 0.000139 0.009504 300.000000 23.255814
80 0.000168 0.040203 400.000000 24.096386
80 0.000117 0.037321 500.000000 24.509804
80 0.000083 0.037208 600.000000 24.896265
80 0.000068 0.037503 700.000000 25.089605
80 0.000052 0.037763 800.000000 25.316456
90 0.000081 0.006378 100.000000 21.276596
90 0.000137 0.006381 200.000000 22.471910
90 0.000168 0.011999 300.000000 23.809525
90 0.000181 0.040563 400.000000 24.539877
90 0.000123 0.039854 500.000000 24.875622
90 0.000091 0.039438 600.000000 25.210085
90 0.000074 0.040355 700.000000 25.362318
90 0.000059 0.040371 800.000000 25.477707
100 0.000102 0.008767 100.000000 21.739130
100 0.000143 0.008676 200.000000 23.255814
100 0.000289 0.008177 300.000000 24.390244
100 0.000176 0.041704 400.000000 24.844721
100 0.000121 0.041172 500.000000 25.252525
100 0.000089 0.040262 600.000000 25.423729
100 0.000069 0.041424 700.000000 25.547445
100 0.000059 0.040681 800.000000 25.723473
110 0.000076 0.008102 100.000000 22.222221
110 0.000150 0.007378 200.000000 23.809525
110 0.000203 0.022083 300.000000 24.793388
110 0.000153 0.042117 400.000000 25.157232
110 0.000110 0.040539 500.000000 25.510204
110 0.000080 0.039644 600.000000 25.641026
110 0.000066 0.039556 700.000000 25.830257
110 0.000057 0.038189 800.000000 25.889967
120 0.000135 0.008033 100.000000 22.727272
120 0.000187 0.006322 200.000000 24.096386
120 0.000232 0.044700 300.000000 25.210085
120 0.000150 0.043756 400.000000 25.477707
120 0.000101 0.041675 500.000000 25.773195
120 0.000080 0.040419 600.000000 25.862068
120 0.000061 0.040683 700.000000 25.925926
120 0.000056 0.038544 800.000000 25.974026
130 0.000219 0.009985 100.000000 23.255814
130 0.000209 0.008094 200.000000 24.691359
130 0.000223 0.053184 300.000000 25.423729
130 0.000148 0.045381 400.000000 25.641026
130 0.000101 0.042868 500.000000 25.906736
130 0.000081 0.042013 600.000000 25.974026
130 0.000062 0.041247 700.000000 26.119404
130 0.000060 0.039160 800.000000 26.143791
140 0.000257 0.008531 100.000000 23.809525
140 0.000394 0.006704 200.000000 25.000000
140 0.000222 0.053271 300.000000 25.641026
140 0.000144 0.045717 400.000000 25.974026
140 0.000105 0.041920 500.000000 26.041666
140 0.000079 0.041580 600.000000 26.086956
140 0.000067 0.039913 700.000000 26.217228
140 0.000063 0.038751 800.000000 26.229507
150 0.000296 0.006974 100.000000 23.809525
150 0.000389 0.020356 200.000000 25.641026
150 0.000184 0.053800 300.000000 25.862068
150 0.000120 0.046173 400.000000 26.143791
150 0.000085 0.041991 500.000000 26.178011
150 0.000069 0.040399 600.000000 26.200872
150 0.000060 0.037640 700.000000 26.315790
150 0.000054 0.040138 800.000000 26.315790
160 0.000204 0.004203 100.000000 25.000000
160 0.000229 0.062039 200.000000 25.974026
160 0.000153 0.054129 300.000000 26.086956
160 0.000099 0.044977 400.000000 26.315790
160 0.000075 0.039959 500.000000 26.315790
160 0.000062 0.037922 600.000000 26.315790
160 0.000055 0.034061 700.000000 26.415094
160 0.000051 0.035510 800.000000 26.402639
170 0.000213 0.002817 100.000000 25.641026
170 0.000234 0.080765 200.000000 26.315790
170 0.000128 0.054582 300.000000 26.315790
170 0.000080 0.044308 400.000000 26.315790
170 0.000063 0.038628 500.000000 26.455027
170 0.000053 0.035190 600.000000 26.431719
170 0.000048 0.031102 700.000000 26.415094
170 0.000044 0.070842 800.000000 26.490067
180 0.000627 0.019522 100.000000 25.641026
180 0.000247 0.080467 200.000000 26.315790
180 0.000121 0.057018 300.000000 26.548672
180 0.000075 0.045985 400.000000 26.490067
180 0.000047 0.041324 500.000000 26.455027
180 0.000041 0.036961 600.000000 26.548672
180 0.000039 0.033607 700.000000 26.515152
180 0.000037 0.108631 800.000000 26.490067
190 0.000653 0.044018 100.000000 26.315790
190 0.000180 0.081320 200.000000 26.315790
190 0.000091 0.058082 300.000000 26.548672
190 0.000051 0.046478 400.000000 26.490067
190 0.000037 0.040602 500.000000 26.455027
190 0.000032 0.034989 600.000000 26.548672
190 0.000034 0.035885 700.000000 26.515152
190 0.000036 0.133676 800.000000 26.490067
200 0.000200 0.129326 100.000000 26.315790
200 0.000125 0.081553 200.000000 26.315790
200 0.000064 0.055934 300.000000 26.548672
200 0.000050 0.042916 400.000000 26.490067
200 0.000050 0.035922 500.000000 26.455027
200 0.000049 0.029513 600.000000 26.431719
200 0.000048 0.035467 700.000000 26.515152
200 0.000054 0.133116 800.000000 26.402639
210 0.000282 0.168837 100.000000 25.641026
210 0.000116 0.081752 200.000000 26.315790
210 0.000081 0.054689 300.000000 26.315790
210 0.000070 0.041344 400.000000 26.490067
210 0.000075 0.033369 500.000000 26.455027
210 0.000059 0.028097 600.000000 26.431719
210 0.000061 0.092681 700.000000 26.415094
210 0.000072 0.133210 800.000000 26.402639
220 0.000186 0.157871 100.000000 25.641026
220 0.000167 0.079495 200.000000 26.315790
220 0.000145 0.057390 300.000000 26.315790
220 0.000148 0.045853 400.000000 26.315790
220 0.000136 0.042048 500.000000 26.455027
220 0.000099 0.040805 600.000000 26.431719
220 0.000101 0.124650 700.000000 26.415094
220 0.000106 0.136313 800.000000 26.315790
230 0.000072 0.121331 100.000000 25.641026
230 0.000081 0.059145 200.000000 26.315790
230 0.000091 0.040259 300.000000 26.315790
230 0.000098 0.030836 400.000000 26.315790
230 0.000084 0.027179 500.000000 26.455027
230 0.000083 0.023938 600.000000 26.431719
230 0.000078 0.145733 700.000000 26.415094
230 0.000079 0.128326 800.000000 26.315790
240 0.000140 0.014069 100.000000 25.641026
240 0.000140 0.006380 200.000000 25.974026
240 0.000112 0.003237 300.000000 26.315790
240 0.000118 0.005825 400.000000 26.315790
240 0.000102 0.012275 500.000000 26.315790
240 0.000094 0.022957 600.000000 26.431719
240 0.000097 0.129632 700.000000 26.315790
240 0.000082 0.114648 800.000000 26.229507
250 0.000202 0.017929 100.000000 25.641026
250 0.000158 0.004018 200.000000 25.974026
250 0.000127 0.006080 300.000000 26.315790
250 0.000137 0.011001 400.000000 26.315790
250 0.000093 0.015989 500.000000 26.315790
250 0.000092 0.099452 600.000000 26.315790
250 0.000102 0.130279 700.000000 26.315790
250 0.000087 0.115428 800.000000 26.229507
260 0.000163 0.019002 100.000000 25.641026
260 0.000133 0.004784 200.000000 25.974026
260 0.000130 0.004242 300.000000 26.315790
260 0.000117 0.008082 400.000000 26.315790
260 0.000083 0.011234 500.000000 26.315790
260 0.000085 0.133263 600.000000 26.315790
260 0.000094 0.129810 700.000000 26.315790
260 0.000081 0.114545 800.000000 26.143791
270 0.000157 0.018093 100.000000 25.641026
270 0.000106 0.006540 200.000000 25.974026
270 0.000114 0.005080 300.000000 26.315790
270 0.000090 0.006382 400.000000 26.315790
270 0.000094 0.004619 500.000000 26.315790
270 0.000091 0.150335 600.000000 26.315790
270 0.000080 0.129228 700.000000 26.217228
270 0.000067 0.113643 800.000000 26.143791
280 0.000143 0.011891 100.000000 25.641026
280 0.000097 0.007292 200.000000 25.974026
280 0.000121 0.005747 300.000000 26.315790
280 0.000090 0.007389 400.000000 26.315790
280 0.000083 0.055387 500.000000 26.315790
280 0.000092 0.150352 600.000000 26.315790
280 0.000073 0.129245 700.000000 26.217228
280 0.000066 0.113607 800.000000 26.058632
290 0.000105 0.006083 100.000000 25.641026
290 0.000107 0.007280 200.000000 25.974026
290 0.000120 0.006360 300.000000 26.315790
290 0.000060 0.006856 400.000000 26.315790
290 0.000068 0.117709 500.000000 26.315790
290 0.000087 0.150316 600.000000 26.200872
290 0.000069 0.129132 700.000000 26.119404
290 0.000060 0.113572 800.000000 26.058632
300 0.000085 0.006946 100.000000 25.641026
300 0.000117 0.009517 200.000000 25.974026
300 0.000090 0.006671 300.000000 26.315790
300 0.000080 0.008895 400.000000 26.315790
300 0.000068 0.169411 500.000000 26.315790
300 0.000078 0.150018 600.000000 26.200872
300 0.000063 0.128758 700.000000 26.119404
300 0.000051 0.113182 800.000000 26.058632
310 0.000059 0.012895 100.000000 25.641026
310 0.000096 0.014301 200.000000 25.974026
310 0.000073 0.008543 300.000000 26.086956
310 0.000075 0.010914 400.000000 26.315790
310 0.000075 0.180024 500.000000 26.178011
310 0.000065 0.149758 600.000000 26.200872
310 0.000054 0.128594 700.000000 26.022305
310 0.000047 0.112840 800.000000 26.058632
320 0.000054 0.015987 100.000000 25.641026
320 0.000109 0.013903 200.000000 25.974026
320 0.000060 0.008127 300.000000 26.086956
320 0.000064 0.095187 400.000000 26.315790
320 0.000082 0.180018 500.000000 26.178011
320 0.000063 0.149761 600.000000 26.086956
320 0.000055 0.128680 700.000000 26.022305
320 0.000044 0.112969 800.000000 26.058632
330 0.000135 0.018795 100.000000 25.641026
330 0.000136 0.011937 200.000000 25.974026
330 0.000059 0.008262 300.000000 26.086956
330 0.000069 0.172698 400.000000 26.143791
330 0.000088 0.179927 500.000000 26.178011
330 0.000068 0.149873 600.000000 26.086956
330 0.000054 0.128911 700.000000 26.022305
330 0.000044 0.113228 800.000000 26.058632
340 0.000129 0.020363 100.000000 25.641026
340 0.000075 0.011397 200.000000 25.974026
340 0.000077 0.018325 300.000000 26.086956
340 0.000063 0.224577 400.000000 26.143791
340 0.000073 0.179646 500.000000 26.178011
340 0.000063 0.149830 600.000000 25.974026
340 0.000046 0.128791 700.000000 26.022305
340 0.000037 0.112960 800.000000 26.058632
350 0.000119 0.023672 100.000000 25.641026
350 0.000075 0.011084 200.000000 25.974026
350 0.000070 0.026088 300.000000 26.086956
350 0.000077 0.225036 400.000000 26.143791
350 0.000063 0.179657 500.000000 26.041666
350 0.000050 0.149970 600.000000 25.974026
350 0.000043 0.128894 700.000000 25.925926
350 0.000037 0.112968 800.000000 26.143791
360 0.000146 0.015078 100.000000 25.641026
360 0.000043 0.009320 200.000000 25.974026
360 0.000066 0.161319 300.000000 26.086956
360 0.000085 0.225043 400.000000 26.143791
360 0.000067 0.179687 500.000000 26.041666
360 0.000053 0.150130 600.000000 25.862068
360 0.000042 0.129080 700.000000 26.022305
360 0.000037 0.113006 800.000000 26.143791
370 0.000106 0.017302 100.000000 25.641026
370 0.000022 0.014637 200.000000 25.974026
370 0.000046 0.230520 300.000000 26.086956
370 0.000069 0.224961 400.000000 25.974026
370 0.000053 0.179663 500.000000 25.906736
370 0.000034 0.150319 600.000000 25.862068
370 0.000031 0.129221 700.000000 26.022305
370 0.000030 0.112955 800.000000 26.143791
380 0.000038 0.013559 100.000000 25.641026
380 0.000058 0.027359 200.000000 25.974026
380 0.000056 0.299623 300.000000 26.086956
380 0.000062 0.224679 400.000000 25.974026
380 0.000049 0.180000 500.000000 25.906736
380 0.000037 0.150499 600.000000 25.862068
380 0.000027 0.129325 700.000000 26.022305
380 0.000031 0.112957 800.000000 26.143791
390 0.000056 0.012055 100.000000 25.641026
390 0.000048 0.062693 200.000000 25.974026
390 0.000072 0.300347 300.000000 26.086956
390 0.000052 0.224730 400.000000 25.974026
390 0.000038 0.180252 500.000000 25.773195
390 0.000031 0.150751 600.000000 25.862068
390 0.000026 0.129440 700.000000 26.022305
390 0.000062 0.114870 800.000000 26.143791
400 0.000092 0.019098 100.000000 25.641026
400 0.000028 0.268230 200.000000 25.974026
400 0.000065 0.300383 300.000000 25.862068
400 0.000047 0.224696 400.000000 25.806452
400 0.000032 0.180545 500.000000 25.773195
400 0.000022 0.151086 600.000000 25.862068
400 0.000026 0.129685 700.000000 26.119404
400 0.000059 0.114945 800.000000 26.229507
410 0.000069 0.021654 100.000000 25.641026
410 0.000043 0.371482 200.000000 25.974026
410 0.000070 0.299924 300.000000 25.862068
410 0.000049 0.224645 400.000000 25.806452
410 0.000030 0.180660 500.000000 25.773195
410 0.000024 0.151082 600.000000 25.974026
410 0.000030 0.129496 700.000000 26.119404
410 0.000066 0.114444 800.000000 26.229507
420 0.000091 0.044693 100.000000 25.641026
420 0.000104 0.450087 200.000000 25.641026
420 0.000071 0.299423 300.000000 25.862068
420 0.000048 0.225002 400.000000 25.641026
420 0.000039 0.180623 500.000000 25.773195
420 0.000029 0.150943 600.000000 25.974026
420 0.000035 0.129203 700.000000 26.119404
420 0.000075 0.113796 800.000000 26.143791
430 0.000062 0.225093 100.000000 25.641026
430 0.000099 0.450254 200.000000 25.641026
430 0.000056 0.299448 300.000000 25.641026
430 0.000038 0.225329 400.000000 25.641026
430 0.000030 0.180954 500.000000 25.773195
430 0.000029 0.151133 600.000000 25.974026
430 0.000070 0.131405 700.000000 26.119404
430 0.000083 0.113652 800.000000 26.143791
440 0.000101 0.585785 100.000000 25.641026
440 0.000138 0.449389 200.000000 25.641026
440 0.000081 0.299063 300.000000 25.641026
440 0.000059 0.225099 400.000000 25.641026
440 0.000038 0.180710 500.000000 25.773195
440 0.000040 0.150642 600.000000 26.086956
440 0.000085 0.130468 700.000000 26.119404
440 0.000087 0.113065 800.000000 26.143791
450 0.000057 0.833386 100.000000 25.000000
450 0.000077 0.443417 200.000000 25.641026
450 0.000047 0.295589 300.000000 25.641026
450 0.000024 0.223034 400.000000 25.641026
450 0.000020 0.179175 500.000000 25.773195
450 0.000026 0.149388 600.000000 26.086956
450 0.000067 0.129353 700.000000 26.119404
450 0.000069 0.111811 800.000000 26.058632
460 0.000108 0.887409 100.000000 25.000000
460 0.000064 0.443245 200.000000 25.316456
460 0.000031 0.296398 300.000000 25.423729
460 0.000022 0.223277 400.000000 25.641026
460 0.000019 0.179342 500.000000 25.906736
460 0.000052 0.151962 600.000000 26.086956
460 0.000071 0.129124 700.000000 26.119404
460 0.000065 0.111514 800.000000 25.974026
470 0.000141 0.573724 100.000000 25.000000
470 0.000066 0.286435 200.000000 25.316456
470 0.000039 0.192010 300.000000 25.423729
470 0.000024 0.144970 400.000000 25.641026
470 0.000022 0.116438 500.000000 25.906736
470 0.000072 0.099242 600.000000 26.086956
470 0.000085 0.083693 700.000000 26.119404
470 0.000074 0.072156 800.000000 25.889967
480 0.000195 0.261817 100.000000 25.000000
480 0.000077 0.130932 200.000000 25.316456
480 0.000048 0.088372 300.000000 25.423729
480 0.000023 0.067196 400.000000 25.641026
480 0.000031 0.053899 500.000000 26.041666
480 0.000086 0.046564 600.000000 26.086956
480 0.000088 0.039228 700.000000 26.119404
480 0.000093 0.034995 800.000000 25.806452
490 0.000130 0.053514 100.000000 25.000000
490 0.000053 0.027769 200.000000 25.316456
490 0.000030 0.019668 300.000000 25.423729
490 0.000014 0.015705 400.000000 25.806452
490 0.000029 0.012642 500.000000 26.041666
490 0.000080 0.012090 600.000000 26.200872
490 0.000079 0.010862 700.000000 26.022305
490 0.000100 0.037733 800.000000 25.723473
500 0.000048 0.015289 100.000000 25.000000
500 0.000021 0.005325 200.000000 25.000000
500 0.000007 0.008861 300.000000 25.423729
500 0.000017 0.010411 400.000000 25.806452
500 0.000064 0.015378 500.000000 26.041666
500 0.000078 0.009949 600.000000 26.200872
500 0.000063 0.007212 700.000000 25.925926
500 0.000109 0.096188 800.000000 25.559105
510 0.000060 0.009891 100.000000 25.000000
510 0.000020 0.009419 200.000000 25.000000
510 0.000019 0.012196 300.000000 25.423729
510 0.000033 0.013327 400.000000 25.974026
510 0.000065 0.017556 500.000000 26.178011
510 0.000080 0.011034 600.000000 26.086956
510 0.000071 0.007089 700.000000 25.830257
510 0.000115 0.144968 800.000000 25.396826
520 0.000038 0.006163 100.000000 24.390244
520 0.000033 0.010878 200.000000 25.000000
520 0.000029 0.013505 300.000000 25.641026
520 0.000038 0.015048 400.000000 25.974026
520 0.000070 0.016803 500.000000 26.178011
520 0.000072 0.009955 600.000000 26.086956
520 0.000083 0.007179 700.000000 25.735294
520 0.000129 0.177227 800.000000 25.236593
530 0.000029 0.008521 100.000000 24.390244
530 0.000025 0.014537 200.000000 25.000000
530 0.000031 0.015350 300.000000 25.641026
530 0.000038 0.015577 400.000000 25.974026
530 0.000074 0.014759 500.000000 26.178011
530 0.000074 0.008734 600.000000 26.086956
530 0.000102 0.046514 700.000000 25.641026
530 0.000123 0.177116 800.000000 25.078369
540 0.000039 0.017390 100.000000 24.390244
540 0.000031 0.017532 200.000000 25.316456
540 0.000037 0.016811 300.000000 25.862068
540 0.000085 0.021712 400.000000 26.143791
540 0.000098 0.013382 500.000000 26.178011
540 0.000077 0.008333 600.000000 25.974026
540 0.000128 0.109703 700.000000 25.454546
540 0.000123 0.176926 800.000000 24.844721
550 0.000055 0.022963 100.000000 24.390244
550 0.000033 0.018968 200.000000 25.316456
550 0.000058 0.017183 300.000000 26.086956
550 0.000094 0.020712 400.000000 26.315790
550 0.000103 0.011624 500.000000 26.178011
550 0.000088 0.007687 600.000000 25.862068
550 0.000136 0.171879 700.000000 25.362318
550 0.000128 0.176293 800.000000 24.464832
560 0.000054 0.024455 100.000000 24.390244
560 0.000024 0.019796 200.000000 25.641026
560 0.000054 0.018224 300.000000 26.086956
560 0.000096 0.018650 400.000000 26.315790
560 0.000094 0.009589 500.000000 26.178011
560 0.000103 0.007341 600.000000 25.751074
560 0.000153 0.202566 700.000000 25.179855
560 0.000128 0.176458 800.000000 24.024025
570 0.000060 0.021357 100.000000 25.000000
570 0.000053 0.019524 200.000000 25.974026
570 0.000053 0.018710 300.000000 26.315790
570 0.000092 0.017105 400.000000 26.315790
570 0.000084 0.008069 500.000000 26.178011
570 0.000119 0.061167 600.000000 25.641026
570 0.000138 0.202123 700.000000 25.000000
570 0.000125 0.177585 800.000000 23.598820
580 0.000048 0.016683 100.000000 25.000000
580 0.000051 0.014490 200.000000 25.974026
580 0.000121 0.021289 300.000000 26.315790
580 0.000124 0.009994 400.000000 26.490067
580 0.000098 0.006688 500.000000 26.041666
580 0.000151 0.127908 600.000000 25.531916
580 0.000144 0.202202 700.000000 24.734982
580 0.000156 0.179234 800.000000 23.054754
590 0.000050 0.014486 100.000000 25.641026
590 0.000068 0.014353 200.000000 26.315790
590 0.000116 0.019466 300.000000 26.548672
590 0.000123 0.007238 400.000000 26.315790
590 0.000104 0.006023 500.000000 26.041666
590 0.000161 0.200351 600.000000 25.316456
590 0.000146 0.201407 700.000000 24.305555
590 0.000098 0.181949 800.000000 22.662889
600 0.000022 0.012003 100.000000 25.641026
600 0.000063 0.011199 200.000000 26.315790
600 0.000134 0.012918 300.000000 26.548672
600 0.000120 0.005134 400.000000 26.315790
600 0.000130 0.010671 500.000000 25.773195
600 0.000181 0.236277 600.000000 25.104603
600 0.000151 0.202096 700.000000 23.809525
600 0.000139 0.187321 800.000000 22.222221
610 0.000062 0.013695 100.000000 25.641026
610 0.000062 0.012839 200.000000 26.666666
610 0.000139 0.011388 300.000000 26.548672
610 0.000114 0.007305 400.000000 26.143791
610 0.000160 0.082677 500.000000 25.641026
610 0.000169 0.235896 600.000000 24.793388
610 0.000149 0.204133 700.000000 23.178808
610 0.000161 0.184281 800.000000 21.798365
620 0.000062 0.012735 100.000000 26.315790
620 0.000172 0.024033 200.000000 26.666666
620 0.000171 0.008453 300.000000 26.548672
620 0.000121 0.010759 400.000000 25.974026
620 0.000183 0.170686 500.000000 25.380711
620 0.000171 0.235543 600.000000 24.390244
620 0.000177 0.205189 700.000000 22.653721
620 0.000180 0.181741 800.000000 21.505377
630 0.000116 0.012818 100.000000 26.315790
630 0.000185 0.018047 200.000000 26.666666
630 0.000177 0.006261 300.000000 26.315790
630 0.000143 0.014819 400.000000 25.806452
630 0.000205 0.265952 500.000000 25.000000
630 0.000181 0.234929 600.000000 23.904383
630 0.000014 0.213426 700.000000 22.082020
630 0.000176 0.179415 800.000000 21.164021
640 0.000134 0.011601 100.000000 26.315790
640 0.000218 0.011325 200.000000 26.666666
640 0.000170 0.012035 300.000000 26.086956
640 0.000181 0.022771 400.000000 25.477707
640 0.000215 0.283191 500.000000 24.752476
640 0.000182 0.236391 600.000000 23.166023
640 0.000171 0.213551 700.000000 21.538462
640 0.000171 0.178605 800.000000 20.725389
650 0.000088 0.011038 100.000000 26.315790
650 0.000227 0.008330 200.000000 26.315790
650 0.000161 0.015737 300.000000 25.862068
650 0.000220 0.147670 400.000000 25.157232
650 0.000207 0.282950 500.000000 24.271845
650 0.000180 0.239737 600.000000 22.471910
650 0.000187 0.209772 700.000000 21.084337
650 0.000176 0.179062 800.000000 20.304569
660 0.000364 0.032437 100.000000 26.315790
660 0.000270 0.007271 200.000000 25.974026
660 0.000181 0.018194 300.000000 25.641026
660 0.000245 0.245995 400.000000 24.844721
660 0.000209 0.282495 500.000000 23.809525
660 0.000210 0.241053 600.000000 21.818182
660 0.000208 0.206878 700.000000 20.771513
660 0.000465 0.174201 800.000000 19.851116
670 0.000392 0.020732 100.000000 25.641026
670 0.000252 0.012785 200.000000 25.974026
670 0.000212 0.022423 300.000000 25.210085
670 0.000264 0.343205 400.000000 24.390244
670 0.000215 0.282193 500.000000 23.041475
670 0.000151 0.249456 600.000000 21.201414
670 0.000201 0.204287 700.000000 20.348837
670 0.000258 0.182086 800.000000 19.417477
680 0.000404 0.012485 100.000000 25.641026
680 0.000234 0.018706 200.000000 25.641026
680 0.000244 0.080551 300.000000 24.793388
680 0.000259 0.354043 400.000000 23.952095
680 0.000213 0.284658 500.000000 22.222221
680 0.000211 0.247386 600.000000 20.689655
680 0.000204 0.203348 700.000000 19.886364
680 0.000159 0.192141 800.000000 19.093079
690 0.000172 0.007950 100.000000 25.641026
690 0.000084 0.009869 200.000000 25.316456
690 0.000199 0.250074 300.000000 24.390244
690 0.000175 0.349431 400.000000 23.529411
690 0.000152 0.281966 500.000000 21.459227
690 0.000289 0.235066 600.000000 20.202021
690 0.000251 0.195881 700.000000 19.444445
700 0.000185 0.007687 100.000000 25.000000
700 0.000104 0.009402 200.000000 24.691359
700 0.000211 0.381204 300.000000 24.000000
700 0.000173 0.348073 400.000000 22.857143
700 0.000182 0.282554 500.000000 20.833334
700 0.000302 0.229938 600.000000 19.867550
700 0.000375 0.193461 700.000000 18.970190
710 0.000107 0.007423 100.000000 25.000000
710 0.000131 0.007317 200.000000 24.390244
710 0.000239 0.467303 300.000000 23.622047
710 0.000168 0.347349 400.000000 21.978022
710 0.000259 0.288976 500.000000 20.161291
710 0.000297 0.225203 600.000000 19.417477
710 0.000275 0.202358 700.000000 18.567638
720 0.000077 0.008426 100.000000 24.390244
720 0.000193 0.176254 200.000000 23.809525
720 0.000210 0.466809 300.000000 23.076923
720 0.000167 0.349225 400.000000 21.164021
720 0.000336 0.285044 500.000000 19.607843
720 0.000302 0.224135 600.000000 18.987341
730 0.000010 0.008664 100.000000 23.809525
730 0.000212 0.376102 200.000000 23.529411
730 0.000173 0.465983 300.000000 22.556391
730 0.000191 0.348653 400.000000 20.304569
730 0.000384 0.277287 500.000000 19.230770
730 0.000278 0.225607 600.000000 18.518518
740 0.000027 0.009530 100.000000 23.809525
740 0.000237 0.595060 200.000000 22.988506
740 0.000176 0.464217 300.000000 21.739130
740 0.000076 0.352630 400.000000 19.704433
740 0.000390 0.270917 500.000000 18.867924
740 0.000651 0.217511 600.000000 18.072289
750 0.000158 0.009822 100.000000 23.255814
750 0.000301 0.702957 200.000000 22.471910
750 0.000190 0.464145 300.000000 20.833334
750 0.000401 0.362286 400.000000 19.047619
750 0.000376 0.267957 500.000000 18.518518
750 0.000313 0.237303 600.000000 17.751480
760 0.000309 0.357130 100.000000 22.727272
760 0.000284 0.702328 200.000000 21.978022
760 0.000195 0.466699 300.000000 20.000000
760 0.000438 0.355758 400.000000 18.604650
760 0.000377 0.267577 500.000000 18.050541
770 0.000449 0.756635 100.000000 22.222221
770 0.000273 0.701236 200.000000 21.505377
770 0.000182 0.470038 300.000000 19.230770
770 0.000473 0.348524 400.000000 18.181818
770 0.000328 0.272440 500.000000 17.605635
780 0.000435 1.194056 100.000000 21.739130
780 0.000251 0.698725 200.000000 20.833334
780 0.000125 0.475128 300.000000 18.518518
780 0.000493 0.339557 400.000000 17.857143
780 0.000670 0.263619 500.000000 17.241379
790 0.000473 1.410147 100.000000 21.276596
790 0.000214 0.697486 200.000000 19.801981
790 0.000508 0.479708 300.000000 17.964071
790 0.000506 0.331497 400.000000 17.543859
790 0.000423 0.279337 500.000000 16.891891
800 0.000301 1.182641 100.000000 20.833334
800 0.000168 0.585046 200.000000 18.867924
800 0.000666 0.394816 300.000000 17.441860
800 0.000532 0.269015 400.000000 17.167381
800 0.000390 0.246910 500.000000 16.666666
810 0.000125 0.734657 100.000000 20.408163
810 0.000091 0.361424 200.000000 18.018019
810 0.000740 0.231208 300.000000 17.142857
810 0.000576 0.156406 400.000000 16.806723
820 0.000068 0.422235 100.000000 19.607843
820 0.000142 0.205136 200.000000 17.241379
820 0.000798 0.114817 300.000000 16.853933
820 0.001157 0.080208 400.000000 16.393442
830 0.000069 0.028146 100.000000 18.518518
830 0.000803 0.068417 200.000000 16.666666
830 0.000813 0.028315 300.000000 16.574585
830 0.000908 0.093536 400.000000 16.129032
840 0.000020 0.023074 100.000000 17.241379
840 0.001131 0.072095 200.000000 16.129032
840 0.000810 0.053267 300.000000 16.304348
840 0.000550 0.106626 400.000000 15.873015
850 0.000029 0.020297 100.000000 16.393442
850 0.001153 0.059586 200.000000 15.873015
850 0.000810 0.062242 300.000000 15.957447
860 0.000095 0.016888 100.000000 15.625000
860 0.001201 0.048905 200.000000 15.625000
860 0.000810 0.066680 300.000000 15.625000
870 0.000251 0.057152 100.000000 14.925373
870 0.001225 0.048629 200.000000 15.503876
870 0.001562 0.084538 300.000000 15.384615
880 0.001229 0.113254 100.000000 14.705882
880 0.001255 0.057887 200.000000 15.503876
880 0.001260 0.131598 300.000000 15.306123
890 0.001947 0.133619 100.000000 14.705882
890 0.001223 0.067154 200.000000 15.625000
890 0.000845 0.142020 300.000000 15.306123
900 0.002274 0.125276 100.000000 14.925373
900 0.001227 0.080088 200.000000 15.625000
900 0.000749 0.145641 300.000000 15.306123
910 0.002327 0.104343 100.000000 14.925373
910 0.001226 0.091744 200.000000 15.503876
920 0.002395 0.088333 100.000000 15.384615
920 0.001238 0.100740 200.000000 15.503876
930 0.002665 0.076103 100.000000 15.625000
930 0.002148 0.142398 200.000000 15.503876
940 0.002506 0.101032 100.000000 15.873015
940 0.001943 0.186170 200.000000 15.384615
950 0.000537 0.025903 100.000000 16.129032
950 0.000537 0.129584 200.000000 15.384615
960 0.000204 0.018160 100.000000 16.129032
960 0.000132 0.127065 200.000000 15.384615
970 0.000173 0.019033 100.000000 15.873015
970 0.000099 0.127602 200.000000 15.384615
980 0.000112 0.019543 100.000000 15.625000
990 0.000587 0.020432 100.000000 15.151515
1000 0.001995 0.090031 100.000000 14.705882
1010 0.000457 0.199564 100.000000 14.492754
1020 0.000286 0.229853 100.000000 14.492754
1030 0.000207 0.231967 100.000000 14.705882
