20.000000 0.000700
40.000000 0.000490
60.000000 0.000399
80.000000 0.000367
100.000000 0.000332
120.000000 0.000303
140.000000 0.000279
160.000000 0.000262
180.000000 0.000249
200.000000 0.000239
220.000000 0.000234
240.000000 0.000234
260.000000 0.000236
280.000000 0.000236
300.000000 0.000238
320.000000 0.000238
340.000000 0.000239
360.000000 0.000237
380.000000 0.000234
400.000000 0.000229
420.000000 0.000223
440.000000 0.000222
460.000000 0.000221
480.000000 0.000226
500.000000 0.000224
520.000000 0.000221
540.000000 0.000220
560.000000 0.000218
580.000000 0.000214
600.000000 0.000212
620.000000 0.000210
640.000000 0.000207
660.000000 0.000202
680.000000 0.000196
700.000000 0.000192
720.000000 0.000189
740.000000 0.000183
760.000000 0.000176
780.000000 0.000171
800.000000 0.000166
820.000000 0.000155
