20.000000 0.125906
40.000000 0.100434
60.000000 0.081275
80.000000 0.068945
100.000000 0.067202
120.000000 0.063150
140.000000 0.052938
160.000000 0.050198
180.000000 0.048714
200.000000 0.046871
220.000000 0.043482
240.000000 0.043984
260.000000 0.045162
280.000000 0.045123
300.000000 0.043921
320.000000 0.043014
340.000000 0.042643
360.000000 0.040809
380.000000 0.039435
400.000000 0.038229
420.000000 0.036509
440.000000 0.036899
460.000000 0.038449
480.000000 0.040494
500.000000 0.039733
520.000000 0.040122
540.000000 0.041698
560.000000 0.041326
580.000000 0.040468
600.000000 0.039220
620.000000 0.038467
640.000000 0.037496
660.000000 0.035443
680.000000 0.033957
700.000000 0.033230
720.000000 0.030903
740.000000 0.027327
760.000000 0.026352
780.000000 0.023981
800.000000 0.020632
820.000000 0.015682
