0.000000 -0.000000 0.000000 0.000000
0.287920 2.986691 0.282844 2.975852
0.971569 5.887651 0.962604 5.878314
2.050498 8.646240 2.049445 8.626904
3.483068 11.215600 3.463883 11.196900
5.252124 13.530580 5.221087 13.508950
7.315983 15.554830 7.763536 14.367110
9.617499 17.248350 10.393460 15.306220
12.138440 18.605410 11.141560 15.989330
14.845670 19.655580 13.784350 17.244240
17.710960 20.442900 16.551730 18.360750
20.708720 20.958900 19.524440 19.162010
23.853650 21.214680 22.668450 19.714450
27.127230 21.215640 25.955120 20.108430
30.502910 21.029600 29.356900 20.277490
33.942320 20.718590 32.847160 20.269270
37.526800 20.278900 36.527210 20.131340
41.305500 19.746480 40.403450 19.984640
45.281370 19.137530 44.485530 19.730630
49.442010 18.473180 48.754960 19.473680
53.784140 17.768220 53.206920 19.194510
58.319700 17.046980 57.850550 18.941100
63.045640 16.314830 62.690040 18.672250
67.933580 15.564290 67.662000 18.290270
72.949570 14.807080 72.773950 17.991530
78.112070 14.037650 78.033880 17.813720
83.403150 13.249300 83.409930 17.467560
88.827470 12.428430 88.942640 17.343010
94.384170 11.569350 94.599690 17.064720
100.052700 10.639880 100.358300 16.718920
105.791000 9.611618 106.211500 16.390560
111.620600 8.486629 112.148400 15.786540
117.518200 7.246929 118.172800 15.223780
123.481700 5.883248 124.265000 14.422810
129.500400 4.402279 130.432600 13.546890
135.583700 2.806947 136.644000 12.419750
141.730400 1.132152 142.066800 9.926531
147.930500 -0.644931 148.447700 8.856629
154.181200 -2.533182 154.929200 7.877395
160.473700 -4.525316 161.447600 6.680993
166.825700 -6.614701 168.026700 5.377835
173.224500 -8.806086 174.668200 3.979830
179.671400 -11.085600 181.361200 2.468492
186.169900 -13.447970 188.112600 0.878085
192.708700 -15.908790 194.958200 -0.644866
199.295800 -18.474840 201.801300 -2.422666
205.877000 -21.127230 208.674600 -4.282216
212.474400 -23.878960 215.543900 -6.271006
219.085400 -26.695130 222.391600 -8.445467
225.674300 -29.566300 229.278700 -10.547410
232.258400 -32.511370 236.185200 -12.608430
238.826600 -35.515520 243.116800 -14.632200
245.357100 -38.591140 249.984500 -16.752460
251.842400 -41.746310 256.644300 -19.496670
258.295100 -44.977770 263.431200 -21.987680
264.734000 -48.300070 270.267800 -24.440190
271.174400 -51.720410 277.097600 -27.029070
277.658000 -55.253110 283.928500 -29.899830
284.188500 -58.892510 290.882200 -32.712180
290.770400 -62.649290 297.878600 -35.729200
297.421200 -66.505210 304.962800 -38.750380
304.114100 -70.451700 312.048800 -42.024560
310.871400 -74.512450 319.245100 -45.325100
317.638300 -78.729880 326.524100 -48.619360
324.412000 -83.100090 333.855900 -51.992880
331.147700 -87.570510 341.062800 -55.656910
337.838900 -92.151540 348.273500 -59.353070
344.489200 -96.836160 355.462400 -63.171610
351.109400 -101.590900 362.691900 -66.953220
357.680900 -106.441100 369.965900 -70.662060
364.205100 -111.363100 377.049400 -74.705680
370.654300 -116.349400 384.054200 -78.856730
377.044400 -121.373300 391.056900 -82.949050
383.353100 -126.497900 396.189700 -86.237470
389.648900 -131.627300 403.022200 -90.586380
395.838500 -136.824400 407.571500 -93.466590
401.977500 -142.068800 412.307000 -93.793060
408.063900 -147.386100 419.011400 -98.211240
414.119900 -152.725600 423.409800 -101.321000
420.140100 -158.070100 426.654500 -103.340600
426.135700 -163.442300 433.146400 -108.097500
432.096100 -168.831000 439.655900 -112.827300
438.042000 -174.202900 445.897600 -117.862200
444.039200 -179.520000 452.420200 -122.501800
450.064000 -184.791600 458.843900 -127.317400
456.158000 -189.992400 465.412600 -131.893100
462.246200 -195.183000 471.971700 -136.480800
468.350900 -200.337600 478.560200 -141.020600
474.468300 -205.478700 485.226600 -145.410100
480.606000 -210.588600 491.796500 -149.967300
486.757700 -215.677000 498.479800 -154.339900
492.916600 -220.757600 505.108300 -158.786100
499.072200 -225.827000 511.763600 -163.189800
505.239000 -230.914300 518.329700 -167.737700
511.393900 -235.996900 524.965400 -172.181600
517.549300 -241.076200 531.499800 -176.767200
523.710600 -246.155700 538.217000 -181.075300
529.865100 -251.222800 544.758700 -185.657800
536.037700 -256.292500 551.264900 -190.280600
542.213600 -261.366100 558.027300 -194.531500
548.376000 -266.436600 564.636900 -199.021200
554.549300 -271.525400 571.404000 -203.269900
560.720400 -276.614600 577.881700 -207.961500
566.895900 -281.702100 584.330100 -212.689700
573.077300 -286.787100 591.104500 -216.923100
579.254000 -291.852900 597.714900 -221.450800
585.438300 -296.913900 604.198400 -226.115500
591.610800 -301.938300 610.906500 -230.506900
597.802700 -306.948800 617.475600 -234.945200
604.002400 -311.952300 624.053700 -239.444800
610.204100 -316.963500 630.831000 -243.648800
616.401400 -321.978100 637.514000 -248.005300
622.606700 -326.989100 644.122900 -252.463700
628.813800 -331.994200 650.733600 -256.930800
635.032400 -336.999800 657.434100 -261.269400
641.237400 -341.988600 664.009700 -265.775000
647.445400 -346.968600 670.631000 -270.214100
653.662300 -351.935500 677.216300 -274.684600
659.877900 -356.880600 683.896900 -279.014600
666.112000 -361.828900 690.493200 -283.459500
672.350500 -366.769500 697.125100 -287.850400
678.587600 -371.720300 703.823500 -292.164800
684.819800 -376.684200 710.470600 -296.557100
691.040800 -381.648800 717.163600 -300.884000
697.271000 -386.614300 723.745200 -305.369600
703.506500 -391.568600 730.215100 -310.015300
709.744100 -396.517700 737.089200 -314.043300
715.983900 -401.433800 743.811800 -318.309100
722.229600 -406.329600 750.137600 -323.111500
728.498300 -411.207700 756.751500 -327.499100
734.766400 -416.073400 763.366400 -331.894800
741.047900 -420.934000 770.214800 -335.896300
747.328900 -425.791700 776.854400 -340.236900
753.611600 -430.654100 783.538200 -344.502700
759.909100 -435.497600 790.043700 -349.073100
766.234600 -440.329500 796.611200 -353.558400
772.573000 -445.140400 803.059500 -358.188900
778.917600 -449.932200 809.890600 -362.266600
785.270600 -454.711000 816.453800 -366.708900
791.604400 -459.487600 822.940300 -371.277900
797.914000 -464.271400 829.555500 -375.634800
804.202800 -469.044800 836.236400 -379.872100
810.490200 -473.819600 842.782100 -384.276300
816.791500 -478.590500 849.412700 -388.570600
823.116400 -483.340400 855.974500 -392.969100
829.464500 -488.061400 862.619700 -397.269500
835.854100 -492.776100 869.136800 -401.763400
842.262300 -497.485400 875.601600 -406.378900
848.682700 -502.196400 882.400400 -410.526400
855.114700 -506.913500 889.102300 -414.822500
861.557000 -511.637000 895.533700 -419.532600
868.011600 -516.355400 902.423700 -423.579800
874.441900 -521.049300 909.229400 -427.746400
880.882200 -525.706500 915.918400 -432.063400
887.323800 -530.307900 922.565600 -436.412400
893.755000 -534.861900 915.801400 -432.318600
900.174200 -539.374300 909.120300 -428.163600
906.591000 -543.848100 902.487800 -423.992200
912.989900 -548.291900 895.808400 -419.917100
919.400600 -552.731200 897.890400 -421.444400
925.806600 -557.125700 900.317200 -420.517100
932.226300 -561.535200 904.306700 -425.964000
938.632500 -565.932700 902.062500 -424.703400
945.057500 -570.322000 895.423900 -420.629400
951.507700 -574.710200 901.762600 -425.139900
957.980400 -579.074900 903.962800 -426.540000
964.464000 -583.424600 910.394200 -430.967400
970.963300 -587.758200 917.205000 -434.818600
977.455300 -592.093300 923.872800 -438.885600
983.961700 -596.421100 930.599300 -442.871200
990.461700 -600.766400 937.318800 -446.872200
996.966300 -605.096100 943.972100 -450.999400
1003.471000 -609.407800 950.704000 -454.982700
1009.973000 -613.695400 957.095500 -459.428300
1016.458000 -617.959200 963.419000 -463.958300
1022.925000 -622.217200 969.847800 -468.297600
1029.367000 -626.452700 976.646800 -471.986900
1035.804000 -630.641600 983.249100 -475.968000
1042.231000 -634.798800 989.890700 -479.800800
1048.656000 -638.946200 996.576500 -483.550300
1055.084000 -643.051500 1003.256000 -487.260400
1061.525000 -647.144100 1009.867000 -491.073200
1067.966000 -651.185500 1016.535000 -494.783100
1074.401000 -655.235300 1023.247000 -498.342300
1080.840000 -659.293400 1029.903000 -502.024500
1087.270000 -663.328400 1036.518000 -505.794400
1093.718000 -667.347400 1043.267000 -509.176700
1100.195000 -671.340900 1049.960000 -512.805300
1106.668000 -675.317100 1056.611000 -516.521200
1113.157000 -679.272000 1063.264000 -520.196100
1119.659000 -683.201000 1070.110000 -523.518900
1126.198000 -687.131900 1076.845000 -527.065800
1132.753000 -691.046400 1083.463000 -530.872700
1139.341000 -694.955400 1090.273000 -534.353800
1145.954000 -698.852200 1097.179000 -537.671100
1152.585000 -702.740800 1104.013000 -541.196100
1159.229000 -706.637800 1110.960000 -544.508000
1165.886000 -710.538400 1117.827000 -548.020200
1172.562000 -714.459000 1124.676000 -551.606300
1179.271000 -718.394000 1131.521000 -555.251200
1186.021000 -722.344800 1138.392000 -558.951300
1192.784000 -726.294800 1145.424000 -562.396500
1199.585000 -730.258400 1152.410000 -565.984700
1206.417000 -734.212600 1159.478000 -569.487300
1213.283000 -738.159200 1166.431000 -573.254200
1220.173000 -742.105200 1173.460000 -576.915700
1227.101000 -746.027900 1180.599000 -580.416200
1234.074000 -749.929400 1187.761000 -583.914800
1241.082000 -753.823500 1194.982000 -587.376500
1248.123000 -757.717500 1202.239000 -590.814900
1255.209000 -761.611600 1209.512000 -594.295100
1262.318000 -765.501500 1216.863000 -597.708900
1269.473000 -769.393200 1224.247000 -601.125200
1276.670000 -773.287000 1231.675000 -604.442900
1283.885000 -777.170800 1239.083000 -607.934200
1291.103000 -781.040700 1246.462000 -611.501500
1298.329000 -784.899000 1253.808000 -615.124200
1305.561000 -788.742100 1261.229000 -618.601800
1312.794000 -792.571300 1268.617000 -622.113800
1320.032000 -796.384600 1276.059000 -625.531800
1327.287000 -800.172300 1283.494000 -628.939100
1334.542000 -803.950000 1290.884000 -632.458000
1341.797000 -807.723100 1298.302000 -635.898500
1349.058000 -811.481900 1305.627000 -639.507100
1356.319000 -815.232700 1313.089000 -642.850700
1363.568000 -818.960500 1320.602000 -646.055900
1370.797000 -822.663500 1328.088000 -649.234900
1378.014000 -826.342400 1335.480000 -652.560900
1385.241000 -830.002800 1342.835000 -655.939100
1392.473000 -833.639800 1350.261000 -659.134600
1399.712000 -837.258600 1357.756000 -662.178700
1406.940000 -840.856000 1365.186000 -665.360500
1414.145000 -844.419900 1372.594000 -668.545300
1421.338000 -847.958700 1379.950000 -671.752900
1428.540000 -851.473700 1387.285000 -674.962100
1435.735000 -854.974700 1394.642000 -678.110000
1442.936000 -858.462100 1402.028000 -681.161100
1450.116000 -861.922600 1409.369000 -684.298700
1457.288000 -865.353900 1416.604000 -687.605400
1464.432000 -868.758100 1423.845000 -690.834000
1471.550000 -872.135000 1431.139000 -693.851300
1478.642000 -875.485100 1438.423000 -696.794100
1485.696000 -878.796500 1445.650000 -699.770000
1492.712000 -882.085000 1452.838000 -702.716500
1499.686000 -885.346400 1459.979000 -705.647900
1506.608000 -888.579300 1467.111000 -708.467600
1513.510000 -891.787400 1474.134000 -711.436300
1520.388000 -894.966500 1481.086000 -714.472500
1527.242000 -898.117000 1488.002000 -717.534600
1534.067000 -901.240100 1494.887000 -720.575500
1540.873000 -904.334900 1501.746000 -723.564300
1547.641000 -907.393900 1508.680000 -726.309900
1554.374000 -910.425200 1515.480000 -729.225100
1561.071000 -913.426300 1522.425000 -730.246100
1567.716000 -916.424100 1529.083000 -733.273200
1574.331000 -919.426300 1535.842000 -735.941100
1580.910000 -922.431500 1542.587000 -738.604100
1587.477000 -925.449400 1549.268000 -741.353000
1593.998000 -928.484000 1555.980000 -743.958000
1600.456000 -931.552300 1562.560000 -746.806700
1606.851000 -934.653500 1569.065000 -749.723500
1613.177000 -937.795300 1575.702000 -751.855300
1619.446000 -940.960600 1582.128000 -754.738500
1625.639000 -944.138700 1588.520000 -757.548800
1631.780000 -947.302000 1594.762000 -760.583500
1637.876000 -950.461600 1596.641000 -762.109600
1643.920000 -953.598100 1594.218000 -762.269200
1649.931000 -956.702500 1587.685000 -760.423100
1655.907000 -959.742900 1581.251000 -758.408500
1661.857000 -962.732200 1574.943000 -756.205900
1667.828000 -965.652000 1568.628000 -754.140600
1673.786000 -968.517000 1566.563000 -753.306500
1679.740000 -971.331200 1560.440000 -750.820400
1685.682000 -974.128800 1562.439000 -751.713000
1691.585000 -976.910500 1556.328000 -749.343100
1697.460000 -979.678900 1550.236000 -747.058400
1703.321000 -982.431100 1544.266000 -744.532900
1709.144000 -985.145100 1542.296000 -743.608800
1714.950000 -987.831400 1548.152000 -746.227900
1720.748000 -990.466700 1553.963000 -748.869900
1726.528000 -993.063100 1559.764000 -751.479600
1732.261000 -995.615600 1565.513000 -754.094900
1737.915000 -998.126400 1571.188000 -756.719300
1743.475000 -1000.590000 1576.760000 -759.309100
1748.971000 -1002.990000 1582.223000 -761.902800
1754.388000 -1005.375000 1587.635000 -764.433500
1759.751000 -1007.751000 1593.062000 -766.751600
1764.998000 -1010.123000 1598.344000 -769.227200
1770.113000 -1012.467000 1603.579000 -771.531800
1775.097000 -1014.785000 1608.634000 -773.884800
1779.954000 -1017.080000 1613.514000 -776.328000
1784.649000 -1019.347000 1618.278000 -778.708100
1789.178000 -1021.604000 1622.883000 -781.035100
1793.508000 -1023.881000 1627.355000 -783.284800
1797.645000 -1026.269000 1631.595000 -785.655100
1801.573000 -1028.814000 1635.595000 -788.210000
1805.302000 -1031.525000 1639.368000 -790.944200
1808.823000 -1034.439000 1642.913000 -793.875900
1812.120000 -1037.563000 1646.214000 -797.039000
1815.169000 -1040.921000 1649.191000 -800.384100
1817.931000 -1044.484000 1651.887000 -804.034700
1820.326000 -1048.207000 1654.365000 -807.808000
1822.465000 -1052.152000 1656.530000 -811.754800
1824.255000 -1056.260000 1658.294000 -815.892000
1825.688000 -1060.491000 1659.742000 -820.144300
1826.758000 -1064.825000 1660.787000 -824.491800
1827.464000 -1069.230000 1661.423000 -828.928500
1827.812000 -1073.687000 1663.097000 -832.525000
1827.812000 -1078.165000 1662.986000 -836.970700
1827.468000 -1082.643000 1665.537000 -839.523000
1826.704000 -1087.072000 1664.615000 -843.944300
1825.633000 -1091.489000 1663.120000 -848.243400
1824.183000 -1095.811000 1661.384000 -852.453300
1822.357000 -1099.995000 1659.369000 -856.565100
1820.139000 -1103.994000 1663.595000 -854.827500
1817.589000 -1107.799000 1665.121000 -854.748200
1814.723000 -1111.351000 1660.680000 -855.356500
1811.551000 -1114.626000 1659.054000 -855.653100
1808.088000 -1117.606000 1655.333000 -858.312500
1804.284000 -1120.246000 1651.790000 -861.230700
1800.315000 -1122.623000 1648.286000 -864.215500
1796.124000 -1124.692000 1644.867000 -867.364600
1791.742000 -1126.471000 1641.228000 -870.333700
1787.194000 -1127.955000 1637.289000 -872.989900
1782.506000 -1129.180000 1633.136000 -875.403600
1777.702000 -1130.193000 1628.888000 -877.777600
1772.797000 -1131.038000 1624.544000 -880.103200
1767.796000 -1131.740000 1620.123000 -882.458500
1762.736000 -1132.348000 1615.526000 -884.589300
1757.655000 -1132.885000 1610.816000 -886.546300
1752.565000 -1133.366000 1606.142000 -888.617900
1747.458000 -1133.818000 1601.491000 -890.749200
1742.342000 -1134.251000 1596.779000 -892.767600
1737.220000 -1134.667000 1592.052000 -894.783000
1732.115000 -1135.064000 1587.290000 -896.705100
1727.075000 -1135.441000 1582.594000 -898.705500
1722.082000 -1135.788000 1577.972000 -900.704500
1717.161000 -1136.086000 1573.351000 -902.570700
1712.341000 -1136.271000 1568.751000 -904.271600
1707.613000 -1136.285000 1564.213000 -905.800900
1703.031000 -1136.085000 1559.724000 -907.070400
1698.586000 -1135.613000 1555.294000 -908.042900
1694.241000 -1134.791000 1552.073000 -907.052500
1689.991000 -1133.671000 1547.681000 -907.489700
1685.870000 -1132.171000 1543.295000 -907.484900
1681.961000 -1130.284000 1538.846000 -907.043800
1678.306000 -1127.996000 1534.609000 -906.167700
1674.826000 -1125.267000 1530.508000 -904.869500
1671.787000 -1122.274000 1526.627000 -903.082000
1669.099000 -1118.972000 1522.988000 -900.868400
1666.783000 -1115.408000 1519.320000 -898.783500
1664.817000 -1111.609000 1516.960000 -895.635000
1663.209000 -1107.637000 1515.614000 -891.819400
1661.958000 -1103.507000 1516.781000 -887.961000
1661.115000 -1099.284000 1515.567000 -885.993300
1660.724000 -1094.939000 1511.663000 -887.795700
1660.665000 -1090.516000 1507.350000 -888.434900
1661.140000 -1086.159000 1508.466000 -886.343300
1662.049000 -1081.841000 1509.808000 -885.270600
1663.374000 -1077.556000 1509.782000 -882.135700
1665.055000 -1073.325000 1507.980000 -879.358800
1667.040000 -1069.131000 1510.286000 -875.395400
1669.233000 -1064.989000 1513.448000 -872.924800
1671.640000 -1060.840000 1515.680000 -868.757000
1674.135000 -1056.683000 1515.664000 -864.860100
1676.716000 -1052.451000 1517.754000 -860.434800
1679.381000 -1048.145000 1519.434000 -855.757800
