20.000000 0.000354
40.000000 0.000294
60.000000 0.000250
80.000000 0.000219
100.000000 0.000197
120.000000 0.000178
140.000000 0.000168
160.000000 0.000164
180.000000 0.000161
200.000000 0.000152
220.000000 0.000146
240.000000 0.000146
260.000000 0.000142
280.000000 0.000138
300.000000 0.000137
320.000000 0.000135
340.000000 0.000133
360.000000 0.000130
380.000000 0.000128
400.000000 0.000125
420.000000 0.000123
440.000000 0.000119
460.000000 0.000116
480.000000 0.000115
500.000000 0.000115
520.000000 0.000114
540.000000 0.000114
560.000000 0.000113
580.000000 0.000111
600.000000 0.000109
620.000000 0.000109
640.000000 0.000107
660.000000 0.000107
680.000000 0.000104
700.000000 0.000103
720.000000 0.000103
740.000000 0.000103
760.000000 0.000100
780.000000 0.000099
800.000000 0.000100
820.000000 0.000101
840.000000 0.000098
860.000000 0.000097
880.000000 0.000098
900.000000 0.000098
920.000000 0.000096
940.000000 0.000097
960.000000 0.000097
980.000000 0.000096
1000.000000 0.000095
1020.000000 0.000096
1040.000000 0.000095
1060.000000 0.000095
1080.000000 0.000094
1100.000000 0.000093
1120.000000 0.000094
1140.000000 0.000093
1160.000000 0.000094
1180.000000 0.000093
1200.000000 0.000093
1220.000000 0.000093
1240.000000 0.000093
1260.000000 0.000093
1280.000000 0.000092
1300.000000 0.000092
1320.000000 0.000092
1340.000000 0.000092
1360.000000 0.000091
1380.000000 0.000092
1400.000000 0.000092
1420.000000 0.000092
1440.000000 0.000091
1460.000000 0.000092
1480.000000 0.000093
1500.000000 0.000093
1520.000000 0.000092
1540.000000 0.000093
1560.000000 0.000093
1580.000000 0.000093
1600.000000 0.000093
1620.000000 0.000094
1640.000000 0.000095
1660.000000 0.000096
1680.000000 0.000095
1700.000000 0.000095
1720.000000 0.000096
1740.000000 0.000098
1760.000000 0.000097
1780.000000 0.000097
1800.000000 0.000099
1820.000000 0.000101
1840.000000 0.000100
1860.000000 0.000101
1880.000000 0.000103
1900.000000 0.000106
1920.000000 0.000105
1940.000000 0.000106
1960.000000 0.000109
1980.000000 0.000109
2000.000000 0.000107
2020.000000 0.000107
2040.000000 0.000105
2060.000000 0.000102
2080.000000 0.000100
2100.000000 0.000100
2120.000000 0.000100
2140.000000 0.000099
2160.000000 0.000098
2180.000000 0.000095
2200.000000 0.000096
2220.000000 0.000096
2240.000000 0.000093
2260.000000 0.000092
2280.000000 0.000090
2300.000000 0.000090
2320.000000 0.000091
2340.000000 0.000090
2360.000000 0.000092
2380.000000 0.000098
2400.000000 0.000107
2420.000000 0.000113
