20.000000 0.029381
40.000000 0.029626
60.000000 0.026521
80.000000 0.025820
100.000000 0.025131
120.000000 0.025342
140.000000 0.024952
160.000000 0.024751
180.000000 0.024951
200.000000 0.025602
220.000000 0.025694
240.000000 0.025694
260.000000 0.025811
280.000000 0.026305
300.000000 0.026768
320.000000 0.026988
340.000000 0.027147
360.000000 0.027896
380.000000 0.028300
400.000000 0.028698
420.000000 0.028982
440.000000 0.029527
460.000000 0.029841
480.000000 0.029846
500.000000 0.029887
520.000000 0.030232
540.000000 0.030120
560.000000 0.030002
580.000000 0.029755
600.000000 0.029718
620.000000 0.029693
640.000000 0.029611
660.000000 0.029419
680.000000 0.029422
700.000000 0.029448
720.000000 0.029439
740.000000 0.029468
760.000000 0.029574
780.000000 0.029829
800.000000 0.030001
820.000000 0.030257
840.000000 0.030328
860.000000 0.030731
880.000000 0.031072
900.000000 0.031462
920.000000 0.031743
940.000000 0.032161
960.000000 0.032738
980.000000 0.033254
1000.000000 0.033669
1020.000000 0.034133
1040.000000 0.034763
1060.000000 0.035440
1080.000000 0.036146
1100.000000 0.036896
1120.000000 0.037319
1140.000000 0.037995
1160.000000 0.038615
1180.000000 0.039325
1200.000000 0.040151
1220.000000 0.040517
1240.000000 0.041322
1260.000000 0.042247
1280.000000 0.043169
1300.000000 0.043567
1320.000000 0.044332
1340.000000 0.045280
1360.000000 0.046193
1380.000000 0.046506
1400.000000 0.047170
1420.000000 0.047842
1440.000000 0.048540
1460.000000 0.048810
1480.000000 0.049549
1500.000000 0.050229
1520.000000 0.050985
1540.000000 0.051301
1560.000000 0.052053
1580.000000 0.052847
1600.000000 0.053635
1620.000000 0.053972
1640.000000 0.054776
1660.000000 0.055609
1680.000000 0.056496
1700.000000 0.057523
1720.000000 0.057819
1740.000000 0.058895
1760.000000 0.060003
1780.000000 0.061192
1800.000000 0.061375
1820.000000 0.062524
1840.000000 0.063564
1860.000000 0.064744
1880.000000 0.064826
1900.000000 0.065916
1920.000000 0.066912
1940.000000 0.067705
1960.000000 0.067703
1980.000000 0.068353
2000.000000 0.067551
2020.000000 0.067424
2040.000000 0.065939
2060.000000 0.064460
2080.000000 0.063328
2100.000000 0.062982
2120.000000 0.062230
2140.000000 0.061547
2160.000000 0.060797
2180.000000 0.059831
2200.000000 0.058871
2220.000000 0.057581
2240.000000 0.056187
2260.000000 0.054759
2280.000000 0.053532
2300.000000 0.052588
2320.000000 0.051655
2340.000000 0.050503
2360.000000 0.049264
2380.000000 0.047704
2400.000000 0.045990
2420.000000 0.044169
