0 0.000190 0.025154 100.000000 12.195122
0 0.000112 0.022410 200.000000 15.384615
0 0.000132 0.024188 300.000000 17.543859
0 0.000168 0.025372 400.000000 19.138756
0 0.000131 0.028955 500.000000 20.325203
0 0.000112 0.031636 600.000000 21.126760
0 0.000099 0.032464 700.000000 21.806854
0 0.000094 0.036252 800.000000 22.284122
10 0.000134 0.022967 100.000000 12.987013
10 0.000106 0.017202 200.000000 16.129032
10 0.000122 0.019989 300.000000 18.181818
10 0.000161 0.020941 400.000000 19.704433
10 0.000130 0.023419 500.000000 20.833334
10 0.000109 0.030174 600.000000 21.582733
10 0.000097 0.034053 700.000000 22.222221
10 0.000093 0.033764 800.000000 22.662889
20 0.000078 0.021395 100.000000 13.888889
20 0.000082 0.013513 200.000000 16.949152
20 0.000121 0.015195 300.000000 18.867924
20 0.000154 0.017224 400.000000 20.304569
20 0.000130 0.019423 500.000000 21.367521
20 0.000106 0.026097 600.000000 22.140221
20 0.000094 0.030635 700.000000 22.653721
20 0.000091 0.030373 800.000000 23.121387
30 0.000118 0.016024 100.000000 14.925373
30 0.000078 0.009059 200.000000 17.857143
30 0.000146 0.009492 300.000000 19.607843
30 0.000146 0.012299 400.000000 21.052631
30 0.000140 0.014459 500.000000 22.026432
30 0.000110 0.021802 600.000000 22.641510
30 0.000097 0.027431 700.000000 23.178808
30 0.000097 0.027722 800.000000 23.529411
40 0.000089 0.011876 100.000000 16.129032
40 0.000067 0.007302 200.000000 18.867924
40 0.000152 0.007038 300.000000 20.408163
40 0.000131 0.009335 400.000000 21.739130
40 0.000141 0.012883 500.000000 22.624434
40 0.000109 0.020591 600.000000 23.166023
40 0.000093 0.026414 700.000000 23.648649
40 0.000092 0.027604 800.000000 23.952095
50 0.000136 0.010228 100.000000 17.241379
50 0.000059 0.006844 200.000000 19.801981
50 0.000168 0.005715 300.000000 21.276596
50 0.000138 0.009648 400.000000 22.471910
50 0.000140 0.013913 500.000000 23.148148
50 0.000108 0.021396 600.000000 23.715416
50 0.000097 0.027380 700.000000 24.054983
50 0.000091 0.029201 800.000000 24.316109
60 0.000099 0.010356 100.000000 18.518518
60 0.000056 0.008092 200.000000 20.618557
60 0.000152 0.005673 300.000000 21.897810
60 0.000134 0.011190 400.000000 22.988506
60 0.000120 0.012551 500.000000 23.696682
60 0.000094 0.020310 600.000000 24.096386
60 0.000089 0.026162 700.000000 24.475525
60 0.000081 0.027572 800.000000 24.691359
70 0.000034 0.010951 100.000000 19.230770
70 0.000097 0.012868 200.000000 21.276596
70 0.000158 0.011139 300.000000 22.556391
70 0.000132 0.017250 400.000000 23.529411
70 0.000107 0.017057 500.000000 24.154589
70 0.000087 0.023246 600.000000 24.489796
70 0.000083 0.028439 700.000000 24.822695
70 0.000075 0.028146 800.000000 25.000000
80 0.000057 0.008390 100.000000 20.408163
80 0.000125 0.011956 200.000000 21.978022
80 0.000165 0.012538 300.000000 23.255814
80 0.000129 0.017478 400.000000 24.096386
80 0.000105 0.022007 500.000000 24.509804
80 0.000090 0.024052 600.000000 24.896265
80 0.000087 0.029199 700.000000 25.089605
80 0.000077 0.029139 800.000000 25.316456
90 0.000129 0.006533 100.000000 21.276596
90 0.000159 0.012012 200.000000 22.471910
90 0.000186 0.015069 300.000000 23.809525
90 0.000144 0.019003 400.000000 24.539877
90 0.000114 0.027648 500.000000 24.875622
90 0.000097 0.032725 600.000000 25.210085
90 0.000094 0.031863 700.000000 25.362318
90 0.000089 0.032126 800.000000 25.477707
100 0.000165 0.006324 100.000000 21.739130
100 0.000202 0.011410 200.000000 23.255814
100 0.000158 0.016175 300.000000 24.390244
100 0.000154 0.018804 400.000000 24.844721
100 0.000113 0.026867 500.000000 25.252525
100 0.000096 0.032360 600.000000 25.423729
100 0.000094 0.031605 700.000000 25.547445
100 0.000088 0.032020 800.000000 25.723473
110 0.000146 0.012662 100.000000 22.222221
110 0.000222 0.011052 200.000000 23.809525
110 0.000169 0.018979 300.000000 24.793388
110 0.000151 0.019870 400.000000 25.157232
110 0.000112 0.027630 500.000000 25.510204
110 0.000103 0.033366 600.000000 25.641026
110 0.000093 0.032353 700.000000 25.830257
110 0.000095 0.033941 800.000000 25.889967
120 0.000182 0.017659 100.000000 22.727272
120 0.000239 0.013709 200.000000 24.096386
120 0.000176 0.021621 300.000000 25.210085
120 0.000134 0.020429 400.000000 25.477707
120 0.000104 0.027384 500.000000 25.773195
120 0.000098 0.032779 600.000000 25.862068
120 0.000087 0.031621 700.000000 25.925926
120 0.000087 0.032600 800.000000 25.974026
130 0.000201 0.011855 100.000000 23.255814
130 0.000230 0.010622 200.000000 24.691359
130 0.000179 0.016156 300.000000 25.423729
130 0.000137 0.028943 400.000000 25.641026
130 0.000110 0.034904 500.000000 25.906736
130 0.000103 0.032779 600.000000 25.974026
130 0.000089 0.034277 700.000000 26.119404
130 0.000083 0.037851 800.000000 26.143791
140 0.000266 0.010762 100.000000 23.809525
140 0.000226 0.012083 200.000000 25.000000
140 0.000195 0.014941 300.000000 25.641026
140 0.000135 0.027440 400.000000 25.974026
140 0.000110 0.034019 500.000000 26.041666
140 0.000110 0.031890 600.000000 26.086956
140 0.000098 0.034905 700.000000 26.217228
140 0.000078 0.042199 800.000000 26.229507
150 0.000380 0.007847 100.000000 23.809525
150 0.000224 0.010507 200.000000 25.641026
150 0.000206 0.014801 300.000000 25.862068
150 0.000140 0.027102 400.000000 26.143791
150 0.000118 0.033522 500.000000 26.178011
150 0.000106 0.033894 600.000000 26.200872
150 0.000119 0.035883 700.000000 26.315790
150 0.000079 0.043486 800.000000 26.315790
160 0.000429 0.005638 100.000000 25.000000
160 0.000273 0.010847 200.000000 25.974026
160 0.000186 0.012569 300.000000 26.086956
160 0.000133 0.025554 400.000000 26.315790
160 0.000122 0.031809 500.000000 26.315790
160 0.000106 0.032933 600.000000 26.315790
160 0.000117 0.036271 700.000000 26.415094
160 0.000070 0.050138 800.000000 26.402639
170 0.000357 0.003659 100.000000 25.641026
170 0.000248 0.006173 200.000000 26.315790
170 0.000164 0.020729 300.000000 26.315790
170 0.000121 0.024112 400.000000 26.315790
170 0.000119 0.030348 500.000000 26.455027
170 0.000095 0.034119 600.000000 26.431719
170 0.000095 0.039702 700.000000 26.415094
170 0.000067 0.081458 800.000000 26.490067
180 0.000205 0.009847 100.000000 25.641026
180 0.000205 0.004311 200.000000 26.315790
180 0.000122 0.028614 300.000000 26.548672
180 0.000093 0.035302 400.000000 26.490067
180 0.000101 0.029238 500.000000 26.455027
180 0.000085 0.032859 600.000000 26.548672
180 0.000072 0.040606 700.000000 26.515152
180 0.000068 0.095621 800.000000 26.490067
190 0.000060 0.014620 100.000000 26.315790
190 0.000122 0.005747 200.000000 26.315790
190 0.000060 0.028619 300.000000 26.548672
190 0.000049 0.034796 400.000000 26.490067
190 0.000050 0.030406 500.000000 26.455027
190 0.000089 0.030422 600.000000 26.548672
190 0.000040 0.037535 700.000000 26.515152
190 0.000064 0.092289 800.000000 26.490067
200 0.000277 0.012035 100.000000 26.315790
200 0.000135 0.007927 200.000000 26.315790
200 0.000072 0.030602 300.000000 26.548672
200 0.000072 0.036261 400.000000 26.490067
200 0.000049 0.037495 500.000000 26.455027
200 0.000091 0.040097 600.000000 26.431719
200 0.000033 0.055880 700.000000 26.515152
200 0.000046 0.096090 800.000000 26.402639
210 0.000258 0.012058 100.000000 25.641026
210 0.000132 0.043924 200.000000 26.315790
210 0.000080 0.048146 300.000000 26.315790
210 0.000087 0.037463 400.000000 26.490067
210 0.000061 0.040695 500.000000 26.455027
210 0.000073 0.048861 600.000000 26.431719
210 0.000041 0.100719 700.000000 26.415094
210 0.000047 0.096904 800.000000 26.402639
220 0.000258 0.007631 100.000000 25.641026
220 0.000077 0.042937 200.000000 26.315790
220 0.000054 0.046513 300.000000 26.315790
220 0.000065 0.038098 400.000000 26.315790
220 0.000069 0.035832 500.000000 26.455027
220 0.000047 0.044676 600.000000 26.431719
220 0.000074 0.106612 700.000000 26.415094
220 0.000070 0.091981 800.000000 26.315790
230 0.000154 0.008766 100.000000 25.641026
230 0.000042 0.042763 200.000000 26.315790
230 0.000049 0.046172 300.000000 26.315790
230 0.000044 0.039341 400.000000 26.315790
230 0.000090 0.036609 500.000000 26.455027
230 0.000029 0.045060 600.000000 26.431719
230 0.000073 0.105156 700.000000 26.415094
230 0.000094 0.094376 800.000000 26.315790
240 0.000039 0.007535 100.000000 25.641026
240 0.000053 0.042820 200.000000 25.974026
240 0.000030 0.046881 300.000000 26.315790
240 0.000054 0.038164 400.000000 26.315790
240 0.000049 0.036091 500.000000 26.315790
240 0.000014 0.073773 600.000000 26.431719
240 0.000081 0.101924 700.000000 26.315790
240 0.000132 0.093458 800.000000 26.229507
250 0.000047 0.081828 100.000000 25.641026
250 0.000031 0.067682 200.000000 25.974026
250 0.000035 0.045501 300.000000 26.315790
250 0.000047 0.038821 400.000000 26.315790
250 0.000030 0.042625 500.000000 26.315790
250 0.000008 0.115996 600.000000 26.315790
250 0.000082 0.102148 700.000000 26.315790
250 0.000132 0.093948 800.000000 26.229507
260 0.000089 0.082007 100.000000 25.641026
260 0.000064 0.068671 200.000000 25.974026
260 0.000037 0.047963 300.000000 26.315790
260 0.000055 0.038479 400.000000 26.315790
260 0.000007 0.042716 500.000000 26.315790
260 0.000106 0.118718 600.000000 26.315790
260 0.000098 0.101004 700.000000 26.315790
260 0.000141 0.093614 800.000000 26.143791
270 0.000067 0.081339 100.000000 25.641026
270 0.000039 0.068240 200.000000 25.974026
270 0.000041 0.048941 300.000000 26.315790
270 0.000074 0.043648 400.000000 26.315790
270 0.000022 0.060642 500.000000 26.315790
270 0.000089 0.119195 600.000000 26.315790
270 0.000139 0.106921 700.000000 26.217228
270 0.000136 0.094203 800.000000 26.143791
280 0.000062 0.080995 100.000000 25.641026
280 0.000050 0.067340 200.000000 25.974026
280 0.000059 0.051058 300.000000 26.315790
280 0.000067 0.047132 400.000000 26.315790
280 0.000009 0.109176 500.000000 26.315790
280 0.000090 0.119480 600.000000 26.315790
280 0.000148 0.107309 700.000000 26.217228
280 0.000128 0.094903 800.000000 26.058632
290 0.000079 0.054084 100.000000 25.641026
290 0.000062 0.027796 200.000000 25.974026
290 0.000081 0.027222 300.000000 26.315790
290 0.000035 0.039537 400.000000 26.315790
290 0.000010 0.123810 500.000000 26.315790
290 0.000108 0.106042 600.000000 26.200872
290 0.000158 0.096115 700.000000 26.119404
290 0.000128 0.085565 800.000000 26.058632
300 0.000087 0.055115 100.000000 25.641026
300 0.000070 0.032788 200.000000 25.974026
300 0.000125 0.030436 300.000000 26.315790
300 0.000030 0.044350 400.000000 26.315790
300 0.000116 0.128714 500.000000 26.315790
300 0.000111 0.105801 600.000000 26.200872
300 0.000158 0.096138 700.000000 26.119404
300 0.000124 0.086329 800.000000 26.058632
310 0.000110 0.053800 100.000000 25.641026
310 0.000073 0.036472 200.000000 25.974026
310 0.000128 0.039336 300.000000 26.086956
310 0.000025 0.065347 400.000000 26.315790
310 0.000101 0.129325 500.000000 26.178011
310 0.000155 0.113305 600.000000 26.200872
310 0.000143 0.096907 700.000000 26.022305
310 0.000124 0.086668 800.000000 26.058632
320 0.000110 0.053342 100.000000 25.641026
320 0.000073 0.043897 200.000000 25.974026
320 0.000085 0.050544 300.000000 26.086956
320 0.000019 0.132238 400.000000 26.315790
320 0.000101 0.129394 500.000000 26.178011
320 0.000169 0.113478 600.000000 26.086956
320 0.000140 0.097338 700.000000 26.022305
320 0.000122 0.087520 800.000000 26.058632
330 0.000157 0.002782 100.000000 25.641026
330 0.000096 0.033640 200.000000 25.974026
330 0.000045 0.057272 300.000000 26.086956
330 0.000131 0.152137 400.000000 26.143791
330 0.000114 0.119176 500.000000 26.178011
330 0.000173 0.105032 600.000000 26.086956
330 0.000137 0.090320 700.000000 26.022305
330 0.000121 0.082036 800.000000 26.058632
340 0.000053 0.039972 100.000000 25.641026
340 0.000207 0.035941 200.000000 25.974026
340 0.000039 0.066977 300.000000 26.086956
340 0.000118 0.152054 400.000000 26.143791
340 0.000114 0.119441 500.000000 26.178011
340 0.000167 0.105139 600.000000 25.974026
340 0.000133 0.090933 700.000000 26.022305
340 0.000121 0.082933 800.000000 26.058632
350 0.000121 0.052459 100.000000 25.641026
350 0.000141 0.047030 200.000000 25.974026
350 0.000016 0.088540 300.000000 26.086956
350 0.000127 0.149364 400.000000 26.143791
350 0.000196 0.126084 500.000000 26.041666
350 0.000171 0.104470 600.000000 25.974026
350 0.000148 0.091948 700.000000 25.925926
350 0.000127 0.085367 800.000000 26.143791
360 0.000128 0.054485 100.000000 25.641026
360 0.000057 0.065299 200.000000 25.974026
360 0.000029 0.174889 300.000000 26.086956
360 0.000144 0.147553 400.000000 26.143791
360 0.000214 0.124580 500.000000 26.041666
360 0.000174 0.104903 600.000000 25.862068
360 0.000151 0.093901 700.000000 26.022305
360 0.000127 0.088209 800.000000 26.143791
370 0.000230 0.057865 100.000000 25.641026
370 0.000017 0.075014 200.000000 25.974026
370 0.000222 0.198092 300.000000 26.086956
370 0.000174 0.145443 400.000000 25.974026
370 0.000231 0.123758 500.000000 25.906736
370 0.000182 0.106097 600.000000 25.862068
370 0.000153 0.096885 700.000000 26.022305
370 0.000133 0.092264 800.000000 26.143791
380 0.000363 0.033283 100.000000 25.641026
380 0.000057 0.078398 200.000000 25.974026
380 0.000173 0.194231 300.000000 26.086956
380 0.000188 0.150228 400.000000 25.974026
380 0.000204 0.122302 500.000000 25.906736
380 0.000160 0.104567 600.000000 25.862068
380 0.000141 0.094803 700.000000 26.022305
380 0.000110 0.089536 800.000000 26.143791
390 0.000414 0.051074 100.000000 25.641026
390 0.000067 0.158191 200.000000 25.974026
390 0.000131 0.192250 300.000000 26.086956
390 0.000212 0.153073 400.000000 25.974026
390 0.000181 0.121918 500.000000 25.773195
390 0.000149 0.103782 600.000000 25.862068
390 0.000124 0.093703 700.000000 26.022305
390 0.000095 0.087745 800.000000 26.143791
400 0.000227 0.092865 100.000000 25.641026
400 0.000095 0.273489 200.000000 25.974026
400 0.000166 0.188966 300.000000 25.862068
400 0.000245 0.150850 400.000000 25.806452
400 0.000187 0.122035 500.000000 25.773195
400 0.000156 0.106201 600.000000 25.862068
400 0.000131 0.097027 700.000000 26.119404
400 0.000105 0.091786 800.000000 26.229507
410 0.000242 0.108996 100.000000 25.641026
410 0.000236 0.284945 200.000000 25.974026
410 0.000173 0.187658 300.000000 25.862068
410 0.000237 0.150300 400.000000 25.806452
410 0.000179 0.122345 500.000000 25.773195
410 0.000146 0.106761 600.000000 25.974026
410 0.000126 0.097584 700.000000 26.119404
410 0.000098 0.092038 800.000000 26.229507
420 0.000395 0.115068 100.000000 25.641026
420 0.000410 0.266455 200.000000 25.641026
420 0.000409 0.188649 300.000000 25.862068
420 0.000343 0.148498 400.000000 25.641026
420 0.000266 0.130827 500.000000 25.773195
420 0.000222 0.123705 600.000000 25.974026
420 0.000176 0.120769 700.000000 26.119404
420 0.000153 0.118747 800.000000 26.143791
430 0.000257 0.303187 100.000000 25.641026
430 0.000386 0.263068 200.000000 25.641026
430 0.000423 0.187599 300.000000 25.641026
430 0.000320 0.150945 400.000000 25.641026
430 0.000256 0.133660 500.000000 25.773195
430 0.000207 0.126555 600.000000 25.974026
430 0.000164 0.122998 700.000000 26.119404
430 0.000137 0.119887 800.000000 26.143791
440 0.000114 0.494824 100.000000 25.641026
440 0.000365 0.258520 200.000000 25.641026
440 0.000407 0.187001 300.000000 25.641026
440 0.000284 0.151856 400.000000 25.641026
440 0.000233 0.134963 500.000000 25.773195
440 0.000185 0.126220 600.000000 26.086956
440 0.000148 0.121597 700.000000 26.119404
440 0.000123 0.116701 800.000000 26.143791
450 0.000687 0.509560 100.000000 25.000000
450 0.000383 0.257051 200.000000 25.641026
450 0.000403 0.189120 300.000000 25.641026
450 0.000277 0.155618 400.000000 25.641026
450 0.000230 0.139537 500.000000 25.773195
450 0.000180 0.130501 600.000000 26.086956
450 0.000147 0.124999 700.000000 26.119404
450 0.000125 0.119831 800.000000 26.058632
460 0.000437 0.438543 100.000000 25.000000
460 0.000432 0.237438 200.000000 25.316456
460 0.000323 0.167424 300.000000 25.423729
460 0.000234 0.137071 400.000000 25.641026
460 0.000186 0.122880 500.000000 25.906736
460 0.000136 0.114939 600.000000 26.086956
460 0.000116 0.108479 700.000000 26.119404
460 0.000096 0.102826 800.000000 25.974026
470 0.000562 0.126768 100.000000 25.000000
470 0.000517 0.082685 200.000000 25.316456
470 0.000340 0.079601 300.000000 25.423729
470 0.000251 0.083293 400.000000 25.641026
470 0.000198 0.087500 500.000000 25.906736
470 0.000148 0.090647 600.000000 26.086956
470 0.000119 0.090783 700.000000 26.119404
470 0.000091 0.089392 800.000000 25.889967
480 0.000669 0.040841 100.000000 25.000000
480 0.000570 0.050461 200.000000 25.316456
480 0.000355 0.072593 300.000000 25.423729
480 0.000269 0.084512 400.000000 25.641026
480 0.000204 0.090520 500.000000 26.041666
480 0.000155 0.094894 600.000000 26.086956
480 0.000130 0.093980 700.000000 26.119404
480 0.000084 0.094954 800.000000 25.806452
490 0.000070 0.005317 100.000000 25.000000
490 0.000261 0.021772 200.000000 25.316456
490 0.000142 0.028152 300.000000 25.423729
490 0.000117 0.034342 400.000000 25.806452
490 0.000082 0.038494 500.000000 26.041666
490 0.000061 0.039790 600.000000 26.200872
490 0.000049 0.038660 700.000000 26.022305
490 0.000046 0.041952 800.000000 25.723473
500 0.000441 0.051266 100.000000 25.000000
500 0.000265 0.028236 200.000000 25.000000
500 0.000175 0.036248 300.000000 25.423729
500 0.000133 0.043349 400.000000 25.806452
500 0.000084 0.047259 500.000000 26.041666
500 0.000069 0.046984 600.000000 26.200872
500 0.000056 0.045262 700.000000 25.925926
500 0.000049 0.052237 800.000000 25.559105
510 0.000521 0.053599 100.000000 25.000000
510 0.000252 0.031633 200.000000 25.000000
510 0.000166 0.039603 300.000000 25.423729
510 0.000124 0.043594 400.000000 25.974026
510 0.000080 0.046481 500.000000 26.178011
510 0.000062 0.045548 600.000000 26.086956
510 0.000037 0.043458 700.000000 25.830257
510 0.000055 0.049278 800.000000 25.396826
520 0.000477 0.045181 100.000000 24.390244
520 0.000209 0.032241 200.000000 25.000000
520 0.000144 0.037635 300.000000 25.641026
520 0.000103 0.040524 400.000000 25.974026
520 0.000066 0.042276 500.000000 26.178011
520 0.000049 0.039879 600.000000 26.086956
520 0.000028 0.039098 700.000000 25.735294
520 0.000066 0.047707 800.000000 25.236593
530 0.000458 0.042205 100.000000 24.390244
530 0.000202 0.038522 200.000000 25.000000
530 0.000145 0.042174 300.000000 25.641026
530 0.000092 0.044108 400.000000 25.974026
530 0.000068 0.043410 500.000000 26.178011
530 0.000055 0.040468 600.000000 26.086956
530 0.000062 0.045748 700.000000 25.641026
530 0.000067 0.046583 800.000000 25.078369
540 0.000113 0.025531 100.000000 24.390244
540 0.000059 0.021903 200.000000 25.316456
540 0.000053 0.022212 300.000000 25.862068
540 0.000044 0.021249 400.000000 26.143791
540 0.000038 0.017569 500.000000 26.178011
540 0.000039 0.013701 600.000000 25.974026
540 0.000118 0.030444 700.000000 25.454546
540 0.000108 0.033584 800.000000 24.844721
550 0.000084 0.028549 100.000000 24.390244
550 0.000048 0.021318 200.000000 25.316456
550 0.000065 0.017212 300.000000 26.086956
550 0.000055 0.015477 400.000000 26.315790
550 0.000054 0.011521 500.000000 26.178011
550 0.000069 0.009193 600.000000 25.862068
550 0.000130 0.029491 700.000000 25.362318
550 0.000110 0.035495 800.000000 24.464832
560 0.000083 0.016008 100.000000 24.390244
560 0.000055 0.013042 200.000000 25.641026
560 0.000054 0.010616 300.000000 26.086956
560 0.000066 0.009493 400.000000 26.315790
560 0.000053 0.007553 500.000000 26.178011
560 0.000082 0.008025 600.000000 25.751074
560 0.000141 0.036343 700.000000 25.179855
560 0.000116 0.038743 800.000000 24.024025
570 0.000108 0.016053 100.000000 25.000000
570 0.000051 0.012669 200.000000 25.974026
570 0.000052 0.010483 300.000000 26.315790
570 0.000058 0.007503 400.000000 26.315790
570 0.000052 0.004757 500.000000 26.178011
570 0.000143 0.018274 600.000000 25.641026
570 0.000137 0.039212 700.000000 25.000000
570 0.000112 0.040009 800.000000 23.598820
580 0.000025 0.011066 100.000000 25.000000
580 0.000040 0.012602 200.000000 25.974026
580 0.000054 0.012074 300.000000 26.315790
580 0.000042 0.007659 400.000000 26.490067
580 0.000048 0.004649 500.000000 26.041666
580 0.000146 0.033259 600.000000 25.531916
580 0.000133 0.039423 700.000000 24.734982
580 0.000109 0.041179 800.000000 23.054754
590 0.000020 0.014062 100.000000 25.641026
590 0.000060 0.011487 200.000000 26.315790
590 0.000050 0.010322 300.000000 26.548672
590 0.000055 0.006620 400.000000 26.315790
590 0.000075 0.005144 500.000000 26.041666
590 0.000149 0.033740 600.000000 25.316456
590 0.000122 0.040794 700.000000 24.305555
590 0.000120 0.042406 800.000000 22.662889
600 0.000052 0.015229 100.000000 25.641026
600 0.000046 0.012169 200.000000 26.315790
600 0.000060 0.011296 300.000000 26.548672
600 0.000048 0.006056 400.000000 26.315790
600 0.000091 0.005321 500.000000 25.773195
600 0.000155 0.041039 600.000000 25.104603
600 0.000121 0.041862 700.000000 23.809525
600 0.000113 0.043756 800.000000 22.222221
610 0.000039 0.016977 100.000000 25.641026
610 0.000033 0.015524 200.000000 26.666666
610 0.000039 0.011950 300.000000 26.548672
610 0.000035 0.006989 400.000000 26.143791
610 0.000160 0.031219 500.000000 25.641026
610 0.000144 0.044743 600.000000 24.793388
610 0.000118 0.043321 700.000000 23.178808
610 0.000102 0.043682 800.000000 21.798365
620 0.000072 0.015472 100.000000 26.315790
620 0.000075 0.013192 200.000000 26.666666
620 0.000058 0.007430 300.000000 26.548672
620 0.000072 0.005946 400.000000 25.974026
620 0.000175 0.040197 500.000000 25.380711
620 0.000153 0.046917 600.000000 24.390244
620 0.000125 0.047845 700.000000 22.653721
620 0.000103 0.045934 800.000000 21.505377
630 0.000091 0.010689 100.000000 26.315790
630 0.000065 0.009975 200.000000 26.666666
630 0.000063 0.005362 300.000000 26.315790
630 0.000089 0.006221 400.000000 25.806452
630 0.000174 0.049198 500.000000 25.000000
630 0.000141 0.048128 600.000000 23.904383
630 0.000138 0.048911 700.000000 22.082020
630 0.000103 0.046090 800.000000 21.164021
640 0.000038 0.012706 100.000000 26.315790
640 0.000067 0.012020 200.000000 26.666666
640 0.000050 0.006157 300.000000 26.086956
640 0.000110 0.005729 400.000000 25.477707
640 0.000176 0.049419 500.000000 24.752476
640 0.000134 0.049105 600.000000 23.166023
640 0.000121 0.049663 700.000000 21.538462
640 0.000103 0.045659 800.000000 20.725389
650 0.000105 0.011188 100.000000 26.315790
650 0.000062 0.007345 200.000000 26.315790
650 0.000065 0.007408 300.000000 25.862068
650 0.000196 0.050076 400.000000 25.157232
650 0.000183 0.055392 500.000000 24.271845
650 0.000142 0.054134 600.000000 22.471910
650 0.000122 0.052068 700.000000 21.084337
650 0.000104 0.046376 800.000000 20.304569
660 0.000092 0.014875 100.000000 26.315790
660 0.000077 0.008293 200.000000 25.974026
660 0.000081 0.006697 300.000000 25.641026
660 0.000198 0.050340 400.000000 24.844721
660 0.000170 0.055867 500.000000 23.809525
660 0.000143 0.054678 600.000000 21.818182
660 0.000113 0.051069 700.000000 20.771513
660 0.000173 0.036932 800.000000 19.851116
670 0.000084 0.011209 100.000000 25.641026
670 0.000061 0.005873 200.000000 25.974026
670 0.000123 0.006315 300.000000 25.210085
670 0.000218 0.061546 400.000000 24.390244
670 0.000164 0.057736 500.000000 23.041475
670 0.000147 0.056887 600.000000 21.201414
670 0.000116 0.051887 700.000000 20.348837
670 0.000782 0.050214 800.000000 19.417477
680 0.000081 0.009956 100.000000 25.641026
680 0.000053 0.006228 200.000000 25.641026
680 0.000236 0.021792 300.000000 24.793388
680 0.000217 0.062374 400.000000 23.952095
680 0.000158 0.060030 500.000000 22.222221
680 0.000132 0.057977 600.000000 20.689655
680 0.000111 0.051671 700.000000 19.886364
680 0.001412 0.054238 800.000000 19.093079
690 0.000039 0.009424 100.000000 25.641026
690 0.000040 0.006497 200.000000 25.316456
690 0.000241 0.066367 300.000000 24.390244
690 0.000197 0.067368 400.000000 23.529411
690 0.000149 0.061140 500.000000 21.459227
690 0.000119 0.056565 600.000000 20.202021
690 0.000099 0.049685 700.000000 19.444445
700 0.000045 0.008451 100.000000 25.000000
700 0.000102 0.009056 200.000000 24.691359
700 0.000250 0.066848 300.000000 24.000000
700 0.000178 0.068879 400.000000 22.857143
700 0.000156 0.063480 500.000000 20.833334
700 0.000117 0.057178 600.000000 19.867550
700 0.000117 0.043997 700.000000 18.970190
710 0.000043 0.008030 100.000000 25.000000
710 0.000138 0.008449 200.000000 24.390244
710 0.000259 0.081344 300.000000 23.622047
710 0.000179 0.070062 400.000000 21.978022
710 0.000156 0.064816 500.000000 20.161291
710 0.000120 0.057624 600.000000 19.417477
710 0.001142 0.056927 700.000000 18.567638
720 0.000026 0.009433 100.000000 24.390244
720 0.000326 0.054444 200.000000 23.809525
720 0.000256 0.088964 300.000000 23.076923
720 0.000174 0.073702 400.000000 21.164021
720 0.000146 0.066732 500.000000 19.607843
720 0.000119 0.058074 600.000000 18.987341
730 0.000080 0.012211 100.000000 23.809525
730 0.000367 0.099508 200.000000 23.529411
730 0.000265 0.090710 300.000000 22.556391
730 0.000183 0.078394 400.000000 20.304569
730 0.000143 0.068504 500.000000 19.230770
730 0.000064 0.056011 600.000000 18.518518
740 0.000166 0.010670 100.000000 23.809525
740 0.000348 0.099715 200.000000 22.988506
740 0.000217 0.090645 300.000000 21.739130
740 0.000191 0.076603 400.000000 19.704433
740 0.000130 0.066925 500.000000 18.867924
740 0.000497 0.055638 600.000000 18.072289
750 0.000245 0.012813 100.000000 23.255814
750 0.000381 0.121440 200.000000 22.471910
750 0.000225 0.092848 300.000000 20.833334
750 0.000185 0.080381 400.000000 19.047619
750 0.000140 0.068356 500.000000 18.518518
750 0.001322 0.068060 600.000000 17.751480
760 0.000633 0.109097 100.000000 22.727272
760 0.000377 0.132566 200.000000 21.978022
760 0.000230 0.096790 300.000000 20.000000
760 0.000179 0.082104 400.000000 18.604650
760 0.000138 0.068564 500.000000 18.050541
770 0.000676 0.194928 100.000000 22.222221
770 0.000369 0.132154 200.000000 21.505377
770 0.000227 0.099293 300.000000 19.230770
770 0.000167 0.081899 400.000000 18.181818
770 0.000068 0.064667 500.000000 17.605635
780 0.000543 0.194766 100.000000 21.739130
780 0.000257 0.130445 200.000000 20.833334
780 0.000204 0.093841 300.000000 18.518518
780 0.000131 0.076750 400.000000 17.857143
780 0.000341 0.057338 500.000000 17.241379
790 0.000504 0.236492 100.000000 21.276596
790 0.000220 0.129870 200.000000 19.801981
790 0.000174 0.093420 300.000000 17.964071
790 0.000120 0.074359 400.000000 17.543859
790 0.001552 0.074208 500.000000 16.891891
800 0.000187 0.179146 100.000000 20.833334
800 0.000055 0.098426 200.000000 18.867924
800 0.000064 0.063245 300.000000 17.441860
800 0.000054 0.048012 400.000000 17.167381
800 0.002202 0.065067 500.000000 16.666666
810 0.000114 0.063651 100.000000 20.408163
810 0.000055 0.028329 200.000000 18.018019
810 0.000068 0.016499 300.000000 17.142857
810 0.000043 0.012497 400.000000 16.806723
820 0.000046 0.062040 100.000000 19.607843
820 0.000041 0.025746 200.000000 17.241379
820 0.000064 0.015424 300.000000 16.853933
820 0.000352 0.001652 400.000000 16.393442
830 0.000064 0.018652 100.000000 18.518518
830 0.000070 0.010556 200.000000 16.666666
830 0.000063 0.004921 300.000000 16.574585
830 0.001090 0.030500 400.000000 16.129032
840 0.000102 0.018545 100.000000 17.241379
840 0.000065 0.011701 200.000000 16.129032
840 0.000065 0.004606 300.000000 16.304348
840 0.002186 0.049071 400.000000 15.873015
850 0.000094 0.012750 100.000000 16.393442
850 0.000091 0.016406 200.000000 15.873015
850 0.000063 0.009711 300.000000 15.957447
860 0.000046 0.014414 100.000000 15.625000
860 0.000101 0.014605 200.000000 15.625000
860 0.000045 0.008362 300.000000 15.625000
870 0.000064 0.017547 100.000000 14.925373
870 0.000101 0.011662 200.000000 15.503876
870 0.000476 0.021270 300.000000 15.384615
880 0.000173 0.020882 100.000000 14.705882
880 0.000104 0.008850 200.000000 15.503876
880 0.001191 0.036378 300.000000 15.306123
890 0.000154 0.018205 100.000000 14.705882
890 0.000102 0.009186 200.000000 15.625000
890 0.002441 0.054265 300.000000 15.306123
900 0.000211 0.015313 100.000000 14.925373
900 0.000133 0.008411 200.000000 15.625000
900 0.003290 0.066592 300.000000 15.306123
910 0.000239 0.015596 100.000000 14.925373
910 0.000116 0.008432 200.000000 15.503876
920 0.000232 0.013067 100.000000 15.384615
920 0.000103 0.007266 200.000000 15.503876
930 0.000189 0.011169 100.000000 15.625000
930 0.000928 0.030268 200.000000 15.503876
940 0.000163 0.011749 100.000000 15.873015
940 0.000560 0.043782 200.000000 15.384615
950 0.000111 0.009242 100.000000 16.129032
950 0.002752 0.076883 200.000000 15.384615
960 0.000075 0.009077 100.000000 16.129032
960 0.003710 0.099168 200.000000 15.384615
970 0.000051 0.009632 100.000000 15.873015
970 0.005455 0.115322 200.000000 15.384615
980 0.000029 0.011966 100.000000 15.625000
990 0.001035 0.032496 100.000000 15.151515
1000 0.000550 0.061493 100.000000 14.705882
1010 0.004855 0.134354 100.000000 14.492754
1020 0.007174 0.189978 100.000000 14.492754
1030 0.010072 0.222969 100.000000 14.705882
