-0.000000 0.000000 0.000000 0.000000
-0.031067 2.888054 0.060746 2.887203
-0.064585 5.738958 0.065192 5.715802
-0.101303 8.535486 0.098276 8.503459
-0.142195 11.339520 0.058550 11.260260
-0.184906 14.041360 0.079533 13.983190
-0.236713 16.743090 0.012906 16.672150
-0.293743 19.414190 -0.095672 19.330190
-0.351775 22.037930 -0.165146 21.935670
-0.412104 24.615430 -0.257406 24.475780
-0.469077 27.080370 -0.371808 26.908630
-0.537729 29.454710 -0.438496 29.258190
-0.609883 31.753310 -0.568490 31.526580
-0.707028 33.962280 -0.691618 33.731890
-0.822501 36.085730 -0.851156 35.798480
-0.935694 38.111240 -0.990305 37.785880
-1.022967 40.037480 -1.099982 39.707880
-1.107347 41.890890 -1.226913 41.493490
-1.156523 43.592390 -1.264798 43.136570
-1.165281 45.110470 -1.284383 44.590440
-1.139704 46.435620 -1.267241 45.849270
-1.077742 47.567320 -1.237790 46.896150
-1.006263 48.450880 -1.190846 47.737420
-0.897746 49.232390 -1.085373 48.509320
-0.757712 49.986150 -0.973803 49.260900
-0.562625 50.707270 -0.857921 49.742470
-0.317219 51.420200 -0.614775 50.455620
0.000274 52.129820 -0.318495 51.173670
0.427978 52.800310 0.093157 51.854160
0.965237 53.472800 0.621030 52.534080
1.658262 54.153430 1.305374 53.224360
2.612681 54.789880 2.236923 53.889710
3.766145 55.335410 3.367077 54.481680
5.103719 55.721430 4.688009 54.926550
6.612372 55.902800 6.188341 55.166120
8.209580 55.971350 7.785139 55.284830
9.933246 55.981820 9.511469 55.300600
11.755010 55.963040 11.337000 55.308270
13.673080 55.883300 13.260230 55.257920
15.697980 55.779010 15.290150 55.197630
17.784720 55.672100 17.380370 55.130320
19.978240 55.590270 19.575950 55.168900
22.167140 55.510110 21.768160 55.147460
24.373310 55.484540 23.972420 55.240970
26.568060 55.472620 26.170450 55.249860
28.777650 55.510270 28.380410 55.347740
30.985590 55.548590 30.591040 55.392310
33.207400 55.613480 32.812720 55.472340
35.442520 55.709300 35.050170 55.561160
37.704740 55.826600 37.306800 55.743310
40.002200 55.976310 39.600960 55.945290
42.339510 56.141300 41.935410 56.137730
44.713720 56.343910 44.306720 56.364260
47.122240 56.605330 46.711810 56.638310
49.540680 56.921620 49.128350 56.971740
51.989070 57.297260 51.566150 57.403730
54.343180 57.698510 53.914770 57.831380
56.645460 58.120330 56.212600 58.267430
58.876010 58.567270 58.436800 58.740390
61.013190 59.021080 60.571110 59.205770
63.055930 59.468430 62.603330 59.687150
65.032810 59.902180 64.571570 60.151380
66.922080 60.298360 66.446420 60.606950
68.724720 60.677920 68.239400 61.024840
70.449950 61.033000 69.960530 61.399980
72.086540 61.346730 71.599350 61.705430
73.701140 61.657010 73.215950 62.009470
75.335240 61.944750 74.846010 62.322990
76.992600 62.291350 76.500070 62.681760
78.692590 62.691950 78.199970 63.077760
80.453400 63.179850 79.958940 63.571200
82.265790 63.740490 81.759720 64.156150
84.194030 64.399810 83.681590 64.829860
86.224450 65.153770 85.705010 65.598010
88.357870 65.993410 87.829920 66.449790
90.502450 66.907090 89.962970 67.387760
92.609040 67.903710 92.083220 68.353190
94.633120 68.920130 94.114870 69.354720
96.583420 69.912990 96.077770 70.328070
98.435050 70.883890 97.936750 71.293030
100.212200 71.816210 99.718490 72.216110
101.905500 72.735820 101.426200 73.112300
103.511500 73.620900 103.049500 73.971740
105.060100 74.482340 104.614500 74.799990
106.565000 75.343110 106.133100 75.631290
108.028900 76.228830 107.613300 76.485780
109.484600 77.160920 109.054000 77.440980
111.012500 78.171090 110.575800 78.457850
112.582900 79.246780 112.109300 79.583550
114.228600 80.425890 113.741400 80.778140
115.947600 81.729260 115.433900 82.115580
117.700100 83.151090 117.170100 83.552480
119.523000 84.685210 119.000700 85.073190
121.433400 86.292660 120.901600 86.686100
123.377700 87.978210 122.835900 88.376340
125.311100 89.753620 124.748400 90.170680
127.275600 91.596860 126.710700 92.012630
129.224500 93.463900 128.661200 93.875490
131.149100 95.403230 130.579900 95.820020
133.059000 97.419260 132.500100 97.823120
134.953900 99.488560 134.381600 99.901190
136.852800 101.578900 136.282100 101.988500
138.768400 103.700800 138.179300 104.125500
140.668600 105.771500 140.059500 106.211800
142.593300 107.805600 141.935200 108.286100
144.499400 109.783900 143.837700 110.265100
146.448400 111.754000 145.792500 112.227100
148.396300 113.639400 147.717200 114.132400
150.376300 115.438400 149.652200 115.974500
152.404100 117.222400 151.617900 117.822800
154.478600 118.989300 153.663000 119.619300
156.645400 120.724500 155.792700 121.396400
158.905800 122.432200 158.003100 123.165300
161.194700 124.063600 160.240900 124.863000
163.498700 125.601900 162.524200 126.429500
165.800800 127.092000 164.801000 127.954900
168.046900 128.527100 167.013200 129.436300
170.193100 129.881700 169.148300 130.806600
172.320500 131.175000 171.301800 132.054200
174.354500 132.418200 173.341400 133.287400
176.353200 133.630800 175.355300 134.472900
178.293700 134.777800 177.292900 135.620000
180.174800 135.863800 179.182800 136.691000
181.990300 136.890800 181.011700 137.692700
183.746700 137.844100 182.763900 138.650800
185.502900 138.752600 184.537300 139.518200
187.316700 139.650000 186.348800 140.416600
189.197800 140.526600 188.227800 141.294200
191.166700 141.381000 190.188200 142.157200
193.245000 142.204500 192.270700 142.961700
195.460000 143.026300 194.476200 143.806500
197.772100 143.833600 196.771500 144.657400
200.145100 144.607400 199.137500 145.450400
202.692400 145.397600 201.690700 146.216600
205.249500 146.171900 204.253300 146.965200
207.860900 146.926000 206.871000 147.681000
210.549200 147.643600 209.564000 148.373900
213.300400 148.348200 212.318400 149.061100
216.084100 149.048900 215.106800 149.742500
218.860300 149.726200 217.888100 150.399800
221.644800 150.382100 220.674100 151.045300
224.412100 151.021800 223.439900 151.677000
227.167600 151.643200 226.188100 152.322800
229.918900 152.230300 228.939700 152.906800
232.689500 152.785800 231.708300 153.460800
235.449300 153.313200 234.458200 154.028700
238.199800 153.803200 237.208100 154.520100
240.934200 154.256400 239.935700 155.015000
243.668800 154.668400 242.666500 155.454000
246.368400 155.041200 245.366800 155.813500
249.069800 155.358200 248.063500 156.166500
251.725900 155.632800 250.717200 156.454900
254.402400 155.881300 253.389300 156.734100
257.042800 156.089700 256.024500 157.003000
259.660100 156.224000 258.640500 157.156400
262.271700 156.315800 261.250000 157.255300
264.865700 156.356900 263.842300 157.299900
267.459400 156.359600 266.435500 157.309500
270.039500 156.343700 269.013900 157.318200
272.588200 156.330000 271.563200 157.372800
275.056200 156.330100 274.031400 157.380000
277.448400 156.359600 276.422800 157.386000
279.738200 156.429500 278.711500 157.484500
281.938200 156.520200 280.911500 157.575900
284.012100 156.634000 282.986000 157.690000
285.967000 156.761600 284.939200 157.830800
287.810800 156.898300 286.781600 157.979200
289.549300 157.041600 288.517000 158.151200
291.199000 157.180400 290.162800 158.309100
292.759600 157.324200 291.718000 158.477600
294.237400 157.467800 293.192900 158.637500
295.702000 157.617000 294.656500 158.800600
297.209000 157.765400 296.161900 158.958200
298.767900 157.889400 297.719000 159.098300
300.432800 158.016900 299.383100 159.228000
302.189300 158.141600 301.138800 159.380600
304.038500 158.267800 302.989100 159.509400
305.995200 158.405700 304.941300 159.676900
308.048700 158.531900 306.993300 159.787900
310.174500 158.661100 309.115200 159.941800
312.381400 158.771100 311.318200 160.075900
314.676200 158.867600 313.613000 160.160900
317.037300 158.975500 315.972600 160.291700
319.477900 159.096700 318.409900 160.444000
321.983300 159.231700 320.913100 160.593800
324.556700 159.385400 323.484500 160.767000
327.199000 159.561700 326.124200 160.946600
329.888000 159.763100 328.807300 161.186700
332.606500 159.992500 331.523400 161.431700
335.346200 160.242300 334.267500 161.633900
338.087800 160.502200 337.007800 161.922300
340.808300 160.751300 339.723600 162.209600
343.520500 160.989100 342.434300 162.457000
346.223500 161.227200 345.131500 162.716900
348.906500 161.474100 347.812100 162.986500
351.590100 161.717700 350.488500 163.283000
354.273100 161.969400 353.158500 163.614500
356.966000 162.239900 355.840300 163.936000
359.666600 162.550200 358.522600 164.342900
362.375700 162.896300 361.212100 164.787500
365.062800 163.323000 363.888200 165.258300
367.727000 163.850800 366.539700 165.821400
370.348600 164.475400 369.162300 166.439000
372.964400 165.138700 371.766500 167.129100
375.599800 165.826700 374.390000 167.847300
378.229900 166.566100 377.012000 168.600800
380.801800 167.357500 379.582400 169.392500
383.318400 168.171800 382.102400 170.196700
385.808200 169.013900 384.592900 171.022800
388.246500 169.856400 387.040800 171.832700
390.650800 170.695000 389.446700 172.669000
393.014800 171.503500 391.811900 173.471900
395.404400 172.284100 394.183600 174.306000
397.780400 173.063700 396.539700 175.135000
400.205400 173.874000 398.967600 175.932600
402.725900 174.699400 401.483200 176.771800
405.238700 175.529800 404.001700 177.583500
407.810400 176.369600 406.584000 178.393300
410.380800 177.246300 409.169800 179.211900
412.944100 178.091800 411.711600 180.096300
415.502100 178.907300 414.263000 180.913100
417.987000 179.722000 416.723600 181.786400
420.400700 180.499000 419.122900 182.595000
422.723500 181.229600 421.436800 183.340300
424.970600 181.953100 423.658600 184.122800
427.191300 182.654700 425.847800 184.897000
429.364900 183.330700 428.000000 185.630500
431.542400 184.015100 430.189000 186.255000
433.709700 184.706100 432.328100 186.990100
435.894400 185.396800 434.505700 187.677900
437.987000 186.094800 436.587100 188.404300
439.976500 186.775400 438.554900 189.146500
441.889500 187.423200 440.445100 189.847600
443.709700 188.041300 442.255300 190.483900
445.449300 188.641500 443.989100 191.090900
447.056300 189.201200 445.576300 191.693600
448.590500 189.739900 447.098800 192.254500
450.015000 190.249300 448.503300 192.809500
451.352700 190.721500 449.823200 193.327800
452.596100 191.161200 451.055800 193.789000
453.710200 191.550200 452.184400 194.129500
454.731200 191.911400 453.221100 194.425500
455.653200 192.246800 454.142000 194.767200
456.505300 192.533700 454.998600 195.032900
457.319300 192.826200 455.806400 195.344600
458.109900 193.111500 456.593600 195.629800
458.896600 193.410900 457.362700 195.971100
459.697700 193.760100 458.155800 196.338500
460.531700 194.165900 458.978400 196.766300
461.370300 194.631800 459.811400 197.235000
462.158600 195.139900 460.576600 197.768600
462.899600 195.612800 461.300600 198.247900
463.586200 195.962000 461.972200 198.610100
464.354300 196.273600 462.722600 198.955900
465.139400 196.550800 463.517100 199.176000
465.948600 196.799800 464.321500 199.420500
466.714000 197.006300 465.084600 199.637500
467.409700 197.209000 465.777000 199.846700
468.004600 197.427000 466.363100 200.088300
468.491000 197.643300 466.830100 200.348300
468.884200 197.788300 467.213900 200.516600
469.204000 197.984300 467.513300 200.740200
469.473000 198.134800 467.679700 200.862400
469.708700 198.262200 467.828400 200.988700
469.857800 198.400100 467.947400 201.110500
469.984600 198.505100 467.996000 201.168000
470.093200 198.600100 468.049700 201.206300
