0.000000 -0.000000 0.000000 0.000000
-0.140643 2.574964 -0.018867 2.578981
-0.281220 5.148987 -0.111729 5.157199
-0.421837 7.724036 -0.198075 7.735773
-0.562431 10.298960 -0.303130 10.313480
-0.701879 12.869650 -0.423634 12.889720
-0.854664 15.479570 -0.594647 15.527290
-1.011589 18.173180 -0.776911 18.240570
-1.171840 20.913680 -0.940264 20.997290
-1.334841 23.709530 -1.105774 23.809060
-1.487044 26.544710 -1.302702 26.651500
-1.633363 29.422930 -1.472957 29.553000
-1.768976 32.357140 -1.612750 32.491340
-1.929780 35.330970 -1.822967 35.543590
-2.126953 38.471510 -2.036642 38.661360
-2.329940 41.561110 -2.270732 41.740720
-2.535885 44.597900 -2.494129 44.756480
-2.728914 47.592750 -2.712249 47.736530
-2.937935 50.537730 -2.899462 50.678700
-3.130185 53.464980 -3.173546 53.582720
-3.310922 56.350390 -3.390379 56.465580
-3.511313 59.225400 -3.572073 59.320980
-3.703384 62.006320 -3.775971 62.071560
-3.912602 64.697860 -3.991712 64.721640
-4.114442 67.264550 -4.249494 67.244230
-4.313021 69.714240 -4.483511 69.656870
-4.514875 72.037350 -4.765009 71.909180
-4.709494 74.175390 -5.016746 73.987540
-4.891889 76.138280 -5.270176 75.877770
-5.039038 77.925340 -5.420419 77.624010
-5.159772 79.592300 -5.563875 79.249300
-5.235209 81.135380 -5.650530 80.748570
-5.207469 82.555940 -5.637665 82.136790
-5.029560 83.885300 -5.435629 83.446880
-4.680938 85.118200 -5.099653 84.660340
-4.130089 86.200010 -4.523957 85.705080
-3.393066 87.095580 -3.834392 86.609970
-2.508137 87.820100 -2.964163 87.356570
-1.511055 88.343490 -1.984701 87.921070
-0.450022 88.747950 -0.930052 88.359820
0.676345 89.023150 0.190454 88.654740
1.832910 89.277150 1.371409 88.905080
3.089762 89.418990 2.666248 89.056980
4.475771 89.556060 4.089022 89.207320
5.974572 89.621010 5.630170 89.286940
7.614093 89.671530 7.322625 89.351300
9.420230 89.707860 9.181590 89.431240
11.388370 89.721450 11.195460 89.493590
13.505010 89.738680 13.364900 89.522590
15.773680 89.805260 15.681850 89.600570
18.156510 89.929480 18.080890 89.756160
20.581930 90.082780 20.518020 89.945790
23.034320 90.227690 22.968290 90.091640
25.478370 90.365000 25.402660 90.266350
27.909920 90.499220 27.832850 90.448470
30.340320 90.588890 30.251630 90.557360
32.740690 90.598330 32.642900 90.567520
35.110390 90.529620 35.001540 90.534010
37.430830 90.386730 37.302120 90.371090
39.683630 90.176290 39.535870 90.193220
41.863240 89.910310 41.695710 89.954730
43.959460 89.634420 43.753790 89.697410
45.922800 89.378560 45.663810 89.447240
47.726310 89.193250 47.412950 89.332110
49.366470 89.121130 49.018180 89.278340
50.939410 89.191540 50.586210 89.301070
52.464070 89.450930 52.093990 89.596270
53.889450 89.945260 53.495610 90.091870
55.133190 90.660970 54.712170 90.783660
56.158450 91.620300 55.771170 91.703750
56.967930 92.764920 56.568940 92.860950
57.539920 94.061200 57.160120 94.163140
57.927200 95.446880 57.553910 95.568660
58.277310 96.884370 57.913840 97.020000
58.589460 98.403450 58.224480 98.568670
58.940360 100.002400 58.611120 100.189100
59.343230 101.692600 59.005660 101.927200
59.798800 103.499800 59.450920 103.777200
60.309140 105.392300 60.011660 105.676400
60.819120 107.363700 60.526560 107.696100
61.355080 109.477800 61.076780 109.838400
61.874140 111.669200 61.621640 112.055600
62.417580 113.964900 62.188060 114.385000
62.973720 116.373200 62.796650 116.810600
63.512460 118.836400 63.383090 119.273200
64.057360 121.342700 64.009030 121.774000
64.655860 123.876700 64.663090 124.306900
65.262090 126.422600 65.307720 126.845100
65.864770 128.941000 65.901560 129.327300
66.510510 131.382800 66.550870 131.804500
67.135460 133.867500 67.134420 134.248400
67.748220 136.262500 67.758630 136.653900
68.311480 138.668800 68.333840 139.055500
68.830800 141.066900 68.865120 141.437800
69.359830 143.451000 69.390540 143.805600
69.844620 145.829800 69.875490 146.200400
70.257380 148.240700 70.275710 148.596900
70.634070 150.615300 70.711730 150.974600
70.952630 153.048800 71.052420 153.402300
71.236680 155.482600 71.341160 155.851400
71.430750 157.958600 71.551700 158.321600
71.592060 160.420500 71.735940 160.776200
71.705560 162.889100 71.922490 163.261300
71.811250 165.386800 72.087120 165.730900
71.901490 167.846500 72.200510 168.208400
71.944200 170.358200 72.346360 170.722800
71.944230 172.867000 72.370170 173.220400
71.880770 175.411200 72.317030 175.788600
71.759300 177.947700 72.222500 178.309800
71.629380 180.489300 72.133100 180.877200
71.495820 183.069400 72.017390 183.445600
71.389860 185.611000 71.987070 186.001600
71.229200 188.181800 71.896680 188.554100
71.075770 190.694700 71.769720 191.072500
70.908190 193.208300 71.619260 193.578400
70.732240 195.676300 71.505700 196.032100
70.587330 197.902600 71.357230 198.149900
70.462020 200.022200 71.261300 200.270900
70.336670 202.141700 71.139070 202.390000
70.211280 204.261000 71.040320 204.510400
70.085900 206.379000 71.003930 206.632900
69.986060 208.445300 70.992250 208.642100
70.007780 210.375700 71.046250 210.562600
70.026080 212.295900 71.113080 212.492000
70.017620 214.252400 71.169860 214.448900
70.013230 216.217200 71.217340 216.438500
69.972110 218.270700 71.241060 218.510200
69.934360 220.317400 71.240570 220.517400
69.972850 222.305500 71.240700 222.540600
69.981630 224.353700 71.204640 224.578400
69.981870 226.399100 71.214110 226.641400
69.949190 228.454500 71.204240 228.678400
69.907170 230.454300 71.204620 230.666500
69.859830 232.418200 71.183800 232.596200
69.810200 234.247600 71.181720 234.374800
69.754960 235.896800 71.148800 235.975900
69.602960 237.437200 71.054360 237.510500
69.315000 238.920100 70.774660 238.973900
68.846420 240.276600 70.318960 240.315000
68.166090 241.479400 69.678750 241.513900
67.318270 242.492800 68.858940 242.534700
66.332240 243.344200 67.871890 243.352900
65.260110 243.991900 66.805640 243.974700
64.140300 244.474300 65.658640 244.417900
62.867510 244.772700 64.346360 244.725400
61.458940 244.926000 62.909930 244.863600
59.947420 244.952000 61.372070 244.907500
58.335370 244.902100 59.723130 244.926000
56.595980 244.824000 57.934550 244.864100
54.694040 244.743800 55.975540 244.794900
52.650420 244.604800 53.888180 244.793900
50.451970 244.390700 51.602500 244.725000
48.058070 244.235000 49.158400 244.658200
45.515050 244.100900 46.583010 244.632800
42.921790 243.969200 43.992710 244.581500
40.316590 243.840300 41.379580 244.559000
37.706940 243.722400 38.763310 244.431600
35.094890 243.629800 36.162050 244.255100
32.472950 243.489000 33.525880 244.123000
29.851950 243.348200 30.921010 243.999400
27.264200 243.258500 28.349930 243.887400
24.724050 243.174900 25.818220 243.780800
22.210390 243.091000 23.327590 243.606900
19.736330 242.979500 20.872630 243.524700
17.311070 242.850400 18.452370 243.380900
14.901790 242.682800 16.061960 243.164100
12.542000 242.455300 13.723180 242.958600
10.258080 242.218100 11.464880 242.779300
8.077281 241.997300 9.330413 242.603900
6.032146 241.805400 7.329642 242.394900
4.114420 241.647100 5.456118 242.321700
2.325909 241.523700 3.718329 242.132200
0.684853 241.422100 2.131505 242.020600
-0.804697 241.361800 0.703238 241.917300
-2.147061 241.322400 -0.587052 241.936300
-3.335045 241.321100 -1.720551 241.957400
-4.362696 241.347700 -2.684175 242.015000
-5.195608 241.375100 -3.441170 242.020900
-5.787975 241.411000 -3.952344 242.051900
-6.148943 241.435700 -4.237866 242.086300
-6.347609 241.453500 -4.250427 242.094300
-6.441034 241.457400 -4.250427 242.094300
-6.441440 241.456100 -4.265052 242.099700
-6.439927 241.462600 -4.246813 242.093200
-6.440440 241.482800 -4.239474 242.092600
-6.480607 241.498100 -4.241118 242.090800
-6.560264 241.507700 -4.239347 242.090400
-6.742488 241.516100 -4.252718 242.092700
-7.099251 241.541700 -4.268814 242.092500
-7.627305 241.597900 -4.313566 242.097100
-8.293171 241.705000 -4.392873 242.107700
-9.050632 241.890800 -4.569677 242.151500
-9.863606 242.207700 -4.895420 242.298600
-10.727660 242.661600 -5.365858 242.544500
-11.566170 243.294100 -5.901363 242.952900
-12.317670 244.121800 -6.426104 243.528200
-12.969870 245.164100 -6.870323 244.278300
-13.469580 246.441200 -7.215653 245.191400
-13.828110 247.877300 -7.441552 246.217600
-14.057520 249.558000 -7.578316 247.326700
-14.176210 251.405900 -7.636575 248.558800
-14.264690 253.405000 -7.659530 249.932000
-14.328890 255.544200 -7.663618 251.412700
-14.399650 257.837600 -7.690395 253.109400
-14.471380 260.263200 -7.743049 254.960900
-14.561590 262.807800 -7.727178 256.961200
-14.652820 265.491700 -7.857056 259.097600
-14.739760 268.254400 -7.849855 261.392100
-14.858340 271.134800 -7.950201 263.815500
-14.973530 274.134700 -7.999884 266.360300
-15.069550 277.175700 -8.060587 269.045300
-15.175210 280.293600 -8.140878 271.807500
-15.297230 283.446400 -8.249597 274.688600
-15.436590 286.619600 -8.352614 277.688100
-15.585790 289.810900 -8.544695 280.723700
-15.736240 292.959600 -8.666475 283.841000
-15.885310 296.071900 -8.821896 286.991200
-16.046970 299.165600 -8.888565 290.166900
-16.219660 302.246300 -8.991564 293.360000
-16.389710 305.314100 -9.106163 296.510800
-16.559690 308.378300 -9.223483 299.624600
-16.709350 311.458900 -9.352392 302.719700
-16.839300 314.563300 -9.500502 305.801600
-16.972270 317.709200 -9.648458 308.870200
-17.118400 320.893100 -9.794256 311.935500
-17.281700 324.127200 -9.926216 315.016800
-17.454380 327.375400 -10.013060 318.123200
-17.614190 330.593900 -10.088010 321.271500
-17.775860 333.802500 -10.181840 324.457500
-17.959610 336.995200 -10.264260 327.695600
-18.128440 340.134300 -10.384650 330.946800
-18.295640 343.191900 -10.484910 334.168400
-18.453080 346.169000 -10.618690 337.379200
-18.632610 349.056200 -10.750490 340.574500
-18.817710 351.841100 -10.902370 343.715200
-18.986450 354.488400 -10.965650 346.777300
-19.124870 356.982400 -11.097110 349.755400
-19.220930 359.289500 -11.230090 352.645000
-19.310450 361.377700 -11.370740 355.426300
-19.390050 363.254000 -11.529580 358.068100
-19.458340 364.945900 -11.638770 360.564300
-19.552440 366.417400 -11.846610 362.864300
-19.716910 367.755600 -12.103740 364.938900
-19.992010 369.044200 -12.452570 366.783500
-20.413100 370.267200 -12.938940 368.403700
-20.994480 371.390500 -13.647030 369.698100
-21.767920 372.412000 -14.429690 370.793900
-22.740410 373.381300 -15.334230 371.748600
-23.931400 374.199500 -16.429730 372.437600
-25.311900 374.775400 -17.601750 372.909000
-26.849130 375.102700 -18.855520 373.181600
-28.541320 375.088500 -20.230980 373.202200
-30.331610 374.930400 -21.674330 373.080100
-32.178580 374.714400 -23.171240 372.947700
-34.124600 374.519300 -24.741590 372.826300
-36.192510 374.312000 -26.430120 372.659500
-38.360350 374.089000 -28.222270 372.517400
-40.674090 373.890900 -30.075360 372.364700
-43.125350 373.717400 -32.027340 372.251400
-45.733890 373.570600 -34.103220 372.169500
-48.422050 373.450300 -36.281410 372.095000
-51.153580 373.336900 -38.603070 372.045300
-53.919190 373.217300 -41.059650 371.952800
-56.668140 373.082400 -43.672550 371.871700
-59.399580 372.949600 -46.364810 371.815900
-62.128270 372.797100 -49.099570 371.756900
-64.827270 372.599800 -51.862390 371.581000
-67.509200 372.402100 -54.610490 371.412700
-70.186170 372.208700 -57.340010 371.234100
-72.845340 372.028400 -60.070780 371.094400
-75.495320 371.886100 -62.775360 370.974200
-78.116050 371.787300 -65.464960 370.930400
-80.717850 371.718500 -68.149160 370.918900
-83.311780 371.694800 -70.814280 370.939000
-85.842710 371.709900 -73.469130 370.950400
-88.215690 371.734100 -76.089940 371.065500
-90.402660 371.755300 -78.691850 371.150700
-92.376860 371.747200 -81.285210 371.233300
-94.181170 371.700000 -83.816310 371.239800
-95.954170 371.610100 -86.188640 371.161300
-97.692900 371.484000 -88.369520 371.004500
-99.428840 371.332400 -90.338420 370.872600
-101.212400 371.150100 -92.137540 370.722800
-103.049100 370.929900 -93.906140 370.586900
-104.963700 370.712900 -95.640840 370.408500
-106.999900 370.469800 -97.375560 370.243300
-109.147400 370.218500 -99.158160 370.051600
-111.413900 369.990500 -101.000700 369.912900
-113.850400 369.787500 -102.923100 369.803000
-116.381500 369.587900 -104.970500 369.742800
-119.079000 369.402000 -107.129200 369.595800
-121.870500 369.312400 -109.409500 369.593600
-124.798000 369.251000 -111.855000 369.689900
-127.749200 369.222000 -114.396800 369.674200
-130.738100 369.191300 -117.103200 369.685600
-133.724900 369.151000 -119.897300 369.704800
-136.693200 369.116700 -122.827000 369.691300
-139.640200 369.026200 -125.779300 369.622600
-142.545400 368.909400 -128.768300 369.539300
-145.452900 368.800400 -131.755500 369.449000
-148.326000 368.653700 -134.723500 369.354400
-151.184500 368.483700 -137.670200 369.225900
-154.029500 368.306700 -140.577600 369.143100
-156.834000 368.110800 -143.484800 369.008300
-159.601600 367.929800 -146.361400 368.891300
-162.352900 367.769700 -149.222600 368.751500
-165.025300 367.622800 -152.071400 368.618400
-167.587100 367.473600 -154.881500 368.494000
-169.989700 367.347100 -157.655400 368.446000
-172.229800 367.237400 -160.411300 368.355800
-174.255000 367.118500 -163.087900 368.273400
-176.113500 366.976300 -165.649300 368.109200
-177.851600 366.825100 -168.052200 367.967800
-179.482200 366.619100 -170.280300 367.705500
-181.041000 366.257200 -172.263000 367.280600
-182.506900 365.700900 -173.998800 366.607000
-183.830900 364.922700 -175.538700 365.788400
-184.967900 363.901900 -176.789900 364.726300
-185.900600 362.645300 -177.755900 363.452900
-186.575700 361.163300 -178.415900 362.030900
-186.999600 359.497900 -178.824900 360.546100
-187.152300 357.675600 -178.984700 359.020300
-187.206000 355.773500 -179.046900 357.448900
-187.197400 353.800900 -179.108900 355.819100
-187.078300 351.712900 -179.093300 354.097800
-186.904300 349.515700 -179.005500 352.269100
-186.700200 347.199500 -178.887300 350.368200
-186.441500 344.761700 -178.743300 348.400300
-186.138100 342.245600 -178.562100 346.316700
-185.836200 339.600700 -178.376000 344.120000
-185.558800 336.870000 -178.220700 341.799500
-185.300200 334.088400 -178.039900 339.354400
-185.053400 331.295700 -177.903000 336.822600
-184.825700 328.513100 -177.750800 334.165500
-184.626700 325.706700 -177.637100 331.423600
-184.418100 322.895600 -177.501000 328.633300
-184.219300 320.049800 -177.447400 325.829900
-184.077900 317.187100 -177.391200 323.039000
-183.933200 314.300800 -177.320200 320.226000
-183.761600 311.460200 -177.259200 317.407600
-183.601800 308.616200 -177.184700 314.555100
-183.458100 305.794900 -177.142900 311.688100
-183.343100 303.000200 -177.106300 308.797800
-183.261300 300.211900 -177.110400 305.950000
-183.178800 297.450000 -177.079500 303.101900
-183.090500 294.684900 -177.026600 300.276200
-182.927300 291.908300 -176.914900 297.481100
-182.766600 289.099200 -176.805900 294.692700
-182.613800 286.267300 -176.682700 291.931600
-182.441900 283.385600 -176.589600 289.165900
-182.300400 280.490600 -176.542900 286.384600
-182.149900 277.557000 -176.468600 283.571000
-182.001400 274.627800 -176.439600 280.735000
-181.823500 271.689000 -176.423700 277.848100
-181.638500 268.767800 -176.298200 274.951100
-181.424600 265.787800 -176.224400 272.012200
-181.219800 262.838200 -176.112900 269.080800
-181.009300 259.844900 -175.976700 266.138000
-180.770400 256.828000 -175.832100 263.213100
-180.561000 253.860400 -175.688200 260.227200
-180.372700 250.908200 -175.556800 257.271600
-180.191000 247.979500 -175.417300 254.273700
-180.025600 245.104800 -175.324900 251.247800
-179.890000 242.301100 -175.172500 248.275400
-179.765100 239.629200 -175.095200 245.317900
-179.603400 237.077700 -174.970200 242.385500
-179.486600 234.610600 -174.885900 239.506500
-179.426200 232.293500 -174.838700 236.698800
-179.384800 230.153000 -174.803100 234.022800
-179.372900 228.203000 -174.879700 231.467200
-179.353200 226.445600 -174.916000 228.998700
-179.284500 224.889700 -174.878900 226.680400
-179.159500 223.520400 -174.723100 224.545100
-178.892900 222.222300 -174.382900 222.625200
-178.440800 221.019500 -173.783000 220.976900
-177.799300 219.912400 -172.998600 219.633300
-176.993100 218.868700 -172.214200 218.504000
-175.953700 217.908600 -171.280500 217.570300
-174.646400 217.098800 -170.234100 216.825600
-173.037500 216.423500 -169.084000 216.267700
-171.242400 215.987700 -167.813200 215.910700
-169.251700 215.748100 -166.414100 215.689600
-167.160900 215.651300 -164.876100 215.612200
-164.983800 215.579200 -163.130900 215.534800
-162.753200 215.542200 -161.284200 215.475100
-160.419600 215.517400 -159.280200 215.450300
-157.986900 215.494400 -157.187900 215.405400
-155.493900 215.476600 -155.010700 215.448000
-152.924600 215.528800 -152.780100 215.451800
-150.250300 215.556200 -150.446800 215.444800
-147.567100 215.656900 -148.013500 215.450700
-144.855900 215.751900 -145.522400 215.557300
-142.145800 215.896800 -142.955700 215.674300
-139.455100 216.087400 -140.286500 215.847200
-136.768400 216.330800 -137.611500 216.072500
-134.103700 216.562300 -134.908500 216.304500
-131.505400 216.803000 -132.199500 216.465600
-128.992800 217.018200 -129.511200 216.687200
-126.584900 217.191000 -126.817000 216.817800
-124.357100 217.330100 -124.145200 216.931000
-122.326100 217.418900 -121.537100 216.932100
-120.463500 217.466200 -119.016600 216.939100
-118.653600 217.497200 -116.603000 216.909100
-116.849600 217.495900 -114.370900 216.863600
-115.067800 217.514000 -112.336100 216.810900
-113.324000 217.535300 -110.472300 216.745600
-111.616000 217.623100 -108.662600 216.814500
-109.927700 217.875300 -106.867600 216.987800
-108.290900 218.301300 -105.128000 217.367800
-106.749500 218.945400 -103.493200 217.971200
-105.349200 219.793800 -101.993100 218.788100
-104.115500 220.834900 -100.650700 219.834500
-103.036000 222.051200 -99.527990 221.097100
-102.179100 223.400100 -98.650320 222.517600
-101.543200 224.848700 -98.002760 224.021500
-101.115700 226.383800 -97.529300 225.566200
-100.830600 227.968600 -97.145100 227.149100
-100.531100 229.501100 -96.739810 228.698500
-100.252100 231.017900 -96.338940 230.232100
-99.883990 232.463500 -95.871600 231.755900
-99.425550 233.824100 -95.241500 233.230600
-98.775880 234.872900 -94.313310 234.485200
-98.086100 235.806300 -93.355190 235.682200
-97.174270 236.468700 -92.124710 236.519900
-96.254150 236.931100 -90.812220 237.096100
-95.283150 237.358800 -89.645960 237.502800
-94.185080 237.674800 -88.498870 237.709100
-92.955310 237.898800 -87.370760 237.828500
-91.596850 238.102700 -86.342360 237.910200
-90.074690 238.248300 -85.282540 237.961700
-88.387450 238.391700 -84.140460 237.997200
-86.486290 238.540100 -82.891280 238.031100
-84.443490 238.650800 -81.518830 238.072100
-82.253860 238.746800 -79.990910 238.129700
-79.940140 238.872300 -78.298110 238.159200
-77.539590 239.011100 -76.391980 238.166200
-75.087440 239.150700 -74.346890 238.173400
-72.574930 239.313900 -72.155440 238.165600
-69.991910 239.446400 -69.839980 238.148600
-67.351620 239.548800 -67.436430 238.126600
-64.666360 239.657700 -64.982080 238.146500
-61.998030 239.808800 -62.466470 238.199800
-59.311750 239.952600 -59.882140 238.280200
-56.701950 240.109100 -57.240920 238.307300
-54.151130 240.267600 -54.551310 238.388700
-51.625940 240.427100 -51.878840 238.466300
-49.127390 240.564300 -49.184310 238.548500
-46.665870 240.712700 -46.569880 238.616000
-44.240570 240.886300 -44.016020 238.742700
-41.878960 241.088900 -41.487030 238.837700
-39.649020 241.312800 -38.986380 238.967700
-37.552430 241.539400 -36.521600 239.074000
-35.488740 241.743100 -34.093900 239.210200
-33.456700 241.939000 -31.726560 239.304800
-31.533090 242.124800 -29.490280 239.425100
-29.764560 242.287900 -27.383990 239.504700
-28.172420 242.408100 -25.313110 239.543800
-26.747170 242.468900 -23.274720 239.489300
-25.460260 242.473300 -21.348960 239.355700
-24.318710 242.437400 -19.581500 239.190500
-23.324200 242.322300 -17.998580 238.977200
-22.483780 242.186900 -16.606510 238.687700
-21.843230 242.069500 -15.352780 238.408600
-21.357270 241.937100 -14.248180 238.133600
-20.874950 241.791000 -13.306080 237.790800
-20.410090 241.641000 -12.506770 237.495500
-19.938580 241.453200 -11.941500 237.177500
-19.330890 241.150500 -11.506450 236.926600
-18.603550 240.674100 -11.088040 236.644800
-17.817550 240.000300 -10.722350 236.322000
-17.047940 239.130000 -10.405260 235.925700
-16.371440 238.041100 -10.094220 235.321700
-15.819140 236.731500 -9.809122 234.496600
-15.431720 235.164300 -9.575968 233.484900
-15.160930 233.366900 -9.416516 232.331900
-14.985430 231.359800 -9.347044 231.050400
-14.879450 229.166100 -9.333400 229.629300
-14.834570 226.783800 -9.347114 228.016400
-14.805910 224.227300 -9.395531 226.200200
-14.776150 221.503700 -9.418406 224.186100
-14.726190 218.625200 -9.451706 221.990200
-14.646810 215.602400 -9.462257 219.607800
-14.509690 212.459600 -9.401595 217.051200
-14.353480 209.201300 -9.374284 214.327000
-14.179740 205.869600 -9.296710 211.449000
-13.962380 202.478800 -9.168818 208.427200
-13.739120 199.045100 -9.097970 205.282500
-13.514930 195.572200 -8.992126 202.021900
-13.275440 192.054900 -8.838133 198.688900
-13.052000 188.499600 -8.745448 195.293700
-12.854570 184.884700 -8.695051 191.854700
-12.675140 181.220200 -8.637423 188.375700
-12.508030 177.502000 -8.616523 184.851300
-12.341190 173.718700 -8.534824 181.290000
-12.175010 169.898000 -8.441725 177.671100
-12.018250 166.028100 -8.377317 174.002000
-11.841350 162.134100 -8.353591 170.279900
-11.655180 158.220500 -8.305729 166.492400
-11.466580 154.287300 -8.275433 162.668300
-11.281310 150.320000 -8.273628 158.795400
-11.057620 146.379100 -8.242490 154.896900
-10.815240 142.443600 -8.110481 150.981900
-10.570550 138.517900 -8.047337 147.045200
-10.333980 134.639100 -7.919613 143.076800
-10.123240 130.785800 -7.790171 139.130700
-9.914350 127.027500 -7.707310 135.188000
-9.696148 123.395700 -7.588784 131.256200
-9.493383 119.914400 -7.484757 127.370800
-9.310280 116.607700 -7.388652 123.514200
-9.151332 113.442300 -7.287645 119.751900
-9.017561 110.482000 -7.243885 116.114200
-8.888960 107.744800 -7.161328 112.628700
-8.774269 105.222900 -7.125651 109.317800
-8.679794 102.918000 -7.061895 106.150300
-8.504861 100.812800 -6.898343 103.192400
-8.163715 98.919720 -6.469834 100.488300
-7.618518 97.243660 -5.679706 98.094730
-6.858427 95.725240 -4.814536 95.962560
-5.899838 94.392380 -3.646122 94.203210
-4.759829 93.253900 -2.339898 92.792900
-3.450087 92.348760 -0.885570 91.799810
-1.973871 91.691730 0.648904 91.073270
-0.436803 91.261860 2.210929 90.581510
1.138073 91.026340 3.808173 90.361900
2.751248 90.881970 5.393393 90.207710
4.431705 90.766140 7.008887 90.125050
6.211745 90.683570 8.604684 90.070700
8.081090 90.578530 10.195430 89.992330
10.076580 90.469280 11.814180 89.911840
12.205890 90.365360 13.496240 89.817570
14.489810 90.290310 15.277650 89.765570
16.910510 90.321490 17.149510 89.729080
19.453620 90.459650 19.146410 89.819550
22.045730 90.671110 21.270460 89.988420
24.644280 90.895340 23.545370 90.186030
27.207850 91.064010 25.962790 90.300230
29.764780 91.130150 28.507860 90.313610
32.287690 91.085550 31.108010 90.225790
34.803420 90.937800 33.707840 89.998800
37.325120 90.728940 36.265790 89.739940
39.896170 90.508470 38.805390 89.445110
42.547960 90.289960 41.324510 89.313410
45.244630 90.097810 43.835250 89.092140
47.943020 89.903610 46.358320 88.895780
50.617990 89.629730 48.921030 88.598370
53.252150 89.185630 51.531700 88.086200
55.814150 88.557720 54.145690 87.402580
58.313300 87.791630 56.712330 86.549080
60.805470 86.920740 59.224060 85.585430
63.322020 85.994100 61.733350 84.663210
65.833720 85.055040 64.192670 83.704630
68.406220 84.080780 66.643500 82.793810
70.998610 83.045350 69.037460 81.684060
73.578520 81.879280 71.455150 80.525780
76.170160 80.586970 73.831240 79.284760
78.819830 79.219290 76.241000 77.960780
81.480420 77.842690 78.680090 76.604610
84.108690 76.469870 81.162340 75.245960
86.695220 75.055290 83.683520 73.823160
89.188920 73.556030 86.225760 72.265640
91.573040 71.968490 88.698360 70.573710
93.850380 70.285940 91.062810 68.784190
96.020560 68.521450 93.350230 66.923610
98.103890 66.740880 95.491030 64.952840
100.107700 65.034010 97.640000 63.058710
101.996900 63.459780 99.776610 61.200510
103.764900 62.070330 101.952100 59.444310
105.408600 60.801050 104.103000 57.747490
107.003200 59.530310 106.114900 56.052350
108.589500 58.247390 107.979800 54.450050
110.134700 56.970520 109.667600 52.964360
111.717500 55.637520 111.231900 51.599450
113.353400 54.247110 112.750100 50.238880
115.077800 52.831180 114.287400 48.897950
116.904200 51.439420 115.874100 47.673020
118.836800 50.054850 117.528500 46.430650
120.853600 48.602090 119.247200 45.144560
122.938000 47.083700 121.021800 43.793270
125.092700 45.485300 122.843500 42.395750
127.330000 43.820780 124.738000 40.959800
129.637600 42.087830 126.688900 39.420320
131.967100 40.344760 128.703200 37.810020
134.297900 38.609850 130.801600 36.139150
136.621900 36.849050 132.995600 34.418520
138.949900 35.131110 135.278100 32.653450
141.293500 33.464730 137.605000 30.907750
143.603900 31.795640 139.921300 29.153920
145.871800 30.121580 142.219800 27.360720
148.133300 28.418200 144.479300 25.554800
150.347600 26.750990 146.719700 23.752930
152.506100 25.137140 148.947100 21.975910
154.521200 23.603510 151.135500 20.200420
156.409800 22.104300 153.301500 18.379600
158.102600 20.729550 155.419000 16.593060
159.605700 19.470090 157.446200 14.819520
161.034400 18.328640 159.407800 13.219250
162.527500 17.369930 161.395500 11.857660
164.102000 16.690040 163.385000 10.974010
165.725700 16.231240 165.253700 10.386620
167.465400 15.980230 167.058300 10.102450
169.275300 15.912810 168.828200 9.968538
171.157200 15.957740 170.543100 9.923785
173.098700 15.972680 172.229100 9.831283
175.120500 15.945180 173.984800 9.715263
177.167200 15.872150 175.789900 9.575382
179.305300 15.756280 177.663700 9.412810
181.477000 15.604010 179.595600 9.230651
183.703700 15.412020 181.599300 8.969625
185.980700 15.238130 183.635300 8.752540
188.280500 15.072990 185.767000 8.549656
190.577500 14.896800 187.928600 8.297371
192.894300 14.714610 190.152000 8.077258
195.244200 14.510220 192.418100 7.805613
197.633500 14.283820 194.703900 7.523625
200.090000 14.030130 196.985800 7.232160
202.592100 13.785300 199.286800 6.921031
205.104900 13.534110 201.623000 6.609558
207.640700 13.310070 204.004500 6.327344
210.148900 13.111090 206.457200 6.054441
212.697300 12.915740 208.953700 5.783341
215.224700 12.737830 211.463600 5.517907
217.808000 12.513180 213.989100 5.213079
220.389500 12.282700 216.483500 4.892827
223.037500 12.068550 219.022000 4.604368
225.699900 11.872960 221.539600 4.323743
228.380800 11.657570 224.114900 4.028369
231.063800 11.400770 226.688500 3.728659
233.768800 11.157120 229.326100 3.425310
236.452700 10.908570 231.975900 3.105998
239.115400 10.628320 234.633200 2.713213
241.756200 10.390980 237.308000 2.420946
244.376200 10.177670 239.997900 2.062722
246.942400 9.977031 242.669200 1.732190
249.503100 9.796410 245.328200 1.450454
251.962400 9.616742 247.963800 1.168075
254.329800 9.452561 250.579600 0.911623
256.557200 9.297183 253.137200 0.629642
258.681500 9.140396 255.686500 0.345606
260.487900 8.870715 258.128500 0.022071
262.171000 8.558198 260.470100 -0.349123
263.852900 8.246051 262.656000 -0.799441
265.533700 7.934305 264.719400 -1.325941
267.212200 7.623220 266.475000 -1.834911
268.719700 7.309828 268.114600 -2.315255
269.768600 7.040605 269.748500 -2.817520
270.654800 6.869143 271.397400 -3.256653
271.433400 6.780906 273.077200 -3.545201
272.188300 6.798910 274.615000 -3.591900
272.939800 6.915555 275.691200 -3.484789
273.674100 7.139266 276.571700 -3.296803
274.435500 7.486302 277.305100 -3.022649
275.206100 8.021776 277.925900 -2.597825
275.841400 9.123003 278.446400 -2.042231
276.399700 10.403880 278.883400 -1.409962
276.938800 11.672800 279.236500 -0.649767
277.461700 12.927990 279.540600 0.240933
277.969300 14.165350 279.918000 1.474798
278.402000 15.600760 280.248400 2.832441
278.675500 17.540870 280.459800 4.194297
278.887100 19.689590 280.639800 5.542386
279.050300 22.004090 280.767500 6.874002
279.153100 24.513040 280.902300 8.375012
279.310000 27.147550 281.084500 10.327510
279.492000 29.910160 281.310400 12.475430
279.682000 32.722430 281.543100 14.784510
279.891600 35.618700 281.865200 17.273990
280.117300 38.587970 282.178400 19.895420
280.340800 41.563150 282.511500 22.643810
280.553900 44.602790 282.848700 25.442250
280.757500 47.669170 283.202800 28.325960
280.966700 50.717990 283.527200 31.287540
281.189800 53.763250 283.844500 34.255360
281.387500 56.840290 284.192300 37.283770
281.609200 59.915920 284.535500 40.338490
281.892800 62.993940 284.970700 43.363440
282.168100 66.061440 285.406000 46.386250
282.386200 69.137860 285.750600 49.451770
282.581400 72.205720 286.106900 52.514850
282.741100 75.260420 286.425700 55.589480
282.945600 78.300480 286.798200 58.646690
283.185400 81.322840 287.169000 61.708050
283.441700 84.363870 287.545000 64.759400
283.683800 87.353300 287.899800 67.797860
283.940100 90.352150 288.323100 70.815330
284.231300 93.355260 288.784200 73.812580
284.541900 96.345100 289.278800 76.824670
284.938000 99.320580 289.780400 79.782160
285.395000 102.259500 290.392300 82.730540
285.844100 105.163200 290.988000 85.688080
286.321900 108.053700 291.624900 88.625400
286.793800 110.912200 292.300900 91.551070
287.216900 113.736500 292.890500 94.466430
287.630900 116.518500 293.508400 97.338520
288.058700 119.219300 294.050700 100.218500
288.448800 121.780900 294.586400 103.066100
288.846400 124.280600 295.156000 105.864700
289.285300 126.630100 295.844900 108.593600
289.743500 128.835400 296.509400 111.246500
290.213000 130.821100 297.267600 113.722000
290.683600 132.626000 297.947500 116.154300
291.166200 134.262000 298.629400 118.444400
291.580800 135.832500 299.296600 120.596500
291.961700 137.426400 299.787900 122.574100
292.194000 139.020100 300.072000 124.418100
292.237900 140.604400 300.232900 126.114000
291.762300 142.158200 300.044300 127.726400
290.662500 143.578100 299.645100 129.306200
289.562400 144.964600 299.011600 130.787100
288.468100 146.318100 298.114200 132.091200
287.386000 147.641500 296.936100 133.290000
286.399400 148.976200 295.504400 134.371200
284.571900 149.919400 293.989800 135.284100
282.598600 150.835500 292.497600 136.177300
280.553400 151.805400 291.004000 137.005100
278.418500 152.847000 289.558900 137.827200
276.187000 153.972900 287.810000 138.908700
273.848800 155.201700 285.983300 140.086100
271.423500 156.516000 284.079400 141.308200
268.909500 157.880900 282.079300 142.587600
266.393100 159.278800 279.986100 143.952500
263.831700 160.712200 277.780700 145.403400
261.343100 162.229400 275.539100 147.009600
258.927700 163.839100 273.255200 148.730400
256.567900 165.515700 270.993700 150.509400
254.220600 167.219800 268.730100 152.375500
251.812400 168.915300 266.451100 154.191900
249.342900 170.564800 264.152600 155.963200
246.829700 172.171100 261.814500 157.668900
244.268800 173.728400 259.456000 159.357500
241.687800 175.211100 256.982700 160.957300
239.066600 176.646400 254.494700 162.578700
236.435100 178.027700 251.955000 164.140400
233.828600 179.391700 249.411600 165.725200
231.251200 180.752600 246.864700 167.265500
228.707700 182.113100 244.333400 168.853300
226.214900 183.484500 241.847900 170.481900
223.769900 184.811700 239.371800 172.069000
221.367300 186.107100 236.916000 173.636700
219.059200 187.344000 234.454900 175.139500
216.843700 188.521200 232.050500 176.659300
214.730300 189.612200 229.666700 178.091500
212.761600 190.600600 227.301500 179.450800
210.934100 191.518800 225.005200 180.705800
209.293500 192.364900 222.866500 182.013400
207.831400 193.113300 220.821700 183.223300
206.576700 193.798300 219.000100 184.461000
205.539900 194.395600 217.336000 185.640800
204.729700 194.901600 215.853200 186.736300
204.122300 195.321500 214.567400 187.756400
203.546300 195.745200 213.459900 188.654200
203.042900 196.282400 212.511600 189.380800
202.515700 196.788100 211.792100 190.004300
201.945400 197.325500 211.243300 190.498300
201.195300 198.000000 210.731600 190.997600
200.227400 198.808500 210.193700 191.500800
199.076800 199.760000 209.653800 191.993500
197.730700 200.791700 209.063400 192.508700
196.253000 201.872000 208.286200 193.151400
194.623700 202.967100 207.279500 193.910300
192.619800 204.117900 206.068300 194.782800
190.615300 205.269000 204.650400 195.712800
188.611600 206.419500 203.140100 196.745900
186.608000 207.569800 201.502500 197.826400
184.604500 208.720100 199.546100 199.053300
182.452000 209.923800 197.557700 200.230300
180.162600 211.202300 195.611300 201.473900
177.855000 212.473600 193.665300 202.717900
175.554100 213.761200 191.740100 203.993900
173.260900 215.031900 189.655300 205.309800
171.006800 216.296100 187.436100 206.706300
168.770100 217.549300 185.228800 208.142700
166.635700 218.725900 183.011400 209.567800
164.640400 219.823800 180.780100 210.942300
162.800000 220.792300 178.602100 212.333100
161.109900 221.618400 176.380000 213.606800
159.510500 222.334400 174.198500 214.692300
157.845500 222.860900 172.095000 215.561800
156.181300 223.202900 170.094500 216.122500
154.511100 223.364000 168.243300 216.444300
152.786900 223.350100 166.496200 216.506200
150.969000 223.245000 164.752400 216.493300
149.048400 223.060600 163.056800 216.448800
146.999200 222.886700 161.383900 216.408900
144.811400 222.709100 159.662600 216.382100
142.452400 222.507300 157.845500 216.348400
139.985700 222.307100 155.918800 216.345600
137.342300 222.162600 153.862700 216.361500
134.568800 222.029900 151.668900 216.374400
131.695500 221.932100 149.304500 216.466300
128.711000 221.803000 146.830800 216.532100
125.647300 221.650100 144.186500 216.565300
122.615400 221.500000 141.411100 216.641200
119.543800 221.309500 138.536600 216.642200
116.511500 221.102100 135.552200 216.624400
113.516800 220.903600 132.486400 216.683500
110.545200 220.708000 129.453400 216.686300
107.636200 220.532300 126.378100 216.684700
104.717200 220.373700 123.339900 216.734900
101.840600 220.218600 120.340200 216.742400
98.994700 220.067300 117.365000 216.792000
96.181550 219.895100 114.454700 216.802000
93.438620 219.686500 111.536100 216.782300
90.855460 219.500600 108.659900 216.722200
88.388610 219.326300 105.813600 216.717100
86.123680 219.157800 102.999000 216.655600
84.049970 219.045300 100.252800 216.716300
82.152880 219.016300 97.690130 216.947000
80.388010 219.115100 95.230150 217.170800
78.664760 219.366200 93.010820 217.630300
77.016290 219.796000 91.039320 218.262000
75.461480 220.446100 89.322800 219.065500
74.069090 221.411200 87.915330 220.134100
72.862850 222.604000 86.730910 221.410400
71.841850 224.015300 85.799030 222.839200
71.023420 225.699900 85.139040 224.392100
70.421670 227.540000 84.700120 226.034700
70.034550 229.518400 84.459610 227.716000
69.813760 231.610700 84.423140 229.455600
69.670080 233.800300 84.397290 231.328200
69.603690 236.022800 84.455470 233.263100
69.545910 238.342600 84.499610 235.279500
69.499400 240.719700 84.566910 237.380900
69.469400 243.192800 84.639650 239.570700
69.384530 245.776400 84.701450 241.791700
69.232580 248.432800 84.711490 244.111300
69.094640 251.146000 84.746660 246.489600
68.950990 253.982700 84.742540 248.964700
68.811860 256.917100 84.789420 251.549200
68.650580 259.920100 84.853870 254.208700
68.462200 263.082100 84.867520 256.924400
68.288560 266.252800 84.911250 259.764300
68.096650 269.464100 84.914400 262.700600
67.903830 272.683000 84.898260 265.707700
67.721470 275.872400 84.885950 268.875900
67.525460 279.043300 84.878390 272.049200
67.317450 282.219100 84.885130 275.266100
67.111650 285.343500 84.895330 278.489500
66.901350 288.508400 84.900390 281.683700
66.688140 291.652400 84.913580 284.859200
66.478800 294.782200 84.914060 288.041000
66.289190 297.878200 84.957030 291.171700
66.078070 300.944500 84.959190 294.342300
65.826270 304.008500 84.903550 297.491500
65.573590 307.018200 84.864840 300.626700
65.274710 310.032300 84.771500 303.725700
64.924470 313.030600 84.622990 306.792200
64.540610 315.995300 84.482870 309.861900
64.089990 318.947600 84.193600 312.866800
63.671720 321.903700 83.950660 315.884500
63.304260 324.895900 83.767610 318.895900
62.967580 327.898100 83.659360 321.882200
62.699080 330.909200 83.578880 324.866400
62.553590 333.929000 83.568150 327.849400
62.402330 336.963400 83.568810 330.860700
62.266570 340.021300 83.588390 333.879900
62.116500 343.035800 83.646740 336.899000
61.993500 346.032900 83.682700 339.919600
61.866370 348.989100 83.745040 342.955900
61.760870 351.857800 83.803310 346.014500
61.679290 354.611700 83.881520 349.030500
61.586300 357.261400 83.909380 352.028600
61.550600 359.776900 84.093630 354.978400
61.577240 362.145700 84.323550 357.837000
61.603020 364.290800 84.536590 360.581600
61.628690 366.323100 84.796790 363.217300
61.649880 368.352400 84.913920 365.724000
61.624730 370.355800 85.018250 368.088200
61.511180 372.339500 85.021270 370.232600
61.271590 374.388200 84.914040 372.261400
60.966710 376.528400 84.746760 374.281900
60.637150 378.796200 84.566480 376.276300
60.324540 381.208000 84.418480 378.255500
60.065570 383.741300 84.340380 380.316500
59.884830 386.413700 84.283620 382.476900
59.789830 389.195600 84.363020 384.765600
59.765420 392.106700 84.530000 387.189600
59.766400 395.121300 84.680820 389.729900
59.728620 398.268800 84.813410 392.403800
59.673270 401.492900 84.976780 395.182200
59.575390 404.694600 85.102290 398.091400
59.425140 407.916600 85.168090 401.105000
59.267000 411.104300 85.206290 404.251300
59.084670 414.257800 85.258850 407.473900
58.913680 417.417100 85.293680 410.675700
58.748810 420.528100 85.326040 413.899400
58.574140 423.604200 85.393960 417.088900
58.437200 426.635400 85.474550 420.243800
58.286850 429.523300 85.510850 423.405300
58.117570 432.280500 85.476140 426.515700
57.924100 434.902000 85.393930 429.593300
57.663190 437.382700 85.237880 432.623800
57.368250 439.710400 85.075750 435.507000
57.036690 441.889000 84.842820 438.258600
56.656850 443.874800 84.526490 440.865900
56.323860 445.645400 84.223360 443.338900
56.148660 447.270100 84.120020 445.681300
56.616130 448.530800 84.389040 447.861500
57.333540 449.649800 84.967190 449.790100
58.025620 450.723300 85.887540 451.324600
58.683230 451.752100 86.997960 452.508700
59.300760 452.745900 88.167030 453.276900
60.051910 453.493100 89.401420 453.765500
61.232100 453.863600 90.649120 454.029500
62.575150 454.072200 91.866770 454.131300
64.075560 454.193600 93.037380 454.132100
65.729870 454.237800 94.168000 454.095300
67.536180 454.320400 95.417030 454.062200
69.481920 454.413600 96.777150 454.008100
71.568440 454.517900 98.283470 454.009300
73.783230 454.637300 99.938190 454.019100
76.158670 454.789800 101.745900 454.028700
78.646770 454.943100 103.693700 454.030500
81.225870 455.115600 105.783400 454.030700
83.916780 455.302300 108.001200 454.062100
86.702020 455.456700 110.382000 454.057300
89.526350 455.578300 112.875200 454.081800
92.412350 455.733700 115.460500 454.067900
95.328570 455.895400 118.158600 454.100100
98.249890 456.054300 120.948700 454.092600
101.184100 456.224200 123.775300 454.033500
104.093100 456.393100 126.665700 454.076300
106.998900 456.525600 129.587300 454.040400
109.897200 456.654500 132.512900 453.947400
112.749700 456.816600 135.451300 453.945200
115.610200 456.965500 138.363800 453.938900
118.400100 457.099300 141.272900 453.921300
121.145900 457.258900 144.172800 453.931500
123.876500 457.448100 147.030100 453.987000
126.583800 457.666500 149.895600 454.025700
129.241600 457.972700 152.683300 454.193800
131.877300 458.360200 155.424000 454.445000
134.472300 458.810900 158.148800 454.730500
137.047800 459.328100 160.841600 455.093800
139.578900 459.909300 163.482400 455.532600
142.082300 460.548100 166.096000 456.053300
144.536100 461.240400 168.656700 456.670400
146.935100 462.035700 171.200900 457.323400
149.323900 462.890800 173.709100 457.994000
151.645200 463.789700 176.187700 458.721900
153.953700 464.746000 178.595400 459.556600
156.216300 465.719100 180.962000 460.442300
158.442000 466.755000 183.317100 461.380300
160.610800 467.844100 185.602700 462.360500
162.721500 468.976400 187.876200 463.391000
164.765200 470.136200 190.090200 464.467700
166.772400 471.335900 192.266900 465.603200
168.632200 472.526000 194.407500 466.750000
170.346500 473.697400 196.448100 468.006500
171.909300 474.797000 198.448100 469.244000
173.302800 475.783300 200.445200 470.460900
174.556500 476.625400 202.362400 471.555000
175.656700 477.273900 204.240900 472.433600
176.667400 477.791400 205.995800 473.181300
177.693700 478.199200 207.613200 473.722600
178.769200 478.445200 209.102700 473.968100
179.820200 478.560500 210.378200 474.050400
180.911200 478.531600 211.508300 473.980500
182.068600 478.323700 212.589500 473.759100
183.262200 477.935100 213.608800 473.329300
184.488300 477.285200 214.513400 472.778700
185.759400 476.306800 215.339400 472.059200
187.077400 475.006900 216.134600 471.187300
188.478700 473.464500 216.928300 470.206500
189.953700 471.703500 217.756000 469.090000
191.518900 469.725200 218.671300 467.771200
193.208300 467.608400 219.729800 466.252300
195.017400 465.320900 220.887200 464.519400
196.863700 462.933100 222.180400 462.620900
198.729100 460.522700 223.574200 460.518300
200.614200 458.121400 225.105400 458.284600
202.510500 455.730200 226.768700 455.888800
204.411000 453.358300 228.506200 453.420400
206.321800 451.001000 230.265400 450.931700
208.222000 448.665100 232.045500 448.452000
210.114400 446.337900 233.765900 445.931800
211.976500 444.014500 235.513300 443.445100
213.836200 441.706600 237.247400 440.955200
215.683700 439.420500 238.998100 438.505200
217.555600 437.143300 240.749700 436.070400
219.471300 434.824100 242.497500 433.660200
221.450500 432.447100 244.262400 431.279400
223.466700 430.017100 246.026200 428.928200
225.486700 427.604100 247.755600 426.541300
227.506500 425.191500 249.511800 424.099200
229.526100 422.779100 251.310200 421.582900
231.545400 420.367100 253.186900 419.044100
233.564400 417.955300 255.064000 416.519000
235.559300 415.588300 256.965500 414.012400
237.436800 413.389000 258.858200 411.499300
238.780200 411.507400 260.744000 408.982300
239.937800 409.690800 262.581700 406.430100
241.095100 407.877000 264.246300 403.821200
242.251200 406.068000 265.522200 401.229300
243.408000 404.262500 266.238700 399.028300
244.011000 402.484000 266.584100 396.902800
244.001400 400.839200 266.372700 394.763900
243.616800 399.284000 265.711600 392.731000
242.890100 397.828700 264.725900 390.833600
241.873600 396.462000 263.486700 389.384300
240.631500 395.201500 262.297800 388.238500
239.221600 394.033800 260.996000 387.300700
237.618600 392.957600 259.585500 386.493900
235.793400 391.994800 258.015500 385.835500
233.764600 391.138800 256.334200 385.279000
231.526900 390.407500 254.555500 384.837200
229.101900 389.773400 252.652300 384.495800
226.502900 389.204300 250.605900 384.212600
223.725900 388.759000 248.417500 383.930900
220.797800 388.372500 246.069100 383.738400
217.710700 387.983400 243.564200 383.594300
214.530600 387.607200 240.903300 383.478200
211.281800 387.245500 238.091600 383.325100
207.989900 386.906600 235.139900 383.180200
204.658000 386.595500 232.028900 383.100400
201.286800 386.304300 228.826600 383.103300
197.918900 386.031200 225.558100 383.135100
194.555800 385.786300 222.248600 383.146800
191.207200 385.554600 218.903900 383.161700
187.886200 385.358400 215.521700 383.229500
184.599200 385.187900 212.144300 383.252200
181.348200 385.028900 208.775600 383.358200
178.125300 384.880300 205.421100 383.353800
174.940200 384.732200 202.096000 383.436400
171.787000 384.605200 198.807300 383.574600
168.667500 384.479200 195.553600 383.648500
165.610000 384.375800 192.328800 383.673800
162.651900 384.300900 189.144000 383.781100
159.841600 384.253100 185.994400 383.958600
157.212800 384.244100 182.882800 384.232400
154.757500 384.238100 179.833700 384.484000
152.465500 384.177300 176.875100 384.549200
150.349500 384.033300 174.065000 384.570900
148.462800 383.774700 171.441700 384.455500
146.861800 383.342900 169.041900 383.951500
145.493000 382.652100 166.936800 383.058200
144.342900 381.710300 165.210900 381.847000
143.476000 380.548800 163.959100 380.415000
142.885900 379.215000 163.221000 378.930900
142.512900 377.743300 162.718400 377.478700
142.317800 376.136600 162.389400 376.022900
142.188100 374.395800 162.145900 374.591000
142.147200 372.567400 161.985900 373.136800
142.122900 370.607400 161.830900 371.625100
142.117600 368.494900 161.699300 370.009700
142.130800 366.233800 161.572300 368.268000
142.204400 363.814600 161.464300 366.440800
142.299400 361.231000 161.348600 364.483700
142.415300 358.474700 161.292300 362.371000
142.582500 355.558100 161.231900 360.110200
142.739700 352.539000 161.172800 357.690200
142.891900 349.439100 161.100200 355.105200
143.064500 346.281300 161.045800 352.346600
143.227100 343.091000 160.990700 349.424400
143.425200 339.887400 160.949200 346.400000
143.616200 336.700500 160.879000 343.297000
143.795900 333.502200 160.800100 340.135300
144.005700 330.337500 160.731100 336.941200
144.230000 327.130600 160.626300 333.733200
144.419100 323.896200 160.533800 330.542000
144.587400 320.591100 160.432100 327.340000
144.754600 317.239000 160.324000 324.170000
144.941900 313.833000 160.294100 320.954000
145.157300 310.363000 160.251500 317.713600
145.368500 306.861100 160.147300 314.405100
145.569800 303.322100 160.038900 311.050000
145.779600 299.781500 159.916200 307.640300
145.995800 296.224300 159.800900 304.164400
146.232800 292.723700 159.721200 300.655400
146.466500 289.221500 159.621700 297.110100
146.685200 285.746000 159.574400 293.562400
146.893800 282.281200 159.535200 289.998100
147.103700 278.834100 159.477000 286.488900
147.309200 275.380000 159.366200 282.981300
147.469000 272.014900 159.254800 279.499900
147.644100 268.640500 159.151100 276.029800
147.828000 265.287400 159.115300 272.578100
148.018700 262.011300 158.991700 269.120000
148.191600 258.776500 158.907100 265.750500
148.362500 255.568000 158.776700 262.374600
148.542700 252.484800 158.677600 259.016300
148.699400 249.530100 158.580800 255.733800
148.855100 246.697000 158.521700 252.494200
149.012000 244.059600 158.481600 249.280400
149.177500 241.565300 158.451700 246.190400
149.354100 239.240800 158.425400 243.230700
149.518500 237.141100 158.440200 240.392900
149.688400 235.241100 158.487200 237.751700
149.831600 233.536700 158.477700 235.252300
149.906300 232.004900 158.440500 232.922200
149.838700 230.619900 158.194400 230.833800
149.635100 229.344100 157.760300 228.976400
149.241300 228.150200 157.125200 227.389500
148.716100 227.039600 156.423700 226.026500
148.000700 226.008200 155.579000 224.927600
147.075700 225.048900 154.668500 224.010800
145.937600 224.217300 153.617200 223.321900
144.564400 223.496400 152.497600 222.814400
143.010800 222.963900 151.291800 222.460500
141.316600 222.568700 149.975800 222.234800
139.454500 222.334500 148.564000 222.151500
137.425000 222.166300 147.010300 222.099100
135.205500 222.050100 145.364900 222.100200
132.804000 221.961500 143.623200 222.124000
130.267400 221.919300 141.746700 222.225100
127.508700 221.882500 139.711600 222.323300
124.622700 221.854300 137.490100 222.423800
121.664000 221.830100 135.086900 222.530700
118.657200 221.763300 132.553100 222.667500
115.641600 221.685500 129.794900 222.744000
112.627300 221.570300 126.906800 222.719200
109.673500 221.356100 123.947400 222.754800
106.754900 221.166500 120.938900 222.767000
103.815900 220.977200 117.921900 222.864600
100.933900 220.822800 114.905000 222.940200
98.075460 220.656000 111.943200 223.022800
95.253020 220.487500 109.019100 223.104700
92.486910 220.344500 106.074000 223.117000
89.875370 220.223200 103.187900 223.150500
87.458400 220.103100 100.325000 223.174100
85.308900 219.940400 97.496820 223.205000
83.404740 219.814900 94.726940 223.290900
81.811460 219.719400 92.121800 223.413400
80.386560 219.682400 89.737730 223.701700
79.003730 219.767200 87.600630 223.973000
77.660700 220.007600 85.746330 224.415600
76.371580 220.406400 84.195750 224.786500
75.155860 220.960300 82.932070 225.438900
74.011040 221.726500 81.868740 226.326400
72.923470 222.715600 80.898770 227.284900
71.978870 223.872400 80.067010 228.348200
71.184520 225.266700 79.512390 229.565600
70.559680 226.755300 79.099480 230.885500
70.106430 228.212400 78.812330 232.329700
69.780350 229.717400 78.657540 233.816600
69.611080 231.273600 78.676230 235.423600
69.507330 232.885000 78.779530 237.033600
69.413710 234.508900 78.878970 238.554800
69.343880 236.144900 78.956600 240.092700
69.165330 237.775100 78.965770 241.658300
68.850580 239.377200 78.818030 243.264200
68.411010 240.827300 78.437800 244.841100
67.727420 242.111200 77.845500 246.365400
66.803100 243.182900 76.920550 247.714700
65.701790 244.107800 75.782270 248.883500
64.448250 244.782200 74.507360 249.702000
63.080800 245.260000 73.193220 250.341100
61.580750 245.474700 71.809190 250.675800
60.021940 245.545100 70.381440 250.885100
58.373630 245.501300 68.955090 250.988600
56.557790 245.387700 67.502870 251.109200
54.575700 245.267600 65.985930 251.207300
52.422320 245.171900 64.426500 251.323300
50.087930 245.081900 62.779760 251.448400
47.581640 245.008900 60.962990 251.583500
44.918970 244.937600 58.980230 251.735000
42.122820 244.817200 56.824690 251.837200
39.164720 244.672400 54.487890 251.919000
36.057060 244.510700 51.978620 251.980300
32.840100 244.318200 49.313610 252.047700
29.595440 244.119000 46.512890 252.125900
26.356030 243.938500 43.554100 252.295100
23.136280 243.778100 40.442450 252.454500
19.923890 243.574600 37.216980 252.518600
16.771670 243.333700 33.963070 252.543900
13.661940 243.082500 30.715700 252.574000
10.666390 242.818300 27.487680 252.570900
7.814747 242.555200 24.266310 252.627900
5.139292 242.325200 21.102190 252.651000
2.679849 242.118700 17.983260 252.590000
0.450309 241.930700 14.975870 252.626500
-1.528966 241.776000 12.116450 252.785400
-3.228819 241.670700 9.431482 252.851100
-4.618300 241.633500 6.981872 253.119900
-5.727634 241.635600 4.752708 253.307300
-6.594910 241.676300 2.793273 253.608000
-7.316062 241.736500 1.111402 253.867400
-7.999830 241.824600 -0.222759 254.252200
-8.668434 241.971800 -1.266463 254.615400
-9.310473 242.159800 -2.059298 254.962100
-10.040280 242.489600 -2.677621 255.336000
-10.900630 242.986700 -3.214414 255.766000
-11.788840 243.696900 -3.725900 256.219000
-12.605680 244.629900 -4.129276 256.752200
-13.325190 245.805400 -4.491348 257.466400
-13.876090 247.212100 -4.771932 258.419700
-14.262280 248.903900 -4.947428 259.545300
-14.456720 250.843200 -4.933666 260.786600
-14.534350 252.994100 -4.879822 262.167600
-14.597030 255.350200 -4.779304 263.676800
-14.667090 257.910700 -4.674677 265.409700
-14.735990 260.649600 -4.602234 267.357600
-14.849520 263.575900 -4.496184 269.506800
-14.957480 266.729800 -4.390818 271.861400
-15.059630 270.015600 -4.307305 274.422100
-15.182710 273.477200 -4.183821 277.159100
-15.303150 277.021400 -4.085722 280.086600
-15.440230 280.658500 -3.956117 283.240000
-15.590580 284.351600 -3.884847 286.526900
-15.764490 288.068200 -3.787287 289.990200
-15.946800 291.811700 -3.688875 293.535000
-16.099940 295.543400 -3.580860 297.173700
-16.260060 299.308400 -3.499226 300.869800
-16.425310 303.105800 -3.376234 304.589800
-16.590140 306.893300 -3.312965 308.338000
-16.756680 310.705900 -3.194124 312.071900
-16.910250 314.536100 -3.122405 315.841700
-17.062160 318.371600 -3.080275 319.644000
-17.211700 322.183300 -2.959455 323.433900
-17.359600 325.995800 -2.922855 327.252200
-17.503240 329.777900 -2.827650 331.085400
-17.652950 333.537700 -2.815828 334.924500
-17.803470 337.274400 -2.618820 338.734500
-17.965510 340.928300 -2.480754 342.548500
-18.139020 344.467400 -2.448372 346.333500
-18.309560 347.827300 -2.386496 350.096700
-18.498430 351.069300 -2.308778 353.836100
-18.657830 354.177800 -2.173960 357.492100
-18.779270 357.113600 -2.125499 361.036300
-18.870160 359.864000 -2.033073 364.399900
-18.946200 362.402300 -1.856700 367.643000
-18.990920 364.711200 -1.676229 370.751700
-19.050610 366.784400 -1.672775 373.690100
-19.150770 368.599600 -1.620140 376.440600
-19.288630 370.232600 -1.713278 378.969700
-19.600770 371.746300 -2.034778 381.254900
-20.181060 373.134000 -2.730392 383.200800
-21.046240 374.352900 -3.659358 384.761400
-22.127780 375.353800 -4.747581 385.986400
-23.457040 376.098400 -6.064773 386.793300
-24.934490 376.556700 -7.481287 387.298900
-26.555040 376.670400 -8.975008 387.446400
-28.276760 376.521700 -10.456370 387.356300
-30.056280 376.231600 -11.984870 387.174800
-31.975970 375.881500 -13.538820 386.944500
-34.041570 375.538800 -15.159340 386.743300
-36.312400 375.174700 -16.879850 386.562900
-38.740670 374.815500 -18.674110 386.371900
-41.349510 374.513500 -20.621300 386.239500
-44.097790 374.260800 -22.714760 386.161600
-47.011360 374.040700 -25.014790 386.152200
-50.040150 373.823900 -27.470110 386.156800
-53.185680 373.618900 -30.097330 386.122900
-56.406270 373.421900 -32.858540 386.123900
-59.653410 373.251300 -35.782620 386.115500
-62.943060 373.083600 -38.820680 386.183600
-66.219570 372.909300 -41.975440 386.171300
-69.486870 372.732000 -45.203480 386.169100
-72.726120 372.532900 -48.456890 386.172300
-75.949990 372.348800 -51.752860 386.173400
-79.132360 372.198800 -55.036080 386.187200
-82.276670 372.085900 -58.308650 386.273900
-85.318380 372.021300 -61.554760 386.343100
-88.202870 371.999200 -64.783610 386.449700
-90.927450 371.989600 -67.970650 386.517700
-93.555550 371.974900 -71.116140 386.572100
-96.169310 371.894100 -74.160160 386.629800
-98.735200 371.699400 -77.043350 386.541500
-101.335900 371.405700 -79.765460 386.421200
-104.006100 371.090100 -82.389100 386.251700
-106.771100 370.792200 -85.004270 386.144200
-109.682200 370.477800 -87.574280 385.995500
-112.739100 370.228500 -90.190130 385.911700
-115.931600 370.036400 -92.875320 385.803600
-119.286600 369.828600 -95.656160 385.823200
-122.729500 369.724600 -98.585510 385.905300
-126.288700 369.671200 -101.649300 386.067700
-129.839700 369.662300 -104.845800 386.239800
-133.385600 369.650900 -108.203100 386.439300
-136.894400 369.634000 -111.644100 386.622500
-140.398100 369.514400 -115.203700 386.729400
-143.862100 369.340500 -118.755500 386.807500
-147.327600 369.166400 -122.302800 386.839000
-150.737000 368.971100 -125.812600 386.850800
-154.158600 368.781900 -129.319500 386.852400
-157.533900 368.539100 -132.788800 386.852500
-160.863100 368.281900 -136.260200 386.794800
-164.185700 368.025000 -139.677000 386.733600
-167.432800 367.748600 -143.105000 386.681400
-170.642400 367.488400 -146.491600 386.697700
-173.841400 367.227100 -149.832700 386.664900
-177.023700 366.951400 -153.166900 386.607000
-180.244500 366.730400 -156.427400 386.547700
-183.473900 366.580900 -159.648400 386.617500
-186.744800 366.472000 -162.858800 386.677800
-190.033500 366.367300 -166.053100 386.774600
-193.355400 366.250500 -169.280700 386.878000
-196.716900 366.188600 -172.511000 387.024000
-200.121200 366.182600 -175.778900 387.214000
-203.540500 366.199800 -179.065600 387.400900
-206.952700 366.227500 -182.383000 387.630300
-210.347900 366.285500 -185.737900 387.870200
-213.706200 366.365900 -189.132200 388.161400
-217.009500 366.481900 -192.532300 388.547500
-220.179700 366.654500 -195.923300 388.951900
-223.191200 366.879000 -199.294600 389.377900
-226.097000 367.114900 -202.616800 389.886600
-228.814800 367.345400 -205.894700 390.329300
-231.386300 367.584000 -209.041600 390.766200
-233.712600 367.887700 -211.994400 391.390900
-235.782000 368.275800 -214.808600 392.154000
-237.675400 368.737900 -217.396600 393.019200
-239.369400 369.206200 -219.826300 393.896700
-240.923900 369.617600 -222.041000 394.673400
-242.343700 369.946600 -224.046200 395.318500
-243.617800 370.200700 -225.939200 395.769800
-244.859400 370.340600 -227.675400 396.024900
-246.077300 370.391700 -229.275400 396.150500
-247.267700 370.379800 -230.726300 396.287000
-248.493500 370.333700 -232.023600 396.325000
-249.783700 370.306600 -233.270200 396.391400
-251.078800 370.299200 -234.475700 396.462200
-252.358200 370.349900 -235.646100 396.678000
-253.632100 370.436500 -236.828600 396.987800
-254.850600 370.581800 -238.088400 397.260900
-255.940600 370.729900 -239.311400 397.680500
-256.915700 370.895600 -240.550500 397.991500
-257.880300 371.026600 -241.808100 398.193700
-258.825300 371.074700 -243.020600 398.336900
-259.790200 371.036700 -244.104000 398.443300
-260.853800 370.865000 -245.075700 398.273600
-261.981300 370.525600 -246.009600 398.001700
-263.149900 369.955400 -246.861500 397.597000
-264.334300 369.128800 -247.668400 397.066700
-265.453200 367.983800 -248.453000 396.325600
-266.451000 366.525200 -249.187500 395.404100
-267.251800 364.723800 -249.818400 394.265900
-267.949500 362.709300 -250.365000 392.926700
-268.506500 360.485200 -250.865000 391.404000
-268.941500 358.026800 -251.243700 389.675100
-269.220400 355.348600 -251.557900 387.725500
-269.448800 352.477300 -251.827200 385.606900
-269.718000 349.407100 -252.137000 383.332600
-269.985700 346.177700 -252.449600 380.853900
-270.257600 342.841000 -252.786800 378.181200
-270.518100 339.408900 -253.128400 375.320000
-270.754500 335.850800 -253.492000 372.259300
-270.955500 332.279200 -253.824100 369.035700
-271.100700 328.699800 -254.155500 365.703200
-271.205200 325.126400 -254.386300 362.268000
-271.267700 321.587300 -254.619200 358.707800
-271.275200 318.070500 -254.797700 355.133400
-271.222900 314.582000 -254.937900 351.554900
-271.120000 311.120600 -254.990700 347.979700
-270.978000 307.683800 -255.060900 344.440100
-270.782700 304.265600 -255.041000 340.921700
-270.528600 300.853100 -255.010700 337.432400
-270.242000 297.429400 -254.922500 333.969600
-269.919600 293.989900 -254.803400 330.531500
-269.545200 290.528500 -254.648500 327.110500
-269.141700 287.042100 -254.438100 323.694200
-268.688300 283.528200 -254.185500 320.267800
-268.188900 279.998100 -253.915400 316.824100
-267.644900 276.438400 -253.561400 313.360100
-267.060700 272.864800 -253.170000 309.872100
-266.415600 269.267600 -252.733400 306.356500
-265.703700 265.659900 -252.206300 302.830400
-264.933700 262.028500 -251.662800 299.270700
-264.083600 258.356100 -251.010300 295.709100
-263.198600 254.694500 -250.320300 292.120400
-262.249500 251.044300 -249.518700 288.531300
-261.237300 247.429800 -248.718500 284.907100
-260.189300 243.839800 -247.825600 281.245400
-259.094000 240.246100 -246.852900 277.606500
-257.955600 236.666200 -245.927200 273.950800
-256.772700 233.104800 -244.947700 270.327200
-255.531300 229.548500 -243.858700 266.749400
-254.248400 226.028100 -242.768000 263.155300
-252.919100 222.544000 -241.615900 259.579800
-251.574800 219.079600 -240.386000 256.034600
-250.208800 215.633800 -239.197500 252.460500
-248.823500 212.212300 -238.008800 248.907700
-247.396200 208.816100 -236.758300 245.394800
-245.924600 205.438400 -235.468600 241.910200
-244.407500 202.096000 -234.143900 238.448800
-242.864900 198.761700 -232.814400 235.005400
-241.279000 195.474400 -231.434800 231.590600
-239.649300 192.235800 -229.945400 228.220900
-237.983200 189.035400 -228.458200 224.865500
-236.298900 185.858800 -226.956300 221.513300
-234.588400 182.702700 -225.382000 218.221000
-232.835600 179.589900 -223.807600 214.955600
-231.009300 176.491000 -222.215600 211.717900
-229.111700 173.245900 -220.559700 208.526100
-227.176300 170.021800 -218.883600 205.351700
-225.177100 166.838100 -217.156900 202.224000
-223.121100 163.678300 -215.376600 199.098600
-221.021800 160.583500 -213.445500 195.872900
-218.906700 157.528200 -211.454900 192.682400
-216.758300 154.516100 -209.451700 189.501800
-214.598900 151.542200 -207.420100 186.326800
-212.419400 148.613400 -205.363800 183.203900
-210.228200 145.723000 -203.309000 180.107900
-207.984500 142.875200 -201.173200 177.087400
-205.709300 140.044600 -199.028200 174.104500
-203.367700 137.252600 -196.852600 171.174300
-200.986900 134.476000 -194.634600 168.305200
-198.545200 131.709700 -192.411700 165.442300
-196.059300 128.939500 -190.135600 162.613100
-193.510200 126.196800 -187.809400 159.808700
-190.897300 123.468900 -185.465400 157.001500
-188.227400 120.762000 -183.019000 154.239700
-185.497000 118.076800 -180.546800 151.459000
-182.724000 115.414700 -178.007500 148.708300
-179.874900 112.756200 -175.374000 146.001400
-176.963500 110.129700 -172.706800 143.292800
-174.022700 107.478800 -170.046000 140.539700
-171.062700 104.830200 -167.310100 137.839800
-168.072200 102.205400 -164.507300 135.133300
-165.063500 99.572080 -161.664800 132.434700
-162.094200 96.925240 -158.872100 129.629600
-159.158100 94.245620 -156.094400 126.792000
-156.222000 91.591220 -153.265100 123.996300
-153.302600 88.949020 -150.459800 121.147900
-150.415700 86.290970 -147.675600 118.307800
-147.525700 83.616700 -144.876800 115.485600
-144.616800 80.967880 -142.056400 112.709600
-141.680000 78.334030 -139.284500 109.914000
-138.744900 75.701910 -136.491900 107.158300
-135.803000 73.066790 -133.745500 104.337400
-132.863800 70.434610 -130.966700 101.552900
-129.933000 67.796650 -128.207900 98.733590
-127.009300 65.165490 -125.397700 95.969320
-124.094300 62.565200 -122.618100 93.164940
-121.185800 59.961850 -119.822200 90.382360
-118.275800 57.358150 -117.052800 87.576340
-115.383500 54.746480 -114.253200 84.814070
-112.487100 52.132910 -111.517600 82.025720
-109.563100 49.507800 -108.729100 79.294780
-106.649400 46.882310 -105.954000 76.548150
-103.717200 44.240620 -103.162300 73.830240
-100.776700 41.607720 -100.366400 71.109920
-97.815960 38.955960 -97.571400 68.348010
-94.863170 36.299440 -94.781860 65.591550
-91.884440 33.643060 -91.944850 62.848120
-88.909720 30.989760 -89.141700 60.068740
-85.917480 28.322680 -86.304190 57.284880
-82.929050 25.668410 -83.442870 54.529460
-79.941980 23.038030 -80.588740 51.739490
-76.962720 20.421650 -77.695640 48.997680
-74.007520 17.823510 -74.805540 46.220120
-71.092400 15.226900 -71.962170 43.410930
-68.209240 12.634500 -69.133350 40.611180
-65.354250 10.051970 -66.339900 37.798320
-62.542350 7.481356 -63.634690 34.941150
-59.754040 4.927046 -60.904110 32.151870
-57.009180 2.422195 -58.174180 29.398910
-54.340090 0.009828 -55.520340 26.610960
-51.766990 -2.296378 -52.840720 23.904130
-49.260900 -4.526641 -50.141560 21.255780
-46.853800 -6.677798 -47.479280 18.663350
-44.569730 -8.685225 -44.918710 16.136880
-42.404320 -10.528340 -42.416160 13.754530
-40.364200 -12.198710 -39.913000 11.522330
-38.389800 -13.695430 -37.453940 9.430830
-36.423220 -15.003710 -35.012060 7.619154
-34.423200 -16.097900 -32.593600 6.124311
-32.364650 -16.913830 -30.206310 5.012598
-30.265120 -17.411740 -27.854240 4.235040
-28.163420 -17.604910 -25.524000 3.876250
-26.110560 -17.459960 -23.244150 3.905097
-24.143360 -16.987220 -21.073400 4.332420
-22.296980 -16.217800 -19.028100 5.020301
-20.604650 -15.231400 -17.176500 6.034741
-19.008910 -14.153640 -15.434500 7.126572
-17.427180 -13.090130 -13.696140 8.165340
-15.874640 -12.069320 -11.974080 9.188845
-14.363580 -11.106930 -10.286900 10.186800
-12.922670 -10.242620 -8.546299 11.014540
-11.574780 -9.466819 -6.863383 11.909770
-10.317910 -8.788752 -5.179373 12.700670
-9.188230 -8.193104 -3.554816 13.461240
-8.211014 -7.716742 -2.010794 14.128390
-7.426664 -7.335419 -0.577588 14.724810
-6.732949 -7.004384 0.686502 15.393150
-6.081177 -6.624412 1.851882 15.913410
-5.489078 -6.233971 2.791551 16.460130
-4.934984 -5.802268 3.512388 16.944870
-4.339961 -5.285216 4.105442 17.432650
-3.697865 -4.592905 4.649003 17.957010
-3.037676 -3.769289 5.126632 18.482850
-2.408137 -2.790908 5.535489 19.055360
-1.801721 -1.625169 5.953296 19.724870
-1.269630 -0.215074 6.320667 20.596910
-0.812186 1.417145 6.674339 21.592450
-0.577413 3.304554 6.893621 22.735930
-0.470925 5.426109 7.069876 24.039760
-0.476637 7.694492 7.159188 25.545290
-0.570738 10.119870 7.209725 27.241490
-0.648451 12.686750 7.304175 29.142090
-0.748385 15.378500 7.375810 31.265680
-0.860824 18.191740 7.439768 33.533850
-0.998219 21.084400 7.487155 35.961080
-1.176238 24.100490 7.521233 38.529340
-1.395968 27.224660 7.524499 41.223510
-1.640741 30.420880 7.466438 44.040170
-1.879320 33.664680 7.436469 46.937330
-2.150183 36.923590 7.423216 49.960100
-2.397389 40.249040 7.418327 53.092110
-2.638864 43.594280 7.398234 56.298250
-2.848280 46.962570 7.368858 59.551730
-3.041372 50.356970 7.417290 62.823570
-3.212653 53.820380 7.402382 66.159270
-3.380992 57.307360 7.443095 69.513850
-3.567609 60.834770 7.476369 72.889710
-3.786600 64.385720 7.512018 76.291020
-3.981904 67.973540 7.625942 79.758520
-4.173959 71.565920 7.638998 83.250400
-4.396788 75.106490 7.694020 86.781720
-4.593996 78.623730 7.735295 90.340260
-4.800834 82.136440 7.796263 93.935340
-5.016400 85.597270 7.743735 97.533990
-5.214554 89.008160 7.776472 101.084600
-5.369648 92.435540 7.795764 104.611800
-5.524006 95.827610 7.824071 108.133300
