0 0.000104 0.014056 100.000000 6.289308
0 0.000081 0.006246 200.000000 6.666667
0 0.000091 0.007408 300.000000 7.194244
0 0.000072 0.006889 400.000000 7.312614
0 0.000045 0.009375 500.000000 7.587254
10 0.000074 0.013231 100.000000 6.211180
10 0.000069 0.006546 200.000000 6.666667
10 0.000083 0.005903 300.000000 7.194244
10 0.000061 0.005146 400.000000 7.299270
10 0.000044 0.007885 500.000000 7.575758
20 0.000112 0.010953 100.000000 6.134969
20 0.000077 0.006528 200.000000 6.666667
20 0.000087 0.006737 300.000000 7.194244
20 0.000062 0.006124 400.000000 7.299270
20 0.000048 0.009002 500.000000 7.552870
30 0.000088 0.009779 100.000000 5.952381
30 0.000069 0.006165 200.000000 6.688963
30 0.000078 0.005314 300.000000 7.211538
30 0.000053 0.004869 400.000000 7.312614
30 0.000040 0.007619 500.000000 7.541478
40 0.000111 0.010811 100.000000 5.847953
40 0.000072 0.006712 200.000000 6.734007
40 0.000074 0.005422 300.000000 7.246377
40 0.000045 0.004749 400.000000 7.326007
40 0.000035 0.006819 500.000000 7.518797
50 0.000085 0.010316 100.000000 5.847953
50 0.000080 0.006436 200.000000 6.779661
50 0.000072 0.004843 300.000000 7.281553
50 0.000047 0.004745 400.000000 7.366483
50 0.000034 0.007389 500.000000 7.485030
60 0.000076 0.009450 100.000000 5.988024
60 0.000075 0.007087 200.000000 6.896552
60 0.000072 0.006001 300.000000 7.352941
60 0.000049 0.006330 400.000000 7.434944
60 0.000037 0.008757 500.000000 7.429420
70 0.000097 0.008285 100.000000 6.211180
70 0.000103 0.006208 200.000000 7.042253
70 0.000077 0.005382 300.000000 7.481297
70 0.000052 0.006110 400.000000 7.518797
70 0.000043 0.008651 500.000000 7.418397
80 0.000118 0.006228 100.000000 6.451613
80 0.000088 0.006739 200.000000 7.220217
80 0.000080 0.006668 300.000000 7.614213
80 0.000054 0.007891 400.000000 7.619048
80 0.000053 0.010692 500.000000 7.440476
90 0.000142 0.005460 100.000000 6.711410
90 0.000101 0.008761 200.000000 7.380074
90 0.000078 0.009220 300.000000 7.751938
90 0.000058 0.010951 400.000000 7.722008
90 0.000051 0.013967 500.000000 7.440476
100 0.000134 0.002843 100.000000 6.896552
100 0.000088 0.007929 200.000000 7.518797
100 0.000073 0.009304 300.000000 7.832898
100 0.000058 0.011594 400.000000 7.797271
100 0.000053 0.014457 500.000000 7.342144
110 0.000113 0.004290 100.000000 6.896552
110 0.000083 0.009759 200.000000 7.547170
110 0.000077 0.010204 300.000000 7.894737
110 0.000058 0.012437 400.000000 7.858546
120 0.000138 0.006293 100.000000 6.849315
120 0.000093 0.011883 200.000000 7.575758
120 0.000081 0.011757 300.000000 7.894737
120 0.000062 0.013783 400.000000 7.905138
130 0.000169 0.008653 100.000000 6.849315
130 0.000099 0.013830 200.000000 7.575758
130 0.000087 0.013491 300.000000 7.812500
130 0.000069 0.015002 400.000000 7.920792
140 0.000151 0.008562 100.000000 6.896552
140 0.000089 0.012072 200.000000 7.633588
140 0.000078 0.011620 300.000000 7.751938
140 0.000066 0.013261 400.000000 7.936508
150 0.000134 0.008203 100.000000 6.993007
150 0.000095 0.011566 200.000000 7.662835
150 0.000084 0.010621 300.000000 7.712082
150 0.000058 0.013022 400.000000 7.968128
160 0.000115 0.007012 100.000000 7.042253
160 0.000105 0.009502 200.000000 7.722008
160 0.000077 0.009530 300.000000 7.712082
160 0.000061 0.012027 400.000000 7.984032
170 0.000096 0.007096 100.000000 7.142857
170 0.000094 0.008860 200.000000 7.782101
170 0.000071 0.008872 300.000000 7.731959
170 0.000059 0.012148 400.000000 8.000000
180 0.000103 0.007003 100.000000 7.246377
180 0.000088 0.008383 200.000000 7.843137
180 0.000062 0.008804 300.000000 7.772021
180 0.000058 0.012163 400.000000 8.000000
190 0.000093 0.006876 100.000000 7.407407
190 0.000083 0.006278 200.000000 7.936508
190 0.000067 0.006880 300.000000 7.832898
190 0.000055 0.010430 400.000000 8.032128
200 0.000081 0.008481 100.000000 7.575758
200 0.000075 0.007036 200.000000 8.064516
200 0.000051 0.007747 300.000000 7.915567
200 0.000053 0.011040 400.000000 8.064516
210 0.000102 0.010140 100.000000 7.812500
210 0.000081 0.008547 200.000000 8.163265
210 0.000056 0.009332 300.000000 7.978724
210 0.000055 0.012676 400.000000 8.080808
220 0.000082 0.007830 100.000000 8.000000
220 0.000071 0.006328 200.000000 8.264462
220 0.000050 0.007419 300.000000 8.021390
220 0.000041 0.010476 400.000000 8.016032
230 0.000129 0.010428 100.000000 8.064516
230 0.000079 0.009195 200.000000 8.298756
230 0.000064 0.010443 300.000000 8.064516
230 0.000047 0.013117 400.000000 7.782101
240 0.000094 0.013095 100.000000 8.130081
240 0.000072 0.010920 200.000000 8.368201
240 0.000054 0.012225 300.000000 8.108109
240 0.000044 0.014543 400.000000 7.575758
250 0.000085 0.012222 100.000000 8.196721
250 0.000073 0.009345 200.000000 8.438819
250 0.000052 0.011156 300.000000 8.174387
260 0.000093 0.012356 100.000000 8.333333
260 0.000075 0.009328 200.000000 8.510638
260 0.000051 0.011459 300.000000 8.264462
270 0.000110 0.012694 100.000000 8.333333
270 0.000069 0.010073 200.000000 8.438819
270 0.000056 0.011832 300.000000 8.310249
280 0.000113 0.012732 100.000000 8.403361
280 0.000056 0.010977 200.000000 8.230453
280 0.000050 0.012227 300.000000 8.333333
290 0.000163 0.016528 100.000000 8.403361
290 0.000077 0.011808 200.000000 8.130081
290 0.000041 0.013188 300.000000 8.333333
300 0.000129 0.015977 100.000000 8.403361
300 0.000072 0.012326 200.000000 8.064516
300 0.000063 0.014133 300.000000 8.310249
310 0.000119 0.012736 100.000000 8.403361
310 0.000072 0.009566 200.000000 8.000000
310 0.000060 0.012764 300.000000 8.287292
320 0.000112 0.013024 100.000000 8.474576
320 0.000071 0.010624 200.000000 8.000000
320 0.000058 0.013684 300.000000 8.241758
330 0.000105 0.010275 100.000000 8.474576
330 0.000044 0.009155 200.000000 8.032128
330 0.000050 0.011195 300.000000 8.196721
340 0.000061 0.008175 100.000000 8.474576
340 0.000056 0.008060 200.000000 8.000000
340 0.000053 0.010626 300.000000 8.064516
350 0.000060 0.005354 100.000000 8.403361
350 0.000073 0.007217 200.000000 8.000000
350 0.000068 0.010434 300.000000 7.751938
360 0.000060 0.007343 100.000000 8.474576
360 0.000083 0.009742 200.000000 8.032128
360 0.000066 0.012263 300.000000 7.425743
370 0.000067 0.003522 100.000000 8.547009
370 0.000075 0.007975 200.000000 8.130081
380 0.000076 0.003559 100.000000 8.547009
380 0.000088 0.008388 200.000000 8.196721
390 0.000068 0.006027 100.000000 8.333333
390 0.000110 0.008694 200.000000 8.230453
400 0.000062 0.007766 100.000000 7.936508
400 0.000117 0.010795 200.000000 8.230453
410 0.000102 0.007666 100.000000 7.692307
410 0.000110 0.012103 200.000000 8.230453
420 0.000080 0.007881 100.000000 7.575758
420 0.000123 0.011869 200.000000 8.196721
430 0.000109 0.008418 100.000000 7.518797
430 0.000122 0.013317 200.000000 8.163265
440 0.000104 0.008385 100.000000 7.518797
440 0.000109 0.013387 200.000000 8.064516
450 0.000122 0.008914 100.000000 7.518797
450 0.000103 0.013312 200.000000 7.968128
460 0.000121 0.007949 100.000000 7.518797
460 0.000093 0.011405 200.000000 7.751938
470 0.000147 0.009011 100.000000 7.575758
470 0.000100 0.011322 200.000000 7.272727
480 0.000132 0.008370 100.000000 7.575758
480 0.000099 0.009963 200.000000 6.756757
490 0.000146 0.008816 100.000000 7.692307
500 0.000163 0.009295 100.000000 7.874016
510 0.000186 0.009491 100.000000 8.064516
520 0.000182 0.014170 100.000000 8.333333
530 0.000195 0.015670 100.000000 8.547009
540 0.000168 0.013423 100.000000 8.771930
550 0.000201 0.013056 100.000000 8.849558
560 0.000158 0.012103 100.000000 8.771930
570 0.000161 0.012059 100.000000 8.620689
580 0.000097 0.011383 100.000000 8.403361
590 0.000076 0.010477 100.000000 8.000000
600 0.000167 0.006166 100.000000 6.993007
610 0.000120 0.005980 100.000000 6.060606
