0.000000 -0.000000 0.000000 0.000000
-0.140643 2.574964 -0.036810 2.578575
-0.281220 5.148987 -0.106615 5.157528
-0.421837 7.724036 -0.230203 7.734636
-0.562431 10.298960 -0.367169 10.310460
-0.701879 12.869650 -0.506932 12.885640
-0.854664 15.479570 -0.681358 15.523490
-1.011589 18.173180 -0.817149 18.240280
-1.171840 20.913680 -0.979368 20.997230
-1.334841 23.709530 -1.189044 23.806820
-1.487044 26.544710 -1.384529 26.649570
-1.633363 29.422930 -1.541189 29.552010
-1.768976 32.357140 -1.707755 32.488530
-1.929780 35.330970 -1.922161 35.540420
-2.126953 38.471510 -2.136735 38.658200
-2.329940 41.561110 -2.359281 41.737830
-2.535885 44.597900 -2.612943 44.750820
-2.728914 47.592750 -2.829712 47.730540
-2.937935 50.537730 -3.068753 50.668380
-3.130185 53.464980 -3.321141 53.573490
-3.310922 56.350390 -3.555790 56.454190
-3.511313 59.225400 -3.823440 59.303140
-3.703384 62.006320 -4.051371 62.051680
-3.912602 64.697860 -4.312612 64.697610
-4.114442 67.264550 -4.547543 67.222080
-4.313021 69.714240 -4.781339 69.634450
-4.514875 72.037350 -5.027766 71.890900
-4.709494 74.175390 -5.239230 73.973840
-4.891889 76.138280 -5.459465 75.868330
-5.039038 77.925340 -5.603728 77.615780
-5.159772 79.592300 -5.810562 79.234710
-5.235209 81.135380 -5.839035 80.735590
-5.207469 82.555940 -5.845878 82.124900
-5.029560 83.885300 -5.655633 83.437540
-4.680938 85.118200 -5.352943 84.660470
-4.130089 86.200010 -4.866206 85.751350
-3.393066 87.095580 -4.174201 86.651740
-2.508137 87.820100 -3.309220 87.403600
-1.511055 88.343490 -2.324261 87.958600
-0.450022 88.747950 -1.264715 88.388520
0.676345 89.023150 -0.139767 88.670620
1.832910 89.277150 1.034717 88.947720
3.089762 89.418990 2.326846 89.119920
4.475771 89.556060 3.748491 89.280230
5.974572 89.621010 5.288670 89.380690
7.614093 89.671530 6.980955 89.456830
9.420230 89.707860 8.841787 89.519810
11.388370 89.721450 10.855380 89.582830
13.505010 89.738680 13.023720 89.668440
15.773680 89.805260 15.334210 89.866750
18.156510 89.929480 17.731850 90.037790
20.581930 90.082780 20.170840 90.207010
23.034320 90.227690 22.621830 90.367480
25.478370 90.365000 25.056660 90.546620
27.909920 90.499220 27.489240 90.700360
30.340320 90.588890 29.907180 90.839600
32.740690 90.598330 32.297800 90.925220
35.110390 90.529620 34.656750 90.922000
37.430830 90.386730 36.961800 90.829280
39.683630 90.176290 39.199710 90.697320
41.863240 89.910310 41.364390 90.497440
43.959460 89.634420 43.429930 90.324640
45.922800 89.378560 45.343540 90.104010
47.726310 89.193250 47.091440 89.972570
49.366470 89.121130 48.696520 89.917070
50.939410 89.191540 50.260500 90.064780
52.464070 89.450930 51.767800 90.388820
53.889450 89.945260 53.142630 90.953660
55.133190 90.660970 54.310880 91.721010
56.158450 91.620300 55.314540 92.701090
56.967930 92.764920 56.131630 93.847410
57.539920 94.061200 56.717690 95.154060
57.927200 95.446880 57.103750 96.563570
58.277310 96.884370 57.431900 98.022560
58.589460 98.403450 57.731820 99.573270
58.940360 100.002400 58.068200 101.205800
59.343230 101.692600 58.478060 102.940600
59.798800 103.499800 58.924370 104.790300
60.309140 105.392300 59.448910 106.699700
60.819120 107.363700 59.938920 108.726400
61.355080 109.477800 60.510560 110.863900
61.874140 111.669200 61.036090 113.086600
62.417580 113.964900 61.579210 115.423200
62.973720 116.373200 62.141710 117.861200
63.512460 118.836400 62.709420 120.328700
64.057360 121.342700 63.317260 122.834800
64.655860 123.876700 63.929100 125.378600
65.262090 126.422600 64.556820 127.922300
65.864770 128.941000 65.203270 130.393000
66.510510 131.382800 65.834080 132.876200
67.135460 133.867500 66.435540 135.317000
67.748220 136.262500 67.028330 137.731500
68.311480 138.668800 67.544090 140.148700
68.830800 141.066900 67.995860 142.548100
69.359830 143.451000 68.497250 144.922400
69.844620 145.829800 68.984460 147.317400
70.257380 148.240700 69.391520 149.712400
70.634070 150.615300 69.776440 152.100500
70.952630 153.048800 70.072690 154.535200
71.236680 155.482600 70.382810 156.982500
71.430750 157.958600 70.626490 159.450600
71.592060 160.420500 70.799200 161.907500
71.705560 162.889100 70.936930 164.397100
71.811250 165.386800 71.035840 166.870400
71.901490 167.846500 71.186920 169.346800
71.944200 170.358200 71.215100 171.867100
71.944230 172.867000 71.192810 174.365300
71.880770 175.411200 71.119740 176.933700
71.759300 177.947700 70.985780 179.452200
71.629380 180.489300 70.888250 182.019300
71.495820 183.069400 70.743510 184.586600
71.389860 185.611000 70.649680 187.141800
71.229200 188.181800 70.498050 189.692400
71.075770 190.694700 70.366390 192.210500
70.908190 193.208300 70.192290 194.715600
70.732240 195.676300 70.041010 197.167700
70.587330 197.902600 69.934450 199.288500
70.462020 200.022200 69.783650 201.406500
70.336670 202.141700 69.652030 203.525200
70.211280 204.261000 69.527060 205.644200
70.085900 206.379000 69.480770 207.765600
69.986060 208.445300 69.465310 209.774200
70.007780 210.375700 69.469720 211.696000
70.026080 212.295900 69.513590 213.626700
70.017620 214.252400 69.524680 215.585400
70.013230 216.217200 69.569990 217.575800
69.972110 218.270700 69.532070 219.647700
69.934360 220.317400 69.505070 221.654500
69.972850 222.305500 69.485660 223.677600
69.981630 224.353700 69.453520 225.715700
69.981870 226.399100 69.423030 227.778900
69.949190 228.454500 69.358550 229.815200
69.907170 230.454300 69.277620 231.801700
69.859830 232.418200 69.256620 233.731800
69.810200 234.247600 69.317580 235.503500
69.754960 235.896800 69.275550 237.104600
69.602960 237.437200 69.131220 238.634700
69.315000 238.920100 68.888050 240.105900
68.846420 240.276600 68.403800 241.438600
68.166090 241.479400 67.729060 242.621800
67.318270 242.492800 66.872690 243.610400
66.332240 243.344200 65.859090 244.404900
65.260110 243.991900 64.806790 245.055400
64.140300 244.474300 63.684520 245.565500
62.867510 244.772700 62.347570 245.771400
61.458940 244.926000 60.909520 245.961100
59.947420 244.952000 59.367300 245.956600
58.335370 244.902100 57.715210 245.877700
56.595980 244.824000 55.923460 245.794300
54.694040 244.743800 53.962050 245.715200
52.650420 244.604800 51.871370 245.666000
50.451970 244.390700 49.582910 245.604300
48.058070 244.235000 47.135420 245.563100
45.515050 244.100900 44.555560 245.543800
42.921790 243.969200 41.962360 245.452500
40.316590 243.840300 39.346710 245.370800
37.706940 243.722400 36.726630 245.252000
35.094890 243.629800 34.117990 245.160200
32.472950 243.489000 31.479660 245.007000
29.851950 243.348200 28.872620 244.883800
27.264200 243.258500 26.299210 244.771000
24.724050 243.174900 23.763610 244.696900
22.210390 243.091000 21.262800 244.633500
19.736330 242.979500 18.805600 244.533200
17.311070 242.850400 16.381940 244.390300
14.901790 242.682800 13.984010 244.247100
12.542000 242.455300 11.642680 244.042000
10.258080 242.218100 9.386573 243.805800
8.077281 241.997300 7.248566 243.639500
6.032146 241.805400 5.242478 243.468300
4.114420 241.647100 3.370001 243.328200
2.325909 241.523700 1.623318 243.229100
0.684853 241.422100 0.031992 243.184900
-0.804697 241.361800 -1.402690 243.176200
-2.147061 241.322400 -2.694620 243.204700
-3.335045 241.321100 -3.828072 243.204900
-4.362696 241.347700 -4.796577 243.239700
-5.195608 241.375100 -5.555035 243.260000
-5.787975 241.411000 -5.749462 243.266500
-6.148943 241.435700 -5.918587 243.288800
-6.347609 241.453500 -6.066385 243.294000
-6.441034 241.457400 -6.066385 243.294000
-6.441440 241.456100 -6.066385 243.294000
-6.439927 241.462600 -6.066385 243.294000
-6.440440 241.482800 -6.066385 243.294000
-6.480607 241.498100 -6.186028 243.300200
-6.560264 241.507700 -6.186028 243.300200
-6.742488 241.516100 -6.279537 243.309200
-7.099251 241.541700 -6.355111 243.314900
-7.627305 241.597900 -6.521367 243.340500
-8.293171 241.705000 -6.577500 243.349900
-9.050632 241.890800 -6.586142 243.351900
-9.863606 242.207700 -6.598927 243.357700
-10.727660 242.661600 -6.623472 243.369400
-11.566170 243.294100 -6.667143 243.405000
-12.317670 244.121800 -6.734611 243.481100
-12.969870 245.164100 -6.855093 243.685300
-13.469580 246.441200 -7.000692 244.075500
-13.828110 247.877300 -7.120901 244.643400
-14.057520 249.558000 -7.191397 245.357500
-14.176210 251.405900 -7.247484 246.164400
-14.264690 253.405000 -7.247289 247.073400
-14.328890 255.544200 -7.284353 248.079300
-14.399650 257.837600 -7.290277 249.160200
-14.471380 260.263200 -7.310268 250.270100
-14.561590 262.807800 -7.365357 251.548500
-14.652820 265.491700 -7.404678 252.973500
-14.739760 268.254400 -7.430064 254.542100
-14.858340 271.134800 -7.445892 256.298400
-14.973530 274.134700 -7.497443 258.189600
-15.069550 277.175700 -7.518332 260.236500
-15.175210 280.293600 -7.573988 262.423600
-15.297230 283.446400 -7.646558 264.765900
-15.436590 286.619600 -7.717821 267.227800
-15.585790 289.810900 -7.850465 269.823300
-15.736240 292.959600 -7.991857 272.533000
-15.885310 296.071900 -8.099058 275.327400
-16.046970 299.165600 -8.209144 278.252300
-16.219660 302.246300 -8.341163 281.272200
-16.389710 305.314100 -8.453037 284.337400
-16.559690 308.378300 -8.636762 287.472500
-16.709350 311.458900 -8.806713 290.623000
-16.839300 314.563300 -8.917597 293.813600
-16.972270 317.709200 -8.997635 296.998500
-17.118400 320.893100 -9.080750 300.133300
-17.281700 324.127200 -9.141728 303.246500
-17.454380 327.375400 -9.250210 306.334900
-17.614190 330.593900 -9.336429 309.422400
-17.775860 333.802500 -9.374547 312.488600
-17.959610 336.995200 -9.402622 315.558200
-18.128440 340.134300 -9.433646 318.652600
-18.295640 343.191900 -9.548147 321.771800
-18.453080 346.169000 -9.603093 324.936300
-18.632610 349.056200 -9.771696 328.133500
-18.817710 351.841100 -9.879599 331.382100
-18.986450 354.488400 -10.003910 334.625900
-19.124870 356.982400 -10.148150 337.837300
-19.220930 359.289500 -10.219990 341.050900
-19.310450 361.377700 -10.230550 344.230500
-19.390050 363.254000 -10.620980 347.327100
-19.458340 364.945900 -10.632520 350.360600
-19.552440 366.417400 -10.823020 353.310300
-19.716910 367.755600 -11.007200 356.163100
-19.992010 369.044200 -11.429910 358.877300
-20.413100 370.267200 -12.131050 361.387700
-20.994480 371.390500 -13.262120 363.541900
-21.767920 372.412000 -14.905840 364.999700
-22.740410 373.381300 -16.216250 366.524400
-23.931400 374.199500 -17.705180 367.566100
-25.311900 374.775400 -19.190940 368.198500
-26.849130 375.102700 -20.580510 368.501700
-28.541320 375.088500 -21.913870 368.536800
-30.331610 374.930400 -23.227620 368.445600
-32.178580 374.714400 -24.510270 368.328400
-34.124600 374.519300 -25.774360 368.261300
-36.192510 374.312000 -27.090810 368.176200
-38.360350 374.089000 -28.490150 368.087000
-40.674090 373.890900 -29.954760 368.029300
-43.125350 373.717400 -31.469350 368.001000
-45.733890 373.570600 -33.085180 367.984300
-48.422050 373.450300 -34.805640 367.951000
-51.153580 373.336900 -36.639280 367.934200
-53.919190 373.217300 -38.513290 367.907700
-56.668140 373.082400 -40.521500 367.868100
-59.399580 372.949600 -42.628380 367.831700
-62.128270 372.797100 -44.848080 367.776900
-64.827270 372.599800 -47.217340 367.658500
-67.509200 372.402100 -49.725440 367.569200
-70.186170 372.208700 -52.377230 367.473700
-72.845340 372.028400 -55.080630 367.388800
-75.495320 371.886100 -57.833110 367.342600
-78.116050 371.787300 -60.598140 367.378000
-80.717850 371.718500 -63.349120 367.414500
-83.311780 371.694800 -66.078620 367.472100
-85.842710 371.709900 -68.800810 367.677000
-88.215690 371.734100 -71.498330 367.797100
-90.402660 371.755300 -74.182160 368.001300
-92.376860 371.747200 -76.853150 368.114200
-94.181170 371.700000 -79.517710 368.132200
-95.954170 371.610100 -82.157910 368.062200
-97.692900 371.484000 -84.768130 367.874800
-99.428840 371.332400 -87.364780 367.755100
-101.212400 371.150100 -89.946670 367.635600
-103.049100 370.929900 -92.419700 367.411500
-104.963700 370.712900 -94.731770 367.296200
-106.999900 370.469800 -96.846280 367.133900
-109.147400 370.218500 -98.746030 367.000000
-111.413900 369.990500 -100.524800 366.848900
-113.850400 369.787500 -102.290100 366.788900
-116.381500 369.587900 -104.025700 366.708600
-119.079000 369.402000 -105.779300 366.657200
-121.870500 369.312400 -107.591900 366.688900
-124.798000 369.251000 -109.458800 366.787400
-127.749200 369.222000 -111.422800 366.835000
-130.738100 369.191300 -113.518000 366.873800
-133.724900 369.151000 -115.697000 366.939600
-136.693200 369.116700 -118.061000 366.993800
-139.640200 369.026200 -120.517200 367.006400
-142.545400 368.909400 -123.130800 366.999900
-145.452900 368.800400 -125.851000 366.946100
-148.326000 368.653700 -128.704500 366.856300
-151.184500 368.483700 -131.635100 366.828600
-154.029500 368.306700 -134.606200 366.790500
-156.834000 368.110800 -137.600500 366.692200
-159.601600 367.929800 -140.573300 366.649400
-162.352900 367.769700 -143.546200 366.507800
-165.025300 367.622800 -146.471000 366.450600
-167.587100 367.473600 -149.380600 366.401500
-169.989700 367.347100 -152.288400 366.338300
-172.229800 367.237400 -155.149300 366.366600
-174.255000 367.118500 -158.013100 366.237600
-176.113500 366.976300 -160.849400 366.136300
-177.851600 366.825100 -163.642500 365.946900
-179.482200 366.619100 -166.386300 365.619500
-181.041000 366.257200 -169.066100 365.058500
-182.506900 365.700900 -171.556200 364.181000
-183.830900 364.922700 -173.782300 362.989900
-184.967900 363.901900 -175.543100 361.455300
-185.900600 362.645300 -176.908000 359.752600
-186.575700 361.163300 -177.766700 357.992100
-186.999600 359.497900 -178.288600 356.245800
-187.152300 357.675600 -178.536300 354.557000
-187.206000 355.773500 -178.661200 352.934500
-187.197400 353.800900 -178.735400 351.343500
-187.078300 351.712900 -178.732000 349.784200
-186.904300 349.515700 -178.685200 348.255600
-186.700200 347.199500 -178.635300 346.719500
-186.441500 344.761700 -178.551300 345.078800
-186.138100 342.245600 -178.468400 343.420900
-185.836200 339.600700 -178.387800 341.685400
-185.558800 336.870000 -178.295700 339.853400
-185.300200 334.088400 -178.235600 337.923500
-185.053400 331.295700 -178.160800 335.917000
-184.825700 328.513100 -178.089700 333.786400
-184.626700 325.706700 -178.055300 331.542800
-184.418100 322.895600 -177.967300 329.172600
-184.219300 320.049800 -177.897400 326.694100
-184.077900 317.187100 -177.919000 324.118100
-183.933200 314.300800 -177.912900 321.419300
-183.761600 311.460200 -177.929000 318.657800
-183.601800 308.616200 -177.916100 315.851100
-183.458100 305.794900 -177.930100 313.057300
-183.343100 303.000200 -177.943300 310.248200
-183.261300 300.211900 -177.991500 307.440900
-183.178800 297.450000 -178.036100 304.608000
-183.090500 294.684900 -178.054300 301.745700
-182.927300 291.908300 -178.009500 298.872400
-182.766600 289.099200 -177.936900 295.992600
-182.613800 286.267300 -177.896300 293.150200
-182.441900 283.385600 -177.833700 290.305900
-182.300400 280.490600 -177.825700 287.488200
-182.149900 277.557000 -177.851100 284.701700
-182.001400 274.627800 -177.868500 281.910200
-181.823500 271.689000 -177.825600 279.146500
-181.638500 268.767800 -177.842200 276.381100
-181.424600 265.787800 -177.729400 273.588800
-181.219800 262.838200 -177.635900 270.777200
-181.009300 259.844900 -177.553300 267.916100
-180.770400 256.828000 -177.456500 265.034300
-180.561000 253.860400 -177.380900 262.116400
-180.372700 250.908200 -177.363100 259.180500
-180.191000 247.979500 -177.295700 256.246200
-180.025600 245.104800 -177.308500 253.299500
-179.890000 242.301100 -177.345600 250.356200
-179.765100 239.629200 -177.349900 247.375800
-179.603400 237.077700 -177.344600 244.416900
-179.486600 234.610600 -177.358500 241.390600
-179.426200 232.293500 -177.418500 238.387800
-179.384800 230.153000 -177.510200 235.418700
-179.372900 228.203000 -177.675800 232.466300
-179.353200 226.445600 -177.785700 229.556700
-179.284500 224.889700 -177.785600 226.694200
-179.159500 223.520400 -177.632300 223.935300
-178.892900 222.222300 -177.219400 221.329600
-178.440800 221.019500 -176.452000 218.927500
-177.799300 219.912400 -175.362000 216.760900
-176.993100 218.868700 -174.018200 214.955500
-175.953700 217.908600 -172.674200 213.386600
-174.646400 217.098800 -171.155900 212.273200
-173.037500 216.423500 -169.644700 211.509600
-171.242400 215.987700 -168.231500 211.068000
-169.251700 215.748100 -166.904900 210.838800
-167.160900 215.651300 -165.576200 210.718800
-164.983800 215.579200 -164.301700 210.638200
-162.753200 215.542200 -163.003600 210.558100
-160.419600 215.517400 -161.660600 210.490800
-157.986900 215.494400 -160.215800 210.407500
-155.493900 215.476600 -158.608200 210.363500
-152.924600 215.528800 -156.864100 210.329200
-150.250300 215.556200 -154.957300 210.265100
-147.567100 215.656900 -152.914400 210.250300
-144.855900 215.751900 -150.791600 210.237400
-142.145800 215.896800 -148.595900 210.275200
-139.455100 216.087400 -146.342300 210.307800
-136.768400 216.330800 -143.962800 210.404800
-134.103700 216.562300 -141.525900 210.490100
-131.505400 216.803000 -139.010900 210.587500
-128.992800 217.018200 -136.404200 210.658200
-126.584900 217.191000 -133.717500 210.705700
-124.357100 217.330100 -131.026000 210.777500
-122.326100 217.418900 -128.310300 210.813300
-120.463500 217.466200 -125.603900 210.731700
-118.653600 217.497200 -122.904300 210.655500
-116.849600 217.495900 -120.222600 210.491300
-115.067800 217.514000 -117.565600 210.361700
-113.324000 217.535300 -114.990500 210.223700
-111.616000 217.623100 -112.497700 210.193500
-109.927700 217.875300 -110.147500 210.349400
-108.290900 218.301300 -108.009100 210.712400
-106.749500 218.945400 -106.137700 211.304500
-105.349200 219.793800 -104.495700 212.128300
-104.115500 220.834900 -103.036800 213.187200
-103.036000 222.051200 -101.765400 214.459300
-102.179100 223.400100 -100.684100 215.864300
-101.543200 224.848700 -99.889790 217.389000
-101.115700 226.383800 -99.292030 218.991700
-100.830600 227.968600 -98.840380 220.629000
-100.531100 229.501100 -98.410920 222.262300
-100.252100 231.017900 -97.995620 223.864500
-99.883990 232.463500 -97.423800 225.391300
-99.425550 233.824100 -96.823950 226.891600
-98.775880 234.872900 -95.853980 228.200800
-98.086100 235.806300 -94.842990 229.399900
-97.174270 236.468700 -93.498780 230.242700
-96.254150 236.931100 -92.013640 230.875400
-95.283150 237.358800 -90.467080 231.281000
-94.185080 237.674800 -88.932020 231.522900
-92.955310 237.898800 -87.410490 231.613400
-91.596850 238.102700 -85.935550 231.673800
-90.074690 238.248300 -84.556020 231.710300
-88.387450 238.391700 -83.357930 231.682500
-86.486290 238.540100 -82.197430 231.696200
-84.443490 238.650800 -81.104500 231.693600
-82.253860 238.746800 -80.076480 231.692500
-79.940140 238.872300 -78.990610 231.684800
-77.539590 239.011100 -77.811720 231.637900
-75.087440 239.150700 -76.527340 231.600500
-72.574930 239.313900 -75.104800 231.535300
-69.991910 239.446400 -73.525690 231.458800
-67.351620 239.548800 -71.752580 231.389200
-64.666360 239.657700 -69.803100 231.359900
-61.998030 239.808800 -67.717940 231.318400
-59.311750 239.952600 -65.480550 231.295000
-56.701950 240.109100 -63.118500 231.266800
-54.151130 240.267600 -60.704160 231.268400
-51.625940 240.427100 -58.224990 231.230500
-49.127390 240.564300 -55.692340 231.191600
-46.665870 240.712700 -53.079430 231.198700
-44.240570 240.886300 -50.417930 231.197100
-41.878960 241.088900 -47.732070 231.235400
-39.649020 241.312800 -45.050380 231.263200
-37.552430 241.539400 -42.370670 231.342300
-35.488740 241.743100 -39.788780 231.374100
-33.456700 241.939000 -37.232030 231.382200
-31.533090 242.124800 -34.718460 231.371100
-29.764560 242.287900 -32.215280 231.332000
-28.172420 242.408100 -29.769000 231.277300
-26.747170 242.468900 -27.347730 231.156500
-25.460260 242.473300 -25.023440 230.971300
-24.318710 242.437400 -22.852190 230.691500
-23.324200 242.322300 -20.786080 230.391400
-22.483780 242.186900 -18.776000 229.911500
-21.843230 242.069500 -16.838300 229.369200
-21.357270 241.937100 -15.060210 228.763300
-20.874950 241.791000 -13.441490 228.184500
-20.410090 241.641000 -12.030840 227.611400
-19.938580 241.453200 -10.760450 227.091300
-19.330890 241.150500 -9.683554 226.499100
-18.603550 240.674100 -8.811963 225.832000
-17.817550 240.000300 -8.122188 225.177400
-17.047940 239.130000 -7.646234 224.552700
-16.371440 238.041100 -7.379930 224.028500
-15.819140 236.731500 -7.231299 223.549900
-15.431720 235.164300 -7.158584 223.059100
-15.160930 233.366900 -7.126642 222.572800
-14.985430 231.359800 -7.121783 222.022200
-14.879450 229.166100 -7.161429 221.270500
-14.834570 226.783800 -7.218650 220.345100
-14.805910 224.227300 -7.281736 219.272200
-14.776150 221.503700 -7.349602 218.071900
-14.726190 218.625200 -7.432835 216.751100
-14.646810 215.602400 -7.523949 215.268900
-14.509690 212.459600 -7.575325 213.582800
-14.353480 209.201300 -7.629111 211.694300
-14.179740 205.869600 -7.668161 209.618500
-13.962380 202.478800 -7.678336 207.357100
-13.739120 199.045100 -7.719234 204.918900
-13.514930 195.572200 -7.747289 202.301400
-13.275440 192.054900 -7.778498 199.525300
-13.052000 188.499600 -7.813938 196.592700
-12.854570 184.884700 -7.877127 193.528700
-12.675140 181.220200 -7.929646 190.342600
-12.508030 177.502000 -8.078535 187.053600
-12.341190 173.718700 -8.231109 183.699100
-12.175010 169.898000 -8.325919 180.284600
-12.018250 166.028100 -8.507330 176.837800
-11.841350 162.134100 -8.640446 173.343500
-11.655180 158.220500 -8.766773 169.811400
-11.466580 154.287300 -8.888046 166.230200
-11.281310 150.320000 -8.970005 162.599100
-11.057620 146.379100 -9.077663 158.910100
-10.815240 142.443600 -9.222514 155.167500
-10.570550 138.517900 -9.296908 151.367700
-10.333980 134.639100 -9.414952 147.530300
-10.123240 130.785800 -9.560350 143.641700
-9.914350 127.027500 -9.623414 139.743500
-9.696148 123.395700 -9.701633 135.817500
-9.493383 119.914400 -9.811933 131.879100
-9.310280 116.607700 -9.869498 127.898100
-9.151332 113.442300 -9.995192 123.957600
-9.017561 110.482000 -10.154170 120.025000
-8.888960 107.744800 -10.326490 116.098800
-8.774269 105.222900 -10.501690 112.232900
-8.679794 102.918000 -10.667300 108.395000
-8.504861 100.812800 -10.651530 104.670200
-8.163715 98.919720 -10.377220 101.108100
-7.618518 97.243660 -9.468698 97.797330
-6.858427 95.725240 -8.214194 94.793900
-5.899838 94.392380 -6.644847 92.125140
-4.759829 93.253900 -4.746427 89.937650
-3.450087 92.348760 -2.680571 88.271520
-1.973871 91.691730 -0.524231 87.104280
-0.436803 91.261860 1.589635 86.361220
1.138073 91.026340 3.575033 85.931280
2.751248 90.881970 5.421351 85.635170
4.431705 90.766140 7.138310 85.440770
6.211745 90.683570 8.805182 85.257270
8.081090 90.578530 10.428160 85.070250
10.076580 90.469280 12.011290 84.905820
12.205890 90.365360 13.609810 84.735530
14.489810 90.290310 15.221690 84.602350
16.910510 90.321490 16.805910 84.525770
19.453620 90.459650 18.403280 84.440010
22.045730 90.671110 20.036320 84.415180
24.644280 90.895340 21.755690 84.407390
27.207850 91.064010 23.562320 84.382410
29.764780 91.130150 25.470810 84.261480
32.287690 91.085550 27.504070 84.063730
34.803420 90.937800 29.667190 83.779960
37.325120 90.728940 31.975200 83.437160
39.896170 90.508470 34.404390 83.053630
42.547960 90.289960 36.950470 82.683660
45.244630 90.097810 39.537430 82.328630
47.943020 89.903610 42.100260 81.926270
50.617990 89.629730 44.623380 81.473740
53.252150 89.185630 47.101390 80.874750
55.814150 88.557720 49.494920 80.096240
58.313300 87.791630 51.854330 79.201940
60.805470 86.920740 54.172360 78.157950
63.322020 85.994100 56.547710 77.089950
65.833720 85.055040 58.974180 75.950160
68.406220 84.080780 61.428610 74.807680
70.998610 83.045350 63.862520 73.630890
73.578520 81.879280 66.221290 72.356910
76.170160 80.586970 68.513560 70.996020
78.819830 79.219290 70.752420 69.618810
81.480420 77.842690 72.942850 68.195320
84.108690 76.469870 75.196980 66.770400
86.695220 75.055290 77.430900 65.308350
89.188920 73.556030 79.633730 63.734700
91.573040 71.968490 81.818020 62.041200
93.850380 70.285940 83.959940 60.233320
96.020560 68.521450 86.032330 58.282850
98.103890 66.740880 88.117870 56.220130
100.107700 65.034010 90.251850 54.123660
101.996900 63.459780 92.426900 52.072950
103.764900 62.070330 94.603600 50.072030
105.408600 60.801050 96.797290 48.112710
107.003200 59.530310 98.912920 46.137750
108.589500 58.247390 101.001800 44.198690
110.134700 56.970520 103.037000 42.241000
111.717500 55.637520 105.009600 40.282110
113.353400 54.247110 106.959300 38.397590
115.077800 52.831180 108.834500 36.623960
116.904200 51.439420 110.607200 35.019850
118.836800 50.054850 112.264200 33.611700
120.853600 48.602090 113.851600 32.306930
122.938000 47.083700 115.402800 30.981630
125.092700 45.485300 116.922500 29.638400
127.330000 43.820780 118.465500 28.342480
129.637600 42.087830 120.036400 26.960590
131.967100 40.344760 121.689300 25.541190
134.297900 38.609850 123.368300 24.049970
136.621900 36.849050 125.121900 22.510900
138.949900 35.131110 126.936100 20.941070
141.293500 33.464730 128.868100 19.309690
143.603900 31.795640 130.819900 17.589940
145.871800 30.121580 132.867900 15.789830
148.133300 28.418200 134.963700 13.906480
150.347600 26.750990 137.116900 11.955750
152.506100 25.137140 139.281000 10.022020
154.521200 23.603510 141.439000 8.059620
156.409800 22.104300 143.535900 6.046646
158.102600 20.729550 145.620900 4.051632
159.605700 19.470090 147.646400 2.025131
161.034400 18.328640 149.746700 0.106000
162.527500 17.369930 151.966800 -1.621779
164.102000 16.690040 154.458400 -2.946411
165.725700 16.231240 157.003800 -3.962284
167.465400 15.980230 159.591900 -4.570123
169.275300 15.912810 162.042100 -4.918552
171.157200 15.957740 164.390500 -5.110860
173.098700 15.972680 166.470100 -5.317158
175.120500 15.945180 168.368000 -5.515409
177.167200 15.872150 170.155700 -5.707910
179.305300 15.756280 171.892600 -5.996698
181.477000 15.604010 173.577300 -6.283049
183.703700 15.412020 175.257500 -6.588387
185.980700 15.238130 177.006100 -6.898164
188.280500 15.072990 178.813100 -7.199609
190.577500 14.896800 180.680700 -7.519847
192.894300 14.714610 182.627200 -7.841644
195.244200 14.510220 184.623800 -8.208861
197.633500 14.283820 186.662400 -8.599818
200.090000 14.030130 188.789400 -8.998699
202.592100 13.785300 190.944300 -9.382735
205.104900 13.534110 193.160400 -9.806991
207.640700 13.310070 195.418300 -10.174340
210.148900 13.111090 197.697100 -10.565550
212.697300 12.915740 199.970400 -10.931850
215.224700 12.737830 202.279400 -11.312300
217.808000 12.513180 204.616000 -11.690620
220.389500 12.282700 206.998200 -12.128770
223.037500 12.068550 209.452300 -12.536680
225.699900 11.872960 211.938400 -12.924510
228.380800 11.657570 214.437400 -13.341840
231.063800 11.400770 216.931400 -13.803660
233.768800 11.157120 219.428900 -14.212110
236.452700 10.908570 221.936200 -14.632260
239.115400 10.628320 224.442100 -15.131040
241.756200 10.390980 227.001700 -15.545620
244.376200 10.177670 229.570100 -16.024030
246.942400 9.977031 232.199900 -16.452850
249.503100 9.796410 234.840900 -16.890560
251.962400 9.616742 237.502600 -17.347820
254.329800 9.452561 240.168100 -17.725200
256.557200 9.297183 242.861500 -18.130890
258.681500 9.140396 245.508300 -18.566460
260.487900 8.870715 248.149800 -19.018540
262.171000 8.558198 250.727300 -19.551310
263.852900 8.246051 253.268500 -20.208750
265.533700 7.934305 255.736300 -20.924180
267.212200 7.623220 258.148400 -21.722890
268.719700 7.309828 260.457600 -22.501990
269.768600 7.040605 262.691700 -23.189080
270.654800 6.869143 264.809100 -23.715380
271.433400 6.780906 266.871700 -24.101870
272.188300 6.798910 268.583700 -24.140450
272.939800 6.915555 270.287400 -24.047500
273.674100 7.139266 271.954400 -23.673770
274.435500 7.486302 273.564900 -23.109430
275.206100 8.021776 275.049900 -22.275600
275.841400 9.123003 276.064700 -21.383460
276.399700 10.403880 276.693500 -20.583100
276.938800 11.672800 277.108500 -19.836510
277.461700 12.927990 277.414800 -19.131640
277.969300 14.165350 277.671100 -18.413930
278.402000 15.600760 277.879300 -17.682550
278.675500 17.540870 278.034300 -16.907880
278.887100 19.689590 278.189300 -16.053430
279.050300 22.004090 278.329000 -15.082410
279.153100 24.513040 278.491100 -13.683490
279.310000 27.147550 278.687000 -12.305470
279.492000 29.910160 278.884100 -10.947080
279.682000 32.722430 279.095700 -9.610984
279.891600 35.618700 279.316400 -8.299735
280.117300 38.587970 279.605800 -6.620011
280.340800 41.563150 279.959400 -4.638293
280.553900 44.602790 280.339500 -2.440031
280.757500 47.669170 280.689300 -0.083007
280.966700 50.717990 281.084100 2.439810
281.189800 53.763250 281.548100 5.084294
281.387500 56.840290 282.026100 7.837708
281.609200 59.915920 282.486600 10.637860
281.892800 62.993940 283.033000 13.530310
282.168100 66.061440 283.588900 16.449990
282.386200 69.137860 284.060000 19.423800
282.581400 72.205720 284.507300 22.445130
282.741100 75.260420 284.982600 25.482050
282.945600 78.300480 285.428800 28.499540
283.185400 81.322840 285.968900 31.525980
283.441700 84.363870 286.455000 34.562890
283.683800 87.353300 286.981900 37.612560
283.940100 90.352150 287.518300 40.645050
284.231300 93.355260 288.104100 43.684760
284.541900 96.345100 288.711200 46.692410
284.938000 99.320580 289.376600 49.698370
285.395000 102.259500 290.137800 52.649580
285.844100 105.163200 290.862700 55.617260
286.321900 108.053700 291.597000 58.544820
286.793800 110.912200 292.370000 61.508140
287.216900 113.736500 293.045500 64.409040
287.630900 116.518500 293.766700 67.350230
288.058700 119.219300 294.475600 70.266460
288.448800 121.780900 295.131500 73.207310
288.846400 124.280600 295.846400 76.108860
289.285300 126.630100 296.638700 78.964480
289.743500 128.835400 297.533300 81.755710
290.213000 130.821100 298.408700 84.536850
290.683600 132.626000 299.251700 87.296710
291.166200 134.262000 300.147100 89.985970
291.580800 135.832500 301.209400 92.574510
291.961700 137.426400 302.049000 95.115980
292.194000 139.020100 302.646500 97.619270
292.237900 140.604400 302.935900 100.077500
291.762300 142.158200 302.817500 102.416600
290.662500 143.578100 302.393400 104.569000
289.562400 144.964600 301.678800 106.403500
288.468100 146.318100 300.759300 107.965400
287.386000 147.641500 299.646500 109.201400
286.399400 148.976200 298.375400 110.215500
284.571900 149.919400 297.004100 111.102500
282.598600 150.835500 295.631400 111.901200
280.553400 151.805400 294.274600 112.745000
278.418500 152.847000 292.784700 113.669500
276.187000 153.972900 291.297600 114.660500
273.848800 155.201700 289.831200 115.634600
271.423500 156.516000 288.398900 116.604300
268.909500 157.880900 286.992500 117.557900
266.393100 159.278800 285.535000 118.538800
263.831700 160.712200 283.823000 119.784000
261.343100 162.229400 282.057300 121.099300
258.927700 163.839100 280.278600 122.554500
256.567900 165.515700 278.419700 124.096200
254.220600 167.219800 276.517900 125.787700
251.812400 168.915300 274.471500 127.526900
249.342900 170.564800 272.272800 129.256400
246.829700 172.171100 270.009200 131.020000
244.268800 173.728400 267.669700 132.717000
241.687800 175.211100 265.266700 134.441700
239.066600 176.646400 262.861100 136.045900
236.435100 178.027700 260.418300 137.611500
233.828600 179.391700 257.972000 139.149400
231.251200 180.752600 255.535900 140.755300
228.707700 182.113100 253.074100 142.395400
226.214900 183.484500 250.604700 144.038800
223.769900 184.811700 248.099100 145.687000
221.367300 186.107100 245.599700 147.328900
219.059200 187.344000 243.141500 149.002600
216.843700 188.521200 240.626100 150.616600
214.730300 189.612200 238.141900 152.228800
212.761600 190.600600 235.637500 153.760600
210.934100 191.518800 233.171100 155.275300
209.293500 192.364900 230.740800 156.811300
207.831400 193.113300 228.367900 158.343300
206.576700 193.798300 226.058200 159.851000
205.539900 194.395600 223.776000 161.296700
204.729700 194.901600 221.677900 162.779500
204.122300 195.321500 220.420800 163.873300
203.546300 195.745200 218.716700 165.530400
203.042900 196.282400 217.051400 166.964100
202.515700 196.788100 215.462700 168.251500
201.945400 197.325500 214.136500 169.534800
201.195300 198.000000 212.980800 170.699800
200.227400 198.808500 211.977500 171.717300
199.076800 199.760000 211.121700 172.553300
197.730700 200.791700 210.417900 173.199000
196.253000 201.872000 209.869000 173.692900
194.623700 202.967100 209.317100 174.147300
192.619800 204.117900 208.743700 174.609600
190.615300 205.269000 208.151200 175.037600
188.611600 206.419500 207.508300 175.486000
186.608000 207.569800 206.682600 176.065500
184.604500 208.720100 205.645600 176.782800
182.452000 209.923800 204.403400 177.610400
180.162600 211.202300 202.996300 178.556100
177.855000 212.473600 201.474900 179.573700
175.554100 213.761200 199.863100 180.694200
173.260900 215.031900 197.955600 181.998400
171.006800 216.296100 196.038900 183.286800
168.770100 217.549300 194.135100 184.595400
166.635700 218.725900 192.183400 185.825200
164.640400 219.823800 190.299300 187.161200
162.800000 220.792300 188.248400 188.529600
161.109900 221.618400 185.968400 189.821500
159.510500 222.334400 183.673300 191.108000
157.845500 222.860900 181.250400 192.128900
156.181300 223.202900 178.755900 192.925700
154.511100 223.364000 176.219400 193.406000
152.786900 223.350100 173.667200 193.638500
150.969000 223.245000 171.239700 193.807900
149.048400 223.060600 168.964300 193.817200
146.999200 222.886700 166.886800 193.898000
144.811400 222.709100 165.007500 193.945200
142.452400 222.507300 163.255800 193.979500
139.985700 222.307100 161.509600 194.017400
137.342300 222.162600 159.813100 194.122900
134.568800 222.029900 158.137600 194.226900
131.695500 221.932100 156.419200 194.376100
128.711000 221.803000 154.602000 194.498200
125.647300 221.650100 152.674000 194.612300
122.615400 221.500000 150.619400 194.730400
119.543800 221.309500 148.425300 194.838900
116.511500 221.102100 146.059800 194.953700
113.516800 220.903600 143.587800 195.086900
110.545200 220.708000 140.943300 195.219200
107.636200 220.532300 138.168600 195.323300
104.717200 220.373700 135.298500 195.509600
101.840600 220.218600 132.319100 195.709900
98.994700 220.067300 129.257400 195.892900
96.181550 219.895100 126.228300 196.087900
93.438620 219.686500 123.154500 196.190500
90.855460 219.500600 120.116100 196.276400
88.388610 219.326300 117.117700 196.369000
86.123680 219.157800 114.143500 196.510000
84.049970 219.045300 111.233800 196.667900
82.152880 219.016300 108.338500 197.064600
80.388010 219.115100 105.490900 197.485400
78.664760 219.366200 102.706300 197.981900
77.016290 219.796000 100.053900 198.923100
75.461480 220.446100 97.602650 200.167300
74.069090 221.411200 95.629170 201.832300
72.862850 222.604000 94.074530 203.752200
71.841850 224.015300 92.987540 205.742200
71.023420 225.699900 92.317730 207.706900
70.421670 227.540000 91.931780 209.564000
70.034550 229.518400 91.858920 211.330500
69.813760 231.610700 91.880480 213.073300
69.670080 233.800300 92.006810 214.774500
69.603690 236.022800 92.161210 216.456500
69.545910 238.342600 92.311330 218.151700
69.499400 240.719700 92.494180 219.841200
69.469400 243.192800 92.713930 221.568900
69.384530 245.776400 92.869450 223.435900
69.232580 248.432800 92.987370 225.369100
69.094640 251.146000 93.147330 227.380900
68.950990 253.982700 93.288650 229.480900
68.811860 256.917100 93.471770 231.668000
68.650580 259.920100 93.676350 233.882400
68.462200 263.082100 93.832970 236.198500
68.288560 266.252800 93.973640 238.574200
68.096650 269.464100 94.138610 241.045800
67.903830 272.683000 94.334380 243.626300
67.721470 275.872400 94.536080 246.280500
67.525460 279.043300 94.734830 248.990900
67.317450 282.219100 94.928280 251.826600
67.111650 285.343500 95.170020 254.755100
66.901350 288.508400 95.369400 257.757900
66.688140 291.652400 95.586990 260.920300
66.478800 294.782200 95.826710 264.087800
66.289190 297.878200 96.071360 267.297500
66.078070 300.944500 96.332490 270.512500
65.826270 304.008500 96.479310 273.705000
65.573590 307.018200 96.657870 276.879000
65.274710 310.032300 96.802600 280.059800
64.924470 313.030600 96.889870 283.190800
64.540610 315.995300 96.936270 286.362800
64.089990 318.947600 96.889180 289.513800
63.671720 321.903700 96.911810 292.650500
63.304260 324.895900 96.927210 295.752100
62.967580 327.898100 97.007420 298.825100
62.699080 330.909200 97.175290 301.894100
62.553590 333.929000 97.424450 304.904000
62.402330 336.963400 97.649940 307.924900
62.266570 340.021300 97.906830 310.933100
62.116500 343.035800 98.146100 313.913700
61.993500 346.032900 98.398730 316.889900
61.866370 348.989100 98.628350 319.867300
61.760870 351.857800 98.936090 322.867000
61.679290 354.611700 99.223540 325.874400
61.586300 357.261400 99.503380 328.884800
61.550600 359.776900 99.870880 331.886500
61.577240 362.145700 100.353000 334.886600
61.603020 364.290800 100.827600 337.910700
61.628690 366.323100 101.400000 340.872200
61.649880 368.352400 101.775300 343.848800
61.624730 370.355800 102.117700 346.787800
61.511180 372.339500 102.313500 349.651000
61.271590 374.388200 102.375500 352.405700
60.966710 376.528400 102.343800 355.057400
60.637150 378.796200 102.335700 357.574300
60.324540 381.208000 102.334400 359.944100
60.065570 383.741300 102.412500 362.088400
59.884830 386.413700 102.565400 364.115200
59.789830 389.195600 102.767300 366.135200
59.765420 392.106700 103.017600 368.124000
59.766400 395.121300 103.288000 370.092500
59.728620 398.268800 103.523800 372.142500
59.673270 401.492900 103.765900 374.291100
59.575390 404.694600 103.999800 376.570600
59.425140 407.916600 104.184600 378.996400
59.267000 411.104300 104.428700 381.531700
59.084670 414.257800 104.662600 384.200700
58.913680 417.417100 104.897000 386.976300
58.748810 420.528100 105.127000 389.882300
58.574140 423.604200 105.377200 392.888700
58.437200 426.635400 105.686000 396.023000
58.286850 429.523300 106.003700 399.233500
58.117570 432.280500 106.222300 402.431100
57.924100 434.902000 106.398500 405.653200
57.663190 437.382700 106.491700 408.844300
57.368250 439.710400 106.555000 412.004100
57.036690 441.889000 106.533400 415.168500
56.656850 443.874800 106.414600 418.282000
56.323860 445.645400 106.284500 421.361700
56.148660 447.270100 106.398300 424.394800
56.616130 448.530800 106.918300 427.237200
57.333540 449.649800 108.027100 429.768200
58.025620 450.723300 109.599400 431.870600
58.683230 451.752100 111.477300 433.502900
59.300760 452.745900 113.523300 434.639300
60.051910 453.493100 115.607700 435.352400
61.232100 453.863600 117.603700 435.648100
62.575150 454.072200 119.404800 435.657800
64.075560 454.193600 121.036600 435.577900
65.729870 454.237800 122.430400 435.423400
67.536180 454.320400 123.750700 435.269300
69.481920 454.413600 125.023800 435.157900
71.568440 454.517900 126.241800 435.062000
73.783230 454.637300 127.410000 434.982100
76.158670 454.789800 128.538600 434.909400
78.646770 454.943100 129.786100 434.844200
81.225870 455.115600 131.145400 434.785400
83.916780 455.302300 132.649500 434.700600
86.702020 455.456700 134.300800 434.590600
89.526350 455.578300 136.102500 434.442300
92.412350 455.733700 138.046900 434.333500
95.328570 455.895400 140.130800 434.183900
98.249890 456.054300 142.342800 434.010700
101.184100 456.224200 144.717000 433.826200
104.093100 456.393100 147.203700 433.652100
106.998900 456.525600 149.777700 433.413300
109.897200 456.654500 152.466700 433.196100
112.749700 456.816600 155.249500 432.991700
115.610200 456.965500 158.067800 432.765000
118.400100 457.099300 160.950200 432.542600
121.145900 457.258900 163.863600 432.319800
123.876500 457.448100 166.785300 432.133000
126.583800 457.666500 169.720700 431.979600
129.241600 457.972700 172.632900 431.885100
131.877300 458.360200 175.542200 431.934500
134.472300 458.810900 178.440300 432.070600
137.047800 459.328100 181.293200 432.256100
139.578900 459.909300 184.147500 432.518300
142.082300 460.548100 186.925400 432.816600
144.536100 461.240400 189.655900 433.150300
146.935100 462.035700 192.351700 433.640100
149.323900 462.890800 195.011400 434.194000
151.645200 463.789700 197.617700 434.804100
153.953700 464.746000 200.200500 435.464500
156.216300 465.719100 202.754000 436.115200
158.442000 466.755000 205.257200 436.915800
160.610800 467.844100 207.699400 437.799100
162.721500 468.976400 210.142900 438.641500
164.765200 470.136200 212.517100 439.573000
166.772400 471.335900 214.835700 440.585700
168.632200 472.526000 217.123200 441.687600
170.346500 473.697400 219.348300 442.805800
171.909300 474.797000 221.559500 443.973700
173.302800 475.783300 223.674500 445.238800
174.556500 476.625400 225.901200 446.277000
175.656700 477.273900 228.140300 447.217500
176.667400 477.791400 230.415500 447.970000
177.693700 478.199200 232.705900 448.498400
178.769200 478.445200 235.037000 448.711500
179.820200 478.560500 237.246800 448.647600
180.911200 478.531600 239.297700 448.316800
182.068600 478.323700 241.120900 447.736600
183.262200 477.935100 242.659300 446.996200
184.488300 477.285200 243.886600 446.114200
185.759400 476.306800 244.795100 445.217000
187.077400 475.006900 245.497000 444.324000
188.478700 473.464500 246.129200 443.416500
189.953700 471.703500 246.715000 442.476900
191.518900 469.725200 247.262300 441.568000
193.208300 467.608400 247.813300 440.620900
195.017400 465.320900 248.422900 439.610300
196.863700 462.933100 249.055000 438.518300
198.729100 460.522700 249.763200 437.322100
200.614200 458.121400 250.595800 435.949700
202.510500 455.730200 251.552600 434.364800
204.411000 453.358300 252.645700 432.590800
206.321800 451.001000 253.865000 430.643900
208.222000 448.665100 255.217500 428.514600
210.114400 446.337900 256.634400 426.206200
211.976500 444.014500 258.193300 423.741300
213.836200 441.706600 259.765700 421.165300
215.683700 439.420500 261.334400 418.552400
217.555600 437.143300 263.001800 415.996200
219.471300 434.824100 264.662200 413.435700
221.450500 432.447100 266.308900 410.881200
223.466700 430.017100 267.964000 408.338000
225.486700 427.604100 269.512200 405.755700
227.506500 425.191500 271.109500 403.217400
229.526100 422.779100 272.705500 400.704000
231.545400 420.367100 274.325700 398.222200
233.564400 417.955300 275.937500 395.764400
235.559300 415.588300 277.578300 393.315500
237.436800 413.389000 279.242800 390.810100
238.780200 411.507400 280.956400 388.235300
239.937800 409.690800 282.648400 385.569800
241.095100 407.877000 284.206800 382.836900
242.251200 406.068000 285.394800 379.923300
243.408000 404.262500 286.355800 376.938200
244.011000 402.484000 286.520600 373.811300
244.001400 400.839200 286.153800 370.690200
243.616800 399.284000 285.039400 367.820600
242.890100 397.828700 283.503900 365.376000
241.873600 396.462000 281.939000 363.672700
240.631500 395.201500 280.281900 362.298700
239.221600 394.033800 278.477800 361.128000
237.618600 392.957600 276.545300 360.195000
235.793400 391.994800 274.521000 359.496800
233.764600 391.138800 272.681400 358.986900
231.526900 390.407500 271.055600 358.674800
229.101900 389.773400 269.462100 358.468000
226.502900 389.204300 267.839900 358.304200
223.725900 388.759000 266.135200 358.246600
220.797800 388.372500 264.362800 358.219500
217.710700 387.983400 262.528500 358.250800
214.530600 387.607200 260.592800 358.275300
211.281800 387.245500 258.525700 358.324600
207.989900 386.906600 256.320300 358.385300
204.658000 386.595500 253.965000 358.452200
201.286800 386.304300 251.457800 358.545900
197.918900 386.031200 248.795500 358.629900
194.555800 385.786300 245.984900 358.780700
191.207200 385.554600 243.035300 358.948500
187.886200 385.358400 239.932400 359.186500
184.599200 385.187900 236.736500 359.388600
181.348200 385.028900 233.476800 359.618900
178.125300 384.880300 230.175200 359.844800
174.940200 384.732200 226.838100 360.090500
171.787000 384.605200 223.465000 360.349200
168.667500 384.479200 220.099300 360.638100
165.610000 384.375800 216.744200 360.972800
162.651900 384.300900 213.397900 361.195600
159.841600 384.253100 210.087900 361.498200
157.212800 384.244100 206.818800 361.881500
154.757500 384.238100 203.585600 362.250700
152.465500 384.177300 200.378700 362.567300
150.349500 384.033300 197.194100 362.683200
148.462800 383.774700 194.041200 362.637100
146.861800 383.342900 190.967900 362.164800
145.493000 382.652100 188.095800 361.134000
144.342900 381.710300 185.587200 359.586800
143.476000 380.548800 183.651900 357.554700
142.885900 379.215000 182.421000 355.243000
142.512900 377.743300 181.514000 352.961100
142.317800 376.136600 180.950200 350.738700
142.188100 374.395800 180.493100 348.666100
142.147200 372.567400 180.162500 346.788700
142.122900 370.607400 179.902100 345.144900
142.117600 368.494900 179.683700 343.620100
142.130800 366.233800 179.473800 342.140700
142.204400 363.814600 179.318700 340.695100
142.299400 361.231000 179.177200 339.238500
142.415300 358.474700 179.022600 337.725900
142.582500 355.558100 178.899300 336.109300
142.739700 352.539000 178.766000 334.367800
142.891900 349.439100 178.610100 332.544000
143.064500 346.281300 178.457400 330.588200
143.227100 343.091000 178.279200 328.482200
143.425200 339.887400 178.100500 326.227300
143.616200 336.700500 177.872600 323.817400
143.795900 333.502200 177.668000 321.239700
144.005700 330.337500 177.417800 318.491600
144.230000 327.130600 177.147100 315.581700
144.419100 323.896200 176.826600 312.574000
144.587400 320.591100 176.482600 309.488600
144.754600 317.239000 176.164100 306.341500
144.941900 313.833000 175.865700 303.160400
145.157300 310.363000 175.608100 299.961000
145.368500 306.861100 175.275500 296.785300
145.569800 303.322100 174.972900 293.595700
145.779600 299.781500 174.692600 290.435700
145.995800 296.224300 174.430800 287.230100
146.232800 292.723700 174.219400 283.996900
146.466500 289.221500 173.963300 280.698500
146.685200 285.746000 173.685800 277.352300
146.893800 282.281200 173.445100 273.948500
147.103700 278.834100 173.186200 270.481800
147.309200 275.380000 172.915400 266.982200
147.469000 272.014900 172.607200 263.450800
147.644100 268.640500 172.276800 259.919000
147.828000 265.287400 171.983300 256.366700
148.018700 262.011300 171.723400 252.866800
148.191600 258.776500 171.396800 249.371900
148.362500 255.568000 171.040800 245.907000
148.542700 252.484800 170.752600 242.446600
148.699400 249.530100 170.461500 239.005600
148.855100 246.697000 170.126200 235.561300
149.012000 244.059600 169.836300 232.203900
149.177500 241.565300 169.631200 228.831500
149.354100 239.240800 169.444700 225.476700
149.518500 237.141100 169.241700 222.199200
149.688400 235.241100 169.114400 218.962100
149.831600 233.536700 168.945800 215.753000
149.906300 232.004900 168.656600 212.676200
149.838700 230.619900 168.097000 209.771900
149.635100 229.344100 167.395300 207.026000
149.241300 228.150200 166.202400 204.676600
148.716100 227.039600 164.911400 202.540500
148.000700 226.008200 163.412100 200.755900
147.075700 225.048900 161.766100 199.448400
145.937600 224.217300 160.113500 198.500900
144.564400 223.496400 158.504100 197.931700
143.010800 222.963900 157.019400 197.555200
141.316600 222.568700 155.641100 197.404100
139.454500 222.334500 154.349500 197.386600
137.425000 222.166300 153.092200 197.427700
135.205500 222.050100 151.866400 197.521400
132.804000 221.961500 150.612900 197.622400
130.267400 221.919300 149.284000 197.744900
127.508700 221.882500 147.876000 197.878600
124.622700 221.854300 146.327400 198.007600
121.664000 221.830100 144.690000 198.155800
118.657200 221.763300 142.958200 198.313800
115.641600 221.685500 141.086800 198.464700
112.627300 221.570300 139.057700 198.624900
109.673500 221.356100 136.840700 198.781400
106.754900 221.166500 134.445000 198.949700
103.815900 220.977200 131.917800 199.125800
100.933900 220.822800 129.167900 199.323000
98.075460 220.656000 126.289600 199.526500
95.253020 220.487500 123.337900 199.714300
92.486910 220.344500 120.337700 199.905900
89.875370 220.223200 117.327800 200.093400
87.458400 220.103100 114.320900 200.322900
85.308900 219.940400 111.370600 200.580700
83.404740 219.814900 108.462900 200.887600
81.811460 219.719400 105.530600 200.975100
80.386560 219.682400 102.665800 201.283000
79.003730 219.767200 99.879140 201.936500
77.660700 220.007600 97.145580 202.606800
76.371580 220.406400 94.585890 203.654100
75.155860 220.960300 92.330270 204.970900
74.011040 221.726500 90.460010 206.505000
72.923470 222.715600 89.003270 208.089200
71.978870 223.872400 87.987870 209.703700
71.184520 225.266700 87.344460 211.157700
70.559680 226.755300 86.973580 212.534100
70.106430 228.212400 86.769670 213.903800
69.780350 229.717400 86.692410 215.267000
69.611080 231.273600 86.740860 216.618300
69.507330 232.885000 86.839870 217.953400
69.413710 234.508900 86.981810 219.329500
69.343880 236.144900 87.138340 220.793600
69.165330 237.775100 87.209790 222.288400
68.850580 239.377200 87.151930 223.894200
68.411010 240.827300 86.960230 225.496600
67.727420 242.111200 86.453680 226.932800
66.803100 243.182900 85.637200 228.234400
65.701790 244.107800 84.635280 229.427900
64.448250 244.782200 83.312820 230.347200
63.080800 245.260000 81.867760 231.092000
61.580750 245.474700 80.306920 231.580800
60.021940 245.545100 78.692290 231.864300
58.373630 245.501300 77.066650 232.020200
56.557790 245.387700 75.558560 232.177300
54.575700 245.267600 74.100400 232.295000
52.422320 245.171900 72.684140 232.437500
50.087930 245.081900 71.247250 232.598400
47.581640 245.008900 69.827710 232.766100
44.918970 244.937600 68.381180 232.938700
42.122820 244.817200 66.868310 233.071400
39.164720 244.672400 65.312880 233.224900
36.057060 244.510700 63.667570 233.349900
32.840100 244.318200 61.854350 233.511800
29.595440 244.119000 59.870790 233.626600
26.356030 243.938500 57.723140 233.810300
23.136280 243.778100 55.399270 234.058900
19.923890 243.574600 52.895850 234.198500
16.771670 243.333700 50.237930 234.380500
13.661940 243.082500 47.444920 234.565100
10.666390 242.818300 44.488610 234.704100
7.814747 242.555200 41.378780 234.815800
5.139292 242.325200 38.162790 235.015300
2.679849 242.118700 34.920710 235.263700
0.450309 241.930700 31.698850 235.638400
-1.528966 241.776000 28.481720 235.864600
-3.228819 241.670700 25.278500 236.150800
-4.618300 241.633500 22.135390 236.493100
-5.727634 241.635600 19.039180 236.837100
-6.594910 241.676300 16.111350 237.369100
-7.316062 241.736500 13.317420 237.939900
-7.999830 241.824600 10.861420 238.985000
-8.668434 241.971800 8.596525 239.957900
-9.310473 242.159800 6.604502 240.963100
-10.040280 242.489600 4.974642 242.069100
-10.900630 242.986700 3.596264 243.067100
-11.788840 243.696900 2.624844 244.057900
-12.605680 244.629900 1.984997 244.963000
-13.325190 245.805400 1.628355 245.752500
-13.876090 247.212100 1.456279 246.454400
-14.262280 248.903900 1.402229 247.141600
-14.456720 250.843200 1.445497 247.825100
-14.534350 252.994100 1.506136 248.490800
-14.597030 255.350200 1.577039 249.289100
-14.667090 257.910700 1.679740 250.277200
-14.735990 260.649600 1.762850 251.412700
-14.849520 263.575900 1.871699 252.651100
-14.957480 266.729800 1.984473 254.028000
-15.059630 270.015600 2.120463 255.533800
-15.182710 273.477200 2.227856 257.266300
-15.303150 277.021400 2.406162 259.206800
-15.440230 280.658500 2.533108 261.355400
-15.590580 284.351600 2.728284 263.704300
-15.764490 288.068200 2.966699 266.255300
-15.946800 291.811700 3.265578 268.978500
-16.099940 295.543400 3.527478 271.895600
-16.260060 299.308400 3.774204 275.042000
-16.425310 303.105800 3.991445 278.322400
-16.590140 306.893300 4.247623 281.776700
-16.756680 310.705900 4.490511 285.314100
-16.910250 314.536100 4.753526 288.944400
-17.062160 318.371600 5.001552 292.632800
-17.211700 322.183300 5.234102 296.346800
-17.359600 325.995800 5.484814 300.087200
-17.503240 329.777900 5.793280 303.809800
-17.652950 333.537700 6.069356 307.568700
-17.803470 337.274400 6.388963 311.357000
-17.965510 340.928300 6.736063 315.132000
-18.139020 344.467400 7.076217 318.933900
-18.309560 347.827300 7.352801 322.757600
-18.498430 351.069300 7.635243 326.586200
-18.657830 354.177800 7.896895 330.392100
-18.779270 357.113600 8.166314 334.198800
-18.870160 359.864000 8.519427 337.967400
-18.946200 362.402300 8.789111 341.721100
-18.990920 364.711200 9.226117 345.434400
-19.050610 366.784400 9.666840 349.065200
-19.150770 368.599600 9.940532 352.599000
-19.288630 370.232600 10.158700 355.955100
-19.600770 371.746300 9.825365 359.185800
-20.181060 373.134000 9.007367 362.186300
-21.046240 374.352900 7.532268 364.728300
-22.127780 375.353800 5.783859 366.838400
-23.457040 376.098400 3.734313 368.331500
-24.934490 376.556700 1.616898 369.229700
-26.555040 376.670400 -0.432968 369.533000
-28.276760 376.521700 -2.245750 369.585000
-30.056280 376.231600 -3.882186 369.519400
-31.975970 375.881500 -5.426279 369.457700
-34.041570 375.538800 -6.932017 369.391300
-36.312400 375.174700 -8.430264 369.332400
-38.740670 374.815500 -9.911656 369.294200
-41.349510 374.513500 -11.448340 369.305400
-44.097790 374.260800 -13.016620 369.378200
-47.011360 374.040700 -14.646480 369.462300
-50.040150 373.823900 -16.371890 369.559000
-53.185680 373.618900 -18.170440 369.672200
-56.406270 373.421900 -20.115010 369.812100
-59.653410 373.251300 -22.199810 369.992100
-62.943060 373.083600 -24.492050 370.127100
-66.219570 372.909300 -26.937160 370.315500
-69.486870 372.732000 -29.552140 370.519600
-72.726120 372.532900 -32.305430 370.668400
-75.949990 372.348800 -35.220290 370.849300
-79.132360 372.198800 -38.246480 371.074400
-82.276670 372.085900 -41.383590 371.359300
-85.318380 372.021300 -44.592980 371.668300
-88.202870 371.999200 -47.814700 372.090700
-90.927450 371.989600 -51.071930 372.563400
-93.555550 371.974900 -54.326830 372.921400
-96.169310 371.894100 -57.584770 373.176500
-98.735200 371.699400 -60.821390 373.343200
-101.335900 371.405700 -64.045210 373.324800
-104.006100 371.090100 -67.225090 373.312800
-106.771100 370.792200 -70.367340 373.359700
-109.682200 370.477800 -73.405570 373.449500
-112.739100 370.228500 -76.285400 373.556400
-115.931600 370.036400 -79.002000 373.697200
-119.286600 369.828600 -81.618960 373.851600
-122.729500 369.724600 -84.217430 374.119400
-126.288700 369.671200 -86.773060 374.387900
-129.839700 369.662300 -89.366960 374.708000
-133.385600 369.650900 -92.036350 374.986700
-136.894400 369.634000 -94.788530 375.343100
-140.398100 369.514400 -97.700930 375.593500
-143.862100 369.340500 -100.753500 375.843100
-147.327600 369.166400 -103.939900 376.067200
-150.737000 368.971100 -107.284100 376.356900
-154.158600 368.781900 -110.714800 376.584700
-157.533900 368.539100 -114.263100 376.763600
-160.863100 368.281900 -117.803200 376.917600
-164.185700 368.025000 -121.339400 377.079000
-167.432800 367.748600 -124.840400 377.195900
-170.642400 367.488400 -128.333200 377.403100
-173.841400 367.227100 -131.789100 377.586900
-177.023700 366.951400 -135.250500 377.700200
-180.244500 366.730400 -138.653300 377.832300
-183.473900 366.580900 -142.059600 378.130800
-186.744800 366.472000 -145.422200 378.448100
-190.033500 366.367300 -148.744700 378.727400
-193.355400 366.250500 -152.061000 378.988900
-196.716900 366.188600 -155.299800 379.284400
-200.121200 366.182600 -158.489100 379.691500
-203.540500 366.199800 -161.667800 380.106000
-206.952700 366.227500 -164.831600 380.516200
-210.347900 366.285500 -168.036100 380.855400
-213.706200 366.365900 -171.229600 381.318100
-217.009500 366.481900 -174.458900 381.803400
-220.179700 366.654500 -177.703100 382.319500
-223.191200 366.879000 -180.968400 382.900000
-226.097000 367.114900 -184.255200 383.579300
-228.814800 367.345400 -187.581500 384.270800
-231.386300 367.584000 -190.894500 385.084000
-233.712600 367.887700 -194.196500 385.928100
-235.782000 368.275800 -197.426900 386.953600
-237.675400 368.737900 -200.574500 388.113400
-239.369400 369.206200 -203.628300 389.367300
-240.923900 369.617600 -206.592600 390.489300
-242.343700 369.946600 -209.440100 391.481000
-243.617800 370.200700 -212.225200 392.322300
-244.859400 370.340600 -214.887600 392.874900
-246.077300 370.391700 -217.440500 393.201800
-247.267700 370.379800 -219.764100 393.502800
-248.493500 370.333700 -221.857300 393.661600
-249.783700 370.306600 -223.790400 393.859800
-251.078800 370.299200 -225.528200 394.058000
-252.358200 370.349900 -227.120500 394.232000
-253.632100 370.436500 -228.550300 394.492100
-254.850600 370.581800 -229.794000 394.844100
-255.940600 370.729900 -231.010200 395.110700
-256.915700 370.895600 -232.154000 395.519000
-257.880300 371.026600 -233.294900 395.825400
-258.825300 371.074700 -234.508000 395.974200
-259.790200 371.036700 -235.791900 396.006400
-260.853800 370.865000 -237.078000 395.919200
-261.981300 370.525600 -238.334800 395.680300
-263.149900 369.955400 -239.538100 395.261500
-264.334300 369.128800 -240.611000 394.674800
-265.453200 367.983800 -241.481900 394.008500
-266.451000 366.525200 -242.141200 393.272800
-267.251800 364.723800 -242.673000 392.458100
-267.949500 362.709300 -243.093600 391.610600
-268.506500 360.485200 -243.450900 390.712600
-268.941500 358.026800 -243.770600 389.682000
-269.220400 355.348600 -244.053700 388.537400
-269.448800 352.477300 -244.315200 387.261000
-269.718000 349.407100 -244.607500 385.843900
-269.985700 346.177700 -244.932100 384.273000
-270.257600 342.841000 -245.288100 382.539200
-270.518100 339.408900 -245.648800 380.596900
-270.754500 335.850800 -246.016500 378.492300
-270.955500 332.279200 -246.426900 376.233500
-271.100700 328.699800 -246.808800 373.765500
-271.205200 325.126400 -247.197400 371.099200
-271.267700 321.587300 -247.590100 368.244200
-271.275200 318.070500 -247.973700 365.184900
-271.222900 314.582000 -248.328500 361.962300
-271.120000 311.120600 -248.644000 358.628100
-270.978000 307.683800 -248.881100 355.192800
-270.782700 304.265600 -249.086600 351.630800
-270.528600 300.853100 -249.266500 348.055500
-270.242000 297.429400 -249.389300 344.474900
-269.919600 293.989900 -249.538900 340.901400
-269.545200 290.528500 -249.590100 337.360300
-269.141700 287.042100 -249.620100 333.841900
-268.688300 283.528200 -249.640400 330.351500
-268.188900 279.998100 -249.623300 326.886700
-267.644900 276.438400 -249.510800 323.447300
-267.060700 272.864800 -249.356400 320.025800
-266.415600 269.267600 -249.167900 316.608100
-265.703700 265.659900 -248.915600 313.180700
-264.933700 262.028500 -248.581700 309.741300
-264.083600 258.356100 -248.241900 306.276200
-263.198600 254.694500 -247.838200 302.789400
-262.249500 251.044300 -247.393300 299.273700
-261.237300 247.429800 -246.880800 295.744500
-260.189300 243.839800 -246.306100 292.189100
-259.094000 240.246100 -245.702200 288.618300
-257.955600 236.666200 -245.048800 285.022100
-256.772700 233.104800 -244.274800 281.426200
-255.531300 229.548500 -243.508300 277.793600
-254.248400 226.028100 -242.637800 274.126100
-252.919100 222.544000 -241.744100 270.466200
-251.574800 219.079600 -240.828900 266.807300
-250.208800 215.633800 -239.864500 263.179400
-248.823500 212.212300 -238.888900 259.568900
-247.396200 208.816100 -237.857300 255.956500
-245.924600 205.438400 -236.811200 252.348200
-244.407500 202.096000 -235.707900 248.761300
-242.864900 198.761700 -234.576000 245.168600
-241.279000 195.474400 -233.386500 241.615800
-239.649300 192.235800 -232.122300 238.107900
-237.983200 189.035400 -230.849100 234.617400
-236.298900 185.858800 -229.578500 231.136900
-234.588400 182.702700 -228.227100 227.702200
-232.835600 179.589900 -226.863900 224.281400
-231.009300 176.491000 -225.424500 220.891300
-229.111700 173.245900 -223.960000 217.527300
-227.176300 170.021800 -222.481800 214.165200
-225.177100 166.838100 -220.937700 210.858700
-223.121100 163.678300 -219.331300 207.609100
-221.021800 160.583500 -217.682800 204.401200
-218.906700 157.528200 -216.033600 201.207400
-216.758300 154.516100 -214.343800 198.042500
-214.598900 151.542200 -212.677200 194.884500
-212.419400 148.613400 -210.922300 191.745700
-210.228200 145.723000 -209.053300 188.485300
-207.984500 142.875200 -207.135700 185.253400
-205.709300 140.044600 -205.177400 182.048400
-203.367700 137.252600 -203.157600 178.869300
-200.986900 134.476000 -201.137000 175.726200
-198.545200 131.709700 -199.065800 172.645000
-196.059300 128.939500 -196.984500 169.591700
-193.510200 126.196800 -194.859400 166.596500
-190.897300 123.468900 -192.704100 163.653800
-188.227400 120.762000 -190.530500 160.754400
-185.497000 118.076800 -188.277700 157.918100
-182.724000 115.414700 -186.033800 155.066500
-179.874900 112.756200 -183.719000 152.257600
-176.963500 110.129700 -181.350500 149.475800
-174.022700 107.478800 -178.965900 146.665500
-171.062700 104.830200 -176.567600 143.826100
-168.072200 102.205400 -174.076200 141.035300
-165.063500 99.572080 -171.580800 138.206200
-162.094200 96.925240 -169.069100 135.359000
-159.158100 94.245620 -166.562700 132.468800
-156.222000 91.591220 -164.054500 129.561500
-153.302600 88.949020 -161.538100 126.592900
-150.415700 86.290970 -159.008300 123.602400
-147.525700 83.616700 -156.458800 120.578700
-144.616800 80.967880 -153.876800 117.564700
-141.680000 78.334030 -151.271000 114.563100
-138.744900 75.701910 -148.683800 111.520400
-135.803000 73.066790 -146.066200 108.531000
-132.863800 70.434610 -143.472800 105.523100
-129.933000 67.796650 -140.881300 102.536100
-127.009300 65.165490 -138.279600 99.584440
-124.094300 62.565200 -135.724000 96.610830
-121.185800 59.961850 -133.151700 93.633690
-118.275800 57.358150 -130.565600 90.673720
-115.383500 54.746480 -127.971200 87.707050
-112.487100 52.132910 -125.389100 84.731010
-109.563100 49.507800 -122.831200 81.727160
-106.649400 46.882310 -120.268800 78.731300
-103.717200 44.240620 -117.721800 75.725970
-100.776700 41.607720 -115.132500 72.768770
-97.815960 38.955960 -112.582900 69.813460
-94.863170 36.299440 -110.055000 66.841320
-91.884440 33.643060 -107.508800 63.885130
-88.909720 30.989760 -104.949500 60.950910
-85.917480 28.322680 -102.415900 57.987740
-82.929050 25.668410 -99.881700 54.988840
-79.941980 23.038030 -97.316800 52.026400
-76.962720 20.421650 -94.691040 49.086020
-74.007520 17.823510 -92.058410 46.148900
-71.092400 15.226900 -89.469410 43.137750
-68.209240 12.634500 -86.929230 40.087110
-65.354250 10.051970 -84.394990 37.008830
-62.542350 7.481356 -81.807330 33.982530
-59.754040 4.927046 -79.278460 30.877660
-57.009180 2.422195 -76.737570 27.795920
-54.340090 0.009828 -74.110940 24.810140
-51.766990 -2.296378 -71.521600 21.811000
-49.260900 -4.526641 -68.972270 18.817180
-46.853800 -6.677798 -66.436870 15.851220
-44.569730 -8.685225 -63.888130 12.932750
-42.404320 -10.528340 -61.270880 10.115610
-40.364200 -12.198710 -58.616670 7.388758
-38.389800 -13.695430 -55.997140 4.668777
-36.423220 -15.003710 -53.213580 2.214665
-34.423200 -16.097900 -50.280340 0.143516
-32.364650 -16.913830 -47.269490 -1.518263
-30.265120 -17.411740 -44.109030 -2.615287
-28.163420 -17.604910 -40.974800 -3.334787
-26.110560 -17.459960 -37.954770 -3.492626
-24.143360 -16.987220 -35.147450 -3.145326
-22.296980 -16.217800 -32.613510 -2.486828
-20.604650 -15.231400 -30.418490 -1.406766
-19.008910 -14.153640 -28.335880 -0.356579
-17.427180 -13.090130 -26.275200 0.498497
-15.874640 -12.069320 -24.322820 1.523625
-14.363580 -11.106930 -22.376340 2.434568
-12.922670 -10.242620 -20.520330 3.409592
-11.574780 -9.466819 -18.650340 4.241041
-10.317910 -8.788752 -16.851550 5.115764
-9.188230 -8.193104 -14.984080 5.805700
-8.211014 -7.716742 -13.124160 6.399042
-7.426664 -7.335419 -11.317800 7.048666
-6.732949 -7.004384 -9.522123 7.674723
-6.081177 -6.624412 -7.803177 8.374050
-5.489078 -6.233971 -6.197674 9.159000
-4.934984 -5.802268 -4.713867 9.940181
-4.339961 -5.285216 -3.400995 10.769090
-3.697865 -4.592905 -2.266220 11.633750
-3.037676 -3.769289 -1.325117 12.495330
-2.408137 -2.790908 -0.593029 13.291840
-1.801721 -1.625169 -0.103305 14.010050
-1.269630 -0.215074 0.269301 14.680620
-0.812186 1.417145 0.567379 15.371680
-0.577413 3.304554 0.773096 16.050090
-0.470925 5.426109 0.921123 16.736540
-0.476637 7.694492 1.032855 17.517550
-0.570738 10.119870 1.144435 18.457230
-0.648451 12.686750 1.255690 19.508770
-0.748385 15.378500 1.378024 20.666510
-0.860824 18.191740 1.506794 21.975560
-0.998219 21.084400 1.647975 23.476010
-1.176238 24.100490 1.794138 25.166170
-1.395968 27.224660 1.910158 27.064230
-1.640741 30.420880 2.042350 29.184140
-1.879320 33.664680 2.207794 31.445910
-2.150183 36.923590 2.343304 33.868840
-2.397389 40.249040 2.487508 36.432380
-2.638864 43.594280 2.652210 39.119110
-2.848280 46.962570 2.867254 41.926280
-3.041372 50.356970 3.124741 44.810760
-3.212653 53.820380 3.376619 47.821770
-3.380992 57.307360 3.652727 50.940440
-3.567609 60.834770 3.893740 54.135410
-3.786600 64.385720 4.151447 57.377540
-3.981904 67.973540 4.409990 60.637630
-4.173959 71.565920 4.725816 63.956530
-4.396788 75.106490 4.979101 67.301000
-4.593996 78.623730 5.295671 70.661820
-4.800834 82.136440 5.561552 74.050940
-5.016400 85.597270 5.779484 77.510730
-5.214554 89.008160 6.134973 80.982490
-5.369648 92.435540 6.529108 84.489680
-5.524006 95.827610 6.856886 88.030670
