0.000000 -0.000000 0.000000 0.000000
0.287920 2.986691 0.274297 2.979886
0.971569 5.887651 0.937282 5.883814
2.050498 8.646240 1.993747 8.645321
3.483068 11.215600 3.400437 11.220090
5.252124 13.530580 5.178830 13.518410
7.315983 15.554830 7.214279 15.553210
9.617499 17.248350 9.498435 17.265120
12.138440 18.605410 12.015190 18.654090
14.845670 19.655580 14.733910 19.736460
17.710960 20.442900 17.605730 20.548720
20.708720 20.958900 20.636970 21.085150
23.853650 21.214680 23.818270 21.348970
27.127230 21.215640 27.130500 21.370370
30.502910 21.029600 30.535010 21.234550
33.942320 20.718590 34.016730 20.989590
37.526800 20.278900 37.676850 20.577870
41.305500 19.746480 41.517170 20.032760
45.281370 19.137530 45.572050 19.500260
49.442010 18.473180 49.808060 18.909720
53.784140 17.768220 54.221680 18.264280
58.319700 17.046980 58.829380 17.633040
63.045640 16.314830 63.636450 17.008840
67.933580 15.564290 68.575670 16.316890
72.949570 14.807080 73.643680 15.579970
78.112070 14.037650 78.852420 14.820960
83.403150 13.249300 84.192940 14.106940
88.827470 12.428430 89.682090 13.393650
94.384170 11.569350 95.279140 12.518390
100.052700 10.639880 100.985600 11.658580
105.791000 9.611618 106.769700 10.679740
111.620600 8.486629 112.634500 9.570096
117.518200 7.246929 118.564000 8.363095
123.481700 5.883248 124.576500 7.093334
129.500400 4.402279 130.512800 5.247821
135.583700 2.806947 136.652700 3.778336
141.730400 1.132152 142.840800 2.148616
147.930500 -0.644931 149.065300 0.374401
154.181200 -2.533182 155.370600 -1.427549
160.473700 -4.525316 161.721900 -3.323567
166.825700 -6.614701 168.133800 -5.294256
173.224500 -8.806086 174.598100 -7.363903
179.671400 -11.085600 181.063600 -9.656428
186.169900 -13.447970 187.603500 -11.967000
192.708700 -15.908790 194.196600 -14.361710
199.295800 -18.474840 200.840600 -16.774870
205.877000 -21.127230 207.493900 -19.315830
212.474400 -23.878960 214.144100 -21.949440
219.085400 -26.695130 220.802800 -24.655210
225.674300 -29.566300 227.459100 -27.405430
232.258400 -32.511370 234.002400 -30.429200
238.826600 -35.515520 240.348700 -33.846120
245.357100 -38.591140 246.900500 -36.861890
251.842400 -41.746310 253.487900 -39.779560
258.295100 -44.977770 259.985300 -42.949020
264.734000 -48.300070 266.529400 -46.110930
271.174400 -51.720410 273.005100 -49.495380
277.658000 -55.253110 279.513600 -53.020410
284.188500 -58.892510 286.132300 -56.554640
290.770400 -62.649290 292.805700 -60.231230
297.421200 -66.505210 299.550600 -63.963660
304.114100 -70.451700 306.334300 -67.830410
310.871400 -74.512450 313.224200 -71.730280
317.638300 -78.729880 320.145500 -75.742070
324.412000 -83.100090 327.014800 -79.985110
331.147700 -87.570510 333.894300 -84.244470
337.838900 -92.151540 340.641200 -88.745940
344.489200 -96.836160 347.396500 -93.298990
351.109400 -101.590900 354.091500 -97.970890
357.680900 -106.441100 360.730900 -102.732700
364.205100 -111.363100 367.327300 -107.539100
370.654300 -116.349400 373.868100 -112.403600
377.044400 -121.373300 380.345100 -117.295800
383.353100 -126.497900 386.766000 -122.293600
389.648900 -131.627300 393.146100 -127.286700
395.838500 -136.824400 399.462100 -132.339100
401.977500 -142.068800 405.785200 -137.366200
408.063900 -147.386100 411.987300 -142.544600
414.119900 -152.725600 418.076900 -147.837500
420.140100 -158.070100 424.124200 -153.152100
426.135700 -163.442300 429.958300 -158.700900
432.096100 -168.831000 435.777300 -164.229300
438.042000 -174.202900 441.627700 -169.695600
444.039200 -179.520000 447.489200 -175.187300
450.064000 -184.791600 453.347100 -180.646900
456.158000 -189.992400 459.336300 -185.959700
462.246200 -195.183000 465.363500 -191.225700
468.350900 -200.337600 471.259900 -196.610500
474.468300 -205.478700 477.172000 -201.998000
480.606000 -210.588600 483.205600 -207.231000
486.757700 -215.677000 489.156400 -212.555500
492.916600 -220.757600 495.138000 -217.850100
499.072200 -225.827000 501.091700 -223.176200
505.239000 -230.914300 507.110000 -228.425300
511.393900 -235.996900 513.049000 -233.762200
517.549300 -241.076200 518.987200 -239.094900
523.710600 -246.155700 524.975200 -244.381800
529.865100 -251.222800 530.933800 -249.697800
536.037700 -256.292500 536.833900 -255.081200
542.213600 -261.366100 542.910000 -260.274000
548.376000 -266.436600 548.889800 -265.580200
554.549300 -271.525400 554.954000 -270.796100
560.720400 -276.614600 560.904800 -276.151600
566.895900 -281.702100 566.929500 -281.417500
573.077300 -286.787100 572.892400 -286.768900
579.254000 -291.852900 578.889100 -292.052300
585.438300 -296.913900 584.986700 -297.255400
591.610800 -301.938300 591.046100 -302.370800
597.802700 -306.948800 597.041200 -307.621300
604.002400 -311.952300 603.024900 -312.899600
610.204100 -316.963500 609.006100 -318.176300
616.401400 -321.978100 615.022600 -323.406700
622.606700 -326.989100 620.997500 -328.702100
628.813800 -331.994200 627.048200 -333.914400
635.032400 -336.999800 633.049000 -339.161600
641.237400 -341.988600 639.144900 -344.298000
647.445400 -346.968600 645.032700 -349.652700
653.662300 -351.935500 651.062400 -354.854600
659.877900 -356.880600 657.082800 -360.053800
666.112000 -361.828900 663.067200 -365.301200
672.350500 -366.769500 669.122000 -370.481000
678.587600 -371.720300 675.133000 -375.711400
684.819800 -376.684200 681.125800 -380.965200
691.040800 -381.648800 687.164500 -386.160800
697.271000 -386.614300 693.191600 -391.373300
703.506500 -391.568600 699.225300 -396.577700
709.744100 -396.517700 705.278000 -401.759100
715.983900 -401.433800 711.223000 -407.023100
722.229600 -406.329600 717.214500 -412.240300
728.498300 -411.207700 723.223600 -417.442500
734.766400 -416.073400 729.238100 -422.624200
741.047900 -420.934000 735.254900 -427.817800
747.328900 -425.791700 741.305300 -432.968100
753.611600 -430.654100 747.396100 -438.079400
759.909100 -435.497600 753.442800 -443.247500
766.234600 -440.329500 759.455300 -448.464200
772.573000 -445.140400 765.510800 -453.631200
778.917600 -449.932200 771.595400 -458.754900
785.270600 -454.711000 777.621500 -463.935500
791.604400 -459.487600 783.689100 -469.039500
797.914000 -464.271400 789.780600 -474.091800
804.202800 -469.044800 795.831200 -479.164600
810.490200 -473.819600 801.784300 -484.361000
816.791500 -478.590500 807.705600 -489.593900
823.116400 -483.340400 813.718700 -494.744600
829.464500 -488.061400 819.766200 -499.860000
835.854100 -492.776100 825.792900 -505.041400
842.262300 -497.485400 831.933500 -510.110100
848.682700 -502.196400 838.031600 -515.234200
855.114700 -506.913500 844.055200 -520.458900
861.557000 -511.637000 849.819100 -525.979100
868.011600 -516.355400 855.519700 -531.511700
874.441900 -521.049300 861.608600 -536.640500
880.882200 -525.706500 867.633300 -541.809700
887.323800 -530.307900 869.840700 -543.377900
893.755000 -534.861900 871.841000 -545.086700
900.174200 -539.374300 869.878100 -543.372300
906.591000 -543.848100 876.035200 -548.200100
912.989900 -548.291900 878.174400 -549.670100
919.400600 -552.731200 884.290100 -554.519800
925.806600 -557.125700 890.388600 -559.328100
932.226300 -561.535200 896.178400 -564.474700
938.632500 -565.932700 902.298500 -569.290500
945.057500 -570.322000 908.411100 -574.126300
951.507700 -574.710200 914.497200 -579.015200
957.980400 -579.074900 920.567000 -583.932600
964.464000 -583.424600 926.706300 -588.783300
970.963300 -587.758200 932.870200 -593.575100
977.455300 -592.093300 939.078200 -598.324100
983.961700 -596.421100 945.261300 -603.110100
990.461700 -600.766400 951.399100 -607.966700
996.966300 -605.096100 957.555800 -612.787600
1003.471000 -609.407800 963.724600 -617.562700
1009.973000 -613.695400 969.961500 -622.223800
1016.458000 -617.959200 976.095200 -626.981300
1022.925000 -622.217200 982.203000 -631.731400
1029.367000 -626.452700 988.275100 -636.477900
1035.804000 -630.641600 994.306300 -641.211700
1042.231000 -634.798800 1000.450000 -645.790100
1048.656000 -638.946200 1006.602000 -650.325800
1055.084000 -643.051500 1012.598000 -655.044400
1061.525000 -647.144100 1018.539000 -659.836800
1067.966000 -651.185500 1024.657000 -664.354400
1074.401000 -655.235300 1030.774000 -668.884300
1080.840000 -659.293400 1036.768000 -673.570500
1087.270000 -663.328400 1042.756000 -678.228600
1093.718000 -667.347400 1048.835000 -682.810000
1100.195000 -671.340900 1054.973000 -687.318200
1106.668000 -675.317100 1061.083000 -691.833900
1113.157000 -679.272000 1067.292000 -696.232200
1119.659000 -683.201000 1073.556000 -700.550200
1126.198000 -687.131900 1079.762000 -705.000600
1132.753000 -691.046400 1085.980000 -709.452700
1139.341000 -694.955400 1092.261000 -713.852400
1145.954000 -698.852200 1098.503000 -718.333100
1152.585000 -702.740800 1104.744000 -722.840900
1159.229000 -706.637800 1110.978000 -727.379200
1165.886000 -710.538400 1117.365000 -731.731800
1172.562000 -714.459000 1123.691000 -736.213300
1179.271000 -718.394000 1130.047000 -740.735900
1186.021000 -722.344800 1136.468000 -745.220900
1192.784000 -726.294800 1142.915000 -749.716200
1199.585000 -730.258400 1149.381000 -754.230600
1206.417000 -734.212600 1155.842000 -758.787200
1213.283000 -738.159200 1162.396000 -763.243400
1220.173000 -742.105200 1168.967000 -767.718900
1227.101000 -746.027900 1175.536000 -772.230900
1234.074000 -749.929400 1182.165000 -776.723300
1241.082000 -753.823500 1188.846000 -781.177400
1248.123000 -757.717500 1195.536000 -785.674700
1255.209000 -761.611600 1202.281000 -790.168700
1262.318000 -765.501500 1208.993000 -794.764600
1269.473000 -769.393200 1215.790000 -799.247800
1276.670000 -773.287000 1222.665000 -803.702600
1283.885000 -777.170800 1229.480000 -808.255600
1291.103000 -781.040700 1236.296000 -812.802700
1298.329000 -784.899000 1243.138000 -817.316700
1305.561000 -788.742100 1249.981000 -821.801400
1312.794000 -792.571300 1256.843000 -826.277200
1320.032000 -796.384600 1263.675000 -830.779900
1327.287000 -800.172300 1270.511000 -835.287000
1334.542000 -803.950000 1277.371000 -839.741300
1341.797000 -807.723100 1284.213000 -844.206100
1349.058000 -811.481900 1291.043000 -848.710700
1356.319000 -815.232700 1297.875000 -853.197400
1363.568000 -818.960500 1304.683000 -857.655300
1370.797000 -822.663500 1311.545000 -861.991300
1378.014000 -826.342400 1318.346000 -866.387700
1385.241000 -830.002800 1325.130000 -870.801700
1392.473000 -833.639800 1331.914000 -875.221800
1399.712000 -837.258600 1338.666000 -879.670500
1406.940000 -840.856000 1345.421000 -884.085600
1414.145000 -844.419900 1352.189000 -888.404100
1421.338000 -847.958700 1358.915000 -892.760100
1428.540000 -851.473700 1365.627000 -897.132700
1435.735000 -854.974700 1372.350000 -901.467300
1442.936000 -858.462100 1379.046000 -905.829100
1450.116000 -861.922600 1385.720000 -910.177500
1457.288000 -865.353900 1392.344000 -914.550900
1464.432000 -868.758100 1398.984000 -918.832900
1471.550000 -872.135000 1405.600000 -923.096000
1478.642000 -875.485100 1412.217000 -927.277600
1485.696000 -878.796500 1418.799000 -931.420000
1492.712000 -882.085000 1425.307000 -935.587500
1499.686000 -885.346400 1431.808000 -939.671600
1506.608000 -888.579300 1438.271000 -943.730500
1513.510000 -891.787400 1444.670000 -947.819700
1520.388000 -894.966500 1451.101000 -951.814100
1527.242000 -898.117000 1457.437000 -955.889500
1534.067000 -901.240100 1463.782000 -959.867800
1540.873000 -904.334900 1470.060000 -963.900100
1547.641000 -907.393900 1476.381000 -967.759100
1554.374000 -910.425200 1482.706000 -971.543600
1561.071000 -913.426300 1488.915000 -975.427400
1567.716000 -916.424100 1495.049000 -979.332500
1574.331000 -919.426300 1501.228000 -983.141100
1580.910000 -922.431500 1507.389000 -986.930500
1587.477000 -925.449400 1513.525000 -990.719900
1593.998000 -928.484000 1519.606000 -994.534500
1600.456000 -931.552300 1525.500000 -998.553500
1606.851000 -934.653500 1531.429000 -1002.453000
1613.177000 -937.795300 1537.270000 -1006.400000
1619.446000 -940.960600 1543.045000 -1010.348000
1625.639000 -944.138700 1548.740000 -1014.328000
1631.780000 -947.302000 1554.373000 -1018.305000
1637.876000 -950.461600 1559.970000 -1022.250000
1643.920000 -953.598100 1565.506000 -1026.185000
1649.931000 -956.702500 1570.998000 -1030.106000
1655.907000 -959.742900 1576.447000 -1033.978000
1661.857000 -962.732200 1581.878000 -1037.828000
1667.828000 -965.652000 1587.397000 -1041.499000
1673.786000 -968.517000 1592.988000 -1045.035000
1679.740000 -971.331200 1598.448000 -1048.687000
1685.682000 -974.128800 1603.920000 -1052.302000
1691.585000 -976.910500 1609.339000 -1055.913000
1697.460000 -979.678900 1614.732000 -1059.523000
1703.321000 -982.431100 1620.097000 -1063.106000
1709.144000 -985.145100 1625.435000 -1066.675000
1714.950000 -987.831400 1630.731000 -1070.247000
1720.748000 -990.466700 1636.032000 -1073.769000
1726.528000 -993.063100 1641.313000 -1077.237000
1732.261000 -995.615600 1646.538000 -1080.678000
1737.915000 -998.126400 1651.662000 -1084.072000
1743.475000 -1000.590000 1656.763000 -1087.325000
1748.971000 -1002.990000 1661.800000 -1090.543000
1754.388000 -1005.375000 1666.734000 -1093.783000
1759.751000 -1007.751000 1671.610000 -1096.986000
1764.998000 -1010.123000 1676.362000 -1100.171000
1770.113000 -1012.467000 1681.003000 -1103.268000
1775.097000 -1014.785000 1685.555000 -1106.282000
1779.954000 -1017.080000 1690.038000 -1109.154000
1784.649000 -1019.347000 1694.287000 -1112.083000
1789.178000 -1021.604000 1698.362000 -1114.996000
1793.508000 -1023.881000 1702.294000 -1117.849000
1797.645000 -1026.269000 1706.001000 -1120.813000
1801.573000 -1028.814000 1709.491000 -1123.902000
1805.302000 -1031.525000 1712.771000 -1127.125000
1808.823000 -1034.439000 1715.786000 -1130.561000
1812.120000 -1037.563000 1718.545000 -1134.088000
1815.169000 -1040.921000 1721.125000 -1137.817000
1817.931000 -1044.484000 1723.349000 -1141.739000
1820.326000 -1048.207000 1725.225000 -1145.830000
1822.465000 -1052.152000 1726.701000 -1150.076000
1824.255000 -1056.260000 1727.832000 -1154.421000
1825.688000 -1060.491000 1728.597000 -1158.820000
1826.758000 -1064.825000 1728.989000 -1163.284000
1827.464000 -1069.230000 1729.008000 -1167.762000
1827.812000 -1073.687000 1728.678000 -1172.193000
1827.812000 -1078.165000 1728.008000 -1176.644000
1827.468000 -1082.643000 1726.957000 -1181.035000
1826.704000 -1087.072000 1725.624000 -1185.384000
1825.633000 -1091.489000 1723.907000 -1189.608000
1824.183000 -1095.811000 1721.714000 -1193.631000
1822.357000 -1099.995000 1719.236000 -1197.480000
1820.139000 -1103.994000 1716.484000 -1201.150000
1817.589000 -1107.799000 1713.388000 -1204.529000
1814.723000 -1111.351000 1710.050000 -1207.674000
1811.551000 -1114.626000 1706.426000 -1210.458000
1808.088000 -1117.606000 1702.543000 -1212.900000
1804.284000 -1120.246000 1698.449000 -1215.029000
1800.315000 -1122.623000 1694.150000 -1216.799000
1796.124000 -1124.692000 1689.659000 -1218.180000
1791.742000 -1126.471000 1685.049000 -1219.339000
1787.194000 -1127.955000 1680.314000 -1220.200000
1782.506000 -1129.180000 1675.485000 -1220.836000
1777.702000 -1130.193000 1670.558000 -1221.095000
1772.797000 -1131.038000 1665.554000 -1221.311000
1767.796000 -1131.740000 1660.487000 -1221.286000
1762.736000 -1132.348000 1655.387000 -1221.138000
1757.655000 -1132.885000 1650.277000 -1220.937000
1752.565000 -1133.366000 1645.165000 -1220.684000
1747.458000 -1133.818000 1640.043000 -1220.413000
1742.342000 -1134.251000 1634.914000 -1220.090000
1737.220000 -1134.667000 1629.784000 -1219.816000
1732.115000 -1135.064000 1624.689000 -1219.499000
1727.075000 -1135.441000 1619.667000 -1219.107000
1722.082000 -1135.788000 1614.701000 -1218.688000
1717.161000 -1136.086000 1609.812000 -1218.295000
1712.341000 -1136.271000 1605.044000 -1217.818000
1707.613000 -1136.285000 1600.423000 -1217.152000
1703.031000 -1136.085000 1595.970000 -1216.275000
1698.586000 -1135.613000 1591.679000 -1215.178000
1694.241000 -1134.791000 1587.492000 -1213.770000
1689.991000 -1133.671000 1583.466000 -1212.015000
1685.870000 -1132.171000 1579.533000 -1209.875000
1681.961000 -1130.284000 1575.950000 -1207.436000
1678.306000 -1127.996000 1572.690000 -1204.621000
1674.826000 -1125.267000 1569.726000 -1201.524000
1671.787000 -1122.274000 1567.134000 -1198.135000
1669.099000 -1118.972000 1564.932000 -1194.488000
1666.783000 -1115.408000 1563.108000 -1190.629000
1664.817000 -1111.609000 1561.644000 -1186.595000
1663.209000 -1107.637000 1560.571000 -1182.433000
1661.958000 -1103.507000 1559.855000 -1178.076000
1661.115000 -1099.284000 1559.629000 -1173.757000
1660.724000 -1094.939000 1559.790000 -1169.386000
1660.665000 -1090.516000 1560.380000 -1165.045000
1661.140000 -1086.159000 1561.660000 -1160.833000
1662.049000 -1081.841000 1563.092000 -1156.620000
1663.374000 -1077.556000 1561.821000 -1153.357000
1665.055000 -1073.325000 1563.095000 -1149.912000
1667.040000 -1069.131000 1564.496000 -1146.453000
1669.233000 -1064.989000 1568.190000 -1143.529000
1671.640000 -1060.840000 1571.908000 -1140.457000
1674.135000 -1056.683000 1575.775000 -1137.464000
1676.716000 -1052.451000 1579.686000 -1134.370000
1679.381000 -1048.145000 1583.738000 -1131.333000
