0.000000 -0.000000 0.000000 0.000000
0.287920 2.986691 0.274289 2.976381
0.971569 5.887651 0.926598 5.884005
2.050498 8.646240 1.948862 8.658664
3.483068 11.215600 3.319958 11.250410
5.252124 13.530580 5.012841 13.612050
7.315983 15.554830 7.058219 15.635020
9.617499 17.248350 9.396369 17.255240
12.138440 18.605410 11.889250 18.622000
14.845670 19.655580 14.609170 19.699540
17.710960 20.442900 17.467800 20.559470
20.708720 20.958900 20.500220 21.100920
23.853650 21.214680 23.678640 21.392440
27.127230 21.215640 26.986640 21.514730
30.502910 21.029600 30.390750 21.371280
33.942320 20.718590 33.871890 21.116070
37.526800 20.278900 37.529480 20.684890
41.305500 19.746480 41.375440 20.172810
45.281370 19.137530 45.419030 19.557450
49.442010 18.473180 49.658760 18.991230
53.784140 17.768220 54.072400 18.352400
58.319700 17.046980 58.669430 17.645920
63.045640 16.314830 63.470010 16.971790
67.933580 15.564290 68.417970 16.348150
72.949570 14.807080 73.501900 15.735320
78.112070 14.037650 78.722040 15.055770
83.403150 13.249300 84.075970 14.454970
88.827470 12.428430 89.557570 13.691800
94.384170 11.569350 95.162730 12.873060
100.052700 10.639880 100.873000 12.040770
105.791000 9.611618 106.651200 11.027170
111.620600 8.486629 112.531700 9.997167
117.518200 7.246929 118.468100 8.824618
123.481700 5.883248 124.497500 7.640930
129.500400 4.402279 130.612500 6.447465
135.583700 2.806947 136.676200 4.718869
141.730400 1.132152 142.892000 3.199260
147.930500 -0.644931 149.135700 1.493486
154.181200 -2.533182 155.422800 -0.367451
160.473700 -4.525316 161.774300 -2.263327
166.825700 -6.614701 168.198800 -4.178861
173.224500 -8.806086 174.661500 -6.252134
179.671400 -11.085600 181.204800 -8.318256
186.169900 -13.447970 187.763200 -10.577160
192.708700 -15.908790 194.325700 -13.055960
199.295800 -18.474840 201.001400 -15.384280
205.877000 -21.127230 207.643600 -17.951080
212.474400 -23.878960 214.400800 -20.293760
219.085400 -26.695130 221.061600 -22.995060
225.674300 -29.566300 227.733800 -25.707900
232.258400 -32.511370 234.369100 -28.540740
238.826600 -35.515520 240.906900 -31.600910
245.357100 -38.591140 247.516200 -34.490480
251.842400 -41.746310 253.996500 -37.588290
258.295100 -44.977770 260.551500 -40.618450
264.734000 -48.300070 267.152000 -43.653370
271.174400 -51.720410 273.732700 -46.826440
277.658000 -55.253110 280.385200 -50.078910
284.188500 -58.892510 287.079400 -53.467920
290.770400 -62.649290 293.789500 -57.080500
297.421200 -66.505210 300.633500 -60.630080
304.114100 -70.451700 307.530000 -64.290830
310.871400 -74.512450 314.475400 -68.090300
317.638300 -78.729880 321.385700 -72.121570
324.412000 -83.100090 328.403300 -76.118060
331.147700 -87.570510 335.323300 -80.312380
337.838900 -92.151540 342.058400 -84.833270
344.489200 -96.836160 348.806200 -89.397760
351.109400 -101.590900 355.548700 -94.001000
357.680900 -106.441100 362.351700 -98.526270
364.205100 -111.363100 364.753000 -99.854500
370.654300 -116.349400 371.448300 -104.503000
377.044400 -121.373300 378.173300 -109.044900
383.353100 -126.497900 382.985900 -112.449000
389.648900 -131.627300 387.387000 -115.589000
395.838500 -136.824400 394.367600 -117.961700
401.977500 -142.068800 401.789000 -120.121200
408.063900 -147.386100 408.023400 -125.241000
414.119900 -152.725600 411.042500 -131.084600
420.140100 -158.070100 411.816600 -137.848600
426.135700 -163.442300 418.589700 -140.489700
432.096100 -168.831000 424.688200 -145.723500
438.042000 -174.202900 430.793600 -150.916100
444.039200 -179.520000 436.831800 -156.189700
450.064000 -184.791600 443.100900 -161.166900
456.158000 -189.992400 449.389500 -166.134400
462.246200 -195.183000 455.743200 -170.995500
468.350900 -200.337600 461.986400 -175.976600
474.468300 -205.478700 468.120000 -181.101900
480.606000 -210.588600 474.234600 -186.239700
486.757700 -215.677000 480.331900 -191.393500
492.916600 -220.757600 486.532100 -196.427800
499.072200 -225.827000 492.851900 -201.295500
505.239000 -230.914300 499.149400 -206.221000
511.393900 -235.996900 505.492800 -211.062500
517.549300 -241.076200 511.678900 -216.108000
523.710600 -246.155700 517.979200 -221.017400
529.865100 -251.222800 524.377700 -225.740600
536.037700 -256.292500 530.532000 -230.827300
542.213600 -261.366100 536.836000 -235.728200
548.376000 -266.436600 543.077100 -240.703200
554.549300 -271.525400 549.259500 -245.780300
560.720400 -276.614600 555.320600 -251.000800
566.895900 -281.702100 561.448200 -256.150100
573.077300 -286.787100 567.498000 -261.393900
579.254000 -291.852900 573.542100 -266.620400
585.438300 -296.913900 579.585600 -271.852800
591.610800 -301.938300 585.766100 -276.870800
597.802700 -306.948800 591.778000 -282.103700
604.002400 -311.952300 597.751800 -287.376100
610.204100 -316.963500 603.774200 -292.607800
616.401400 -321.978100 609.782200 -297.843000
622.606700 -326.989100 615.855700 -303.018100
628.813800 -331.994200 621.890800 -308.236900
635.032400 -336.999800 627.976300 -313.409400
641.237400 -341.988600 634.018400 -318.599900
647.445400 -346.968600 640.039700 -323.813100
653.662300 -351.935500 646.106200 -328.962300
659.877900 -356.880600 652.113100 -334.164200
666.112000 -361.828900 658.156900 -339.339400
672.350500 -366.769500 664.192800 -344.533700
678.587600 -371.720300 670.263900 -349.691100
684.819800 -376.684200 676.232800 -354.975500
691.040800 -381.648800 682.271300 -360.167500
697.271000 -386.614300 688.262700 -365.423800
703.506500 -391.568600 694.495000 -370.389400
709.744100 -396.517700 700.629200 -375.473400
715.983900 -401.433800 706.519900 -380.801100
722.229600 -406.329600 712.451200 -386.079500
728.498300 -411.207700 718.681500 -391.013800
734.766400 -416.073400 724.649100 -396.238000
741.047900 -420.934000 730.755500 -401.319600
747.328900 -425.791700 736.804400 -406.468200
753.611600 -430.654100 742.718900 -411.773200
759.909100 -435.497600 748.654400 -417.055600
766.234600 -440.329500 754.702800 -422.228400
772.573000 -445.140400 760.830000 -427.298500
778.917600 -449.932200 767.067000 -432.225300
785.270600 -454.711000 773.064000 -437.448200
791.604400 -459.487600 779.318700 -442.321300
797.914000 -464.271400 785.430500 -447.360000
804.202800 -469.044800 791.430800 -452.490900
810.490200 -473.819600 797.752200 -457.205200
816.791500 -478.590500 803.572800 -462.548500
823.116400 -483.340400 809.713200 -467.536300
829.464500 -488.061400 816.048200 -469.958600
835.854100 -492.776100 822.630600 -474.364100
842.262300 -497.485400 828.733800 -479.458100
848.682700 -502.196400 834.867600 -484.540400
855.114700 -506.913500 840.732300 -489.947200
861.557000 -511.637000 846.934000 -494.984700
868.011600 -516.355400 852.945200 -500.229000
874.441900 -521.049300 859.143200 -505.223300
880.882200 -525.706500 865.155000 -510.388000
887.323800 -530.307900 867.286100 -512.061700
893.755000 -534.861900 861.157800 -507.104400
900.174200 -539.374300 855.204700 -501.991900
906.591000 -543.848100 849.212300 -496.956200
912.989900 -548.291900 855.178200 -501.973500
919.400600 -552.731200 861.300600 -506.796200
925.806600 -557.125700 867.084900 -511.975600
932.226300 -561.535200 872.777100 -517.263400
938.632500 -565.932700 878.813300 -522.168200
945.057500 -570.322000 880.742200 -523.906900
951.507700 -574.710200 886.526500 -529.141900
957.980400 -579.074900 890.585900 -532.388300
964.464000 -583.424600 893.182300 -537.868600
970.963300 -587.758200 899.574700 -542.368300
977.455300 -592.093300 905.872700 -546.985600
983.961700 -596.421100 912.051700 -551.777900
990.461700 -600.766400 918.249100 -556.550600
996.966300 -605.096100 924.575100 -561.151800
1003.471000 -609.407800 930.809700 -565.863000
1009.973000 -613.695400 936.863700 -570.772500
1016.458000 -617.959200 943.147600 -575.354900
1022.925000 -622.217200 949.276400 -580.108200
1029.367000 -626.452700 955.443200 -584.759100
1035.804000 -630.641600 961.621600 -589.352300
1042.231000 -634.798800 967.461600 -594.291500
1048.656000 -638.946200 973.483900 -599.018400
1055.084000 -643.051500 979.287900 -603.966800
1061.525000 -647.144100 985.246700 -608.707500
1067.966000 -651.185500 991.489000 -613.084500
1074.401000 -655.235300 997.604900 -617.610000
1080.840000 -659.293400 1003.764000 -622.068800
1087.270000 -663.328400 1009.973000 -626.470800
1093.718000 -667.347400 1016.011000 -631.082200
1100.195000 -671.340900 1022.259000 -635.432400
1106.668000 -675.317100 1028.505000 -639.762000
1113.157000 -679.272000 1034.874000 -643.919500
1119.659000 -683.201000 1041.216000 -648.116800
1126.198000 -687.131900 1047.363000 -652.614700
1132.753000 -691.046400 1053.805000 -656.713600
1139.341000 -694.955400 1060.152000 -660.999200
1145.954000 -698.852200 1066.605000 -665.160800
1152.585000 -702.740800 1073.102000 -669.275200
1159.229000 -706.637800 1079.538000 -673.490900
1165.886000 -710.538400 1086.005000 -677.702400
1172.562000 -714.459000 1092.534000 -681.864900
1179.271000 -718.394000 1099.160000 -686.036900
1186.021000 -722.344800 1105.644000 -690.266600
1192.784000 -726.294800 1112.279000 -694.451300
1199.585000 -730.258400 1118.971000 -698.592700
1206.417000 -734.212600 1125.631000 -702.840100
1213.283000 -738.159200 1132.193000 -707.262900
1220.173000 -742.105200 1138.983000 -711.371700
1227.101000 -746.027900 1145.664000 -715.696400
1234.074000 -749.929400 1152.473000 -719.866800
1241.082000 -753.823500 1159.398000 -723.885500
1248.123000 -757.717500 1166.271000 -728.057700
1255.209000 -761.611600 1173.128000 -732.324900
1262.318000 -765.501500 1180.151000 -736.342200
1269.473000 -769.393200 1187.360000 -740.040800
1276.670000 -773.287000 1194.357000 -744.251500
1283.885000 -777.170800 1201.132000 -748.867300
1291.103000 -781.040700 1208.159000 -753.087400
1298.329000 -784.899000 1215.189000 -757.295400
1305.561000 -788.742100 1222.302000 -761.362600
1312.794000 -792.571300 1229.319000 -765.565100
1320.032000 -796.384600 1236.374000 -769.730700
1327.287000 -800.172300 1243.457000 -773.816400
1334.542000 -803.950000 1250.487000 -778.007000
1341.797000 -807.723100 1257.500000 -782.224200
1349.058000 -811.481900 1264.558000 -786.350000
1356.319000 -815.232700 1271.556000 -790.581700
1363.568000 -818.960500 1278.586000 -794.726500
1370.797000 -822.663500 1285.618000 -798.800800
1378.014000 -826.342400 1292.661000 -802.824300
1385.241000 -830.002800 1299.777000 -806.677200
1392.473000 -833.639800 1306.845000 -810.618700
1399.712000 -837.258600 1313.901000 -814.585400
1406.940000 -840.856000 1320.939000 -818.558200
1414.145000 -844.419900 1327.902000 -822.606000
1421.338000 -847.958700 1334.854000 -826.602600
1428.540000 -851.473700 1341.819000 -830.555900
1435.735000 -854.974700 1348.767000 -834.537600
1442.936000 -858.462100 1355.693000 -838.538700
1450.116000 -861.922600 1362.677000 -842.384400
1457.288000 -865.353900 1369.557000 -846.384400
1464.432000 -868.758100 1376.452000 -850.297800
1471.550000 -872.135000 1383.277000 -854.246900
1478.642000 -875.485100 1390.119000 -858.088500
1485.696000 -878.796500 1396.913000 -861.929000
1492.712000 -882.085000 1403.680000 -865.738900
1499.686000 -885.346400 1410.355000 -869.590400
1506.608000 -888.579300 1417.036000 -873.321300
1513.510000 -891.787400 1423.663000 -877.100600
1520.388000 -894.966500 1430.207000 -880.926500
1527.242000 -898.117000 1436.659000 -884.852500
1534.067000 -901.240100 1443.130000 -888.673900
1540.873000 -904.334900 1449.752000 -892.155700
1547.641000 -907.393900 1456.257000 -895.784400
1554.374000 -910.425200 1462.793000 -899.149400
1561.071000 -913.426300 1469.199000 -902.750400
1567.716000 -916.424100 1475.509000 -906.413600
1574.331000 -919.426300 1481.671000 -910.256500
1580.910000 -922.431500 1488.035000 -913.721600
1587.477000 -925.449400 1494.498000 -916.955500
1593.998000 -928.484000 1500.873000 -920.291100
1600.456000 -931.552300 1507.055000 -923.905300
1606.851000 -934.653500 1513.191000 -927.522900
1613.177000 -937.795300 1519.254000 -931.180000
1619.446000 -940.960600 1525.217000 -934.909500
1625.639000 -944.138700 1531.068000 -938.718000
1631.780000 -947.302000 1536.675000 -942.758800
1637.876000 -950.461600 1542.360000 -946.626200
1643.920000 -953.598100 1539.953000 -946.476100
1649.931000 -956.702500 1533.771000 -943.697600
1655.907000 -959.742900 1527.515000 -941.218900
1661.857000 -962.732200 1521.307000 -938.814100
1667.828000 -965.652000 1515.356000 -935.891700
1673.786000 -968.517000 1509.722000 -932.414700
1679.740000 -971.331200 1504.043000 -929.047200
1685.682000 -974.128800 1502.163000 -927.919800
1691.585000 -976.910500 1496.566000 -924.530600
1697.460000 -979.678900 1494.630000 -923.535600
1703.321000 -982.431100 1492.733000 -922.507900
1709.144000 -985.145100 1498.165000 -925.955200
1714.950000 -987.831400 1503.593000 -929.346300
1720.748000 -990.466700 1508.961000 -932.797300
1726.528000 -993.063100 1514.307000 -936.233500
1732.261000 -995.615600 1519.612000 -939.649600
1737.915000 -998.126400 1524.816000 -943.028200
1743.475000 -1000.590000 1529.953000 -946.352400
1748.971000 -1002.990000 1535.042000 -949.591800
1754.388000 -1005.375000 1540.080000 -952.747900
1759.751000 -1007.751000 1544.993000 -955.980100
1764.998000 -1010.123000 1549.869000 -959.121000
1770.113000 -1012.467000 1554.705000 -962.088400
1775.097000 -1014.785000 1559.340000 -965.116800
1779.954000 -1017.080000 1563.848000 -968.122200
1784.649000 -1019.347000 1568.150000 -971.174900
1789.178000 -1021.604000 1572.334000 -974.110300
1793.508000 -1023.881000 1576.362000 -976.999100
1797.645000 -1026.269000 1580.169000 -979.964200
1801.573000 -1028.814000 1583.699000 -983.086200
1805.302000 -1031.525000 1586.935000 -986.359700
1808.823000 -1034.439000 1589.977000 -989.788200
1812.120000 -1037.563000 1592.771000 -993.383800
1815.169000 -1040.921000 1595.266000 -997.174800
1817.931000 -1044.484000 1597.480000 -1001.128000
1820.326000 -1048.207000 1599.395000 -1005.203000
1822.465000 -1052.152000 1600.971000 -1009.421000
1824.255000 -1056.260000 1602.126000 -1013.754000
1825.688000 -1060.491000 1602.861000 -1018.121000
1826.758000 -1064.825000 1603.308000 -1022.576000
1827.464000 -1069.230000 1603.369000 -1027.054000
1827.812000 -1073.687000 1603.123000 -1031.529000
1827.812000 -1078.165000 1602.445000 -1035.964000
1827.468000 -1082.643000 1601.424000 -1040.343000
1826.704000 -1087.072000 1600.051000 -1044.654000
1825.633000 -1091.489000 1598.343000 -1048.872000
1824.183000 -1095.811000 1596.272000 -1052.931000
1822.357000 -1099.995000 1593.872000 -1056.825000
1820.139000 -1103.994000 1591.148000 -1060.494000
1817.589000 -1107.799000 1588.113000 -1063.942000
1814.723000 -1111.351000 1584.766000 -1067.064000
1811.551000 -1114.626000 1581.221000 -1069.940000
1808.088000 -1117.606000 1577.380000 -1072.406000
1804.284000 -1120.246000 1573.313000 -1074.529000
1800.315000 -1122.623000 1569.042000 -1076.284000
1796.124000 -1124.692000 1564.611000 -1077.729000
1791.742000 -1126.471000 1560.027000 -1078.822000
1787.194000 -1127.955000 1555.291000 -1079.522000
1782.506000 -1129.180000 1550.508000 -1080.104000
1777.702000 -1130.193000 1545.636000 -1080.425000
1772.797000 -1131.038000 1540.690000 -1080.594000
1767.796000 -1131.740000 1535.685000 -1080.773000
1762.736000 -1132.348000 1530.596000 -1080.645000
1757.655000 -1132.885000 1525.494000 -1080.524000
1752.565000 -1133.366000 1520.382000 -1080.415000
1747.458000 -1133.818000 1515.270000 -1080.270000
1742.342000 -1134.251000 1510.145000 -1080.149000
1737.220000 -1134.667000 1505.008000 -1080.116000
1732.115000 -1135.064000 1499.883000 -1079.836000
1727.075000 -1135.441000 1494.811000 -1079.658000
1722.082000 -1135.788000 1489.806000 -1079.340000
1717.161000 -1136.086000 1484.852000 -1079.056000
1712.341000 -1136.271000 1480.001000 -1078.804000
1707.613000 -1136.285000 1475.285000 -1078.293000
1703.031000 -1136.085000 1470.723000 -1077.584000
1698.586000 -1135.613000 1466.338000 -1076.593000
1694.241000 -1134.791000 1462.052000 -1075.326000
1689.991000 -1133.671000 1457.934000 -1073.724000
1685.870000 -1132.171000 1454.024000 -1071.721000
1681.961000 -1130.284000 1450.348000 -1069.364000
1678.306000 -1127.996000 1446.954000 -1066.691000
1674.826000 -1125.267000 1443.856000 -1063.713000
1671.787000 -1122.274000 1441.117000 -1060.426000
1669.099000 -1118.972000 1438.714000 -1056.904000
1666.783000 -1115.408000 1436.745000 -1053.002000
1664.817000 -1111.609000 1436.613000 -1049.198000
1663.209000 -1107.637000 1436.194000 -1045.127000
1661.958000 -1103.507000 1436.037000 -1040.990000
1661.115000 -1099.284000 1437.668000 -1037.102000
1660.724000 -1094.939000 1434.952000 -1034.939000
1660.665000 -1090.516000 1436.923000 -1031.384000
1661.140000 -1086.159000 1437.973000 -1029.772000
1662.049000 -1081.841000 1436.488000 -1027.932000
1663.374000 -1077.556000 1436.023000 -1023.906000
1665.055000 -1073.325000 1436.790000 -1019.868000
1667.040000 -1069.131000 1438.194000 -1016.456000
1669.233000 -1064.989000 1441.368000 -1013.026000
1671.640000 -1060.840000 1442.050000 -1009.606000
1674.135000 -1056.683000 1445.411000 -1006.133000
1676.716000 -1052.451000 1448.750000 -1002.483000
1679.381000 -1048.145000 1452.292000 -998.947900
