0.000000 -0.000000 0.000000 0.000000
0.287920 2.986691 0.214229 2.973465
0.971569 5.887651 0.900318 5.873504
2.050498 8.646240 1.932507 8.643861
3.483068 11.215600 3.317312 11.230920
5.252124 13.530580 5.128432 13.503060
7.315983 15.554830 8.007615 13.503650
9.617499 17.248350 5.220377 13.539900
12.138440 18.605410 4.255241 14.058810
14.845670 19.655580 3.227434 14.183490
17.710960 20.442900 5.953779 15.396170
20.708720 20.958900 8.862330 16.408770
23.853650 21.214680 11.935240 17.273730
27.127230 21.215640 15.204310 17.799800
30.502910 21.029600 18.591410 18.159160
33.942320 20.718590 22.072670 18.398480
37.526800 20.278900 25.754010 18.498760
41.305500 19.746480 29.633430 18.533870
45.281370 19.137530 33.723090 18.548600
49.442010 18.473180 38.000520 18.578270
53.784140 17.768220 42.460910 18.652650
58.319700 17.046980 47.110860 18.575290
63.045640 16.314830 51.958460 18.575570
67.933580 15.564290 56.944790 18.583230
72.949570 14.807080 62.064430 18.673460
78.112070 14.037650 67.325710 18.816350
83.403150 13.249300 72.712310 18.746480
88.827470 12.428430 78.246040 18.704460
94.384170 11.569350 83.911380 18.760530
100.052700 10.639880 89.680890 18.721780
105.791000 9.611618 95.545250 18.586430
111.620600 8.486629 101.511900 18.405080
117.518200 7.246929 107.549800 18.013020
123.481700 5.883248 113.674800 17.520940
129.500400 4.402279 119.887700 17.068690
135.583700 2.806947 126.170700 16.477340
141.730400 1.132152 132.524600 15.741540
147.930500 -0.644931 138.944400 14.921010
154.181200 -2.533182 145.441200 14.030480
160.473700 -4.525316 152.001800 13.089710
166.825700 -6.614701 158.626100 12.027930
173.224500 -8.806086 165.293200 10.762320
179.671400 -11.085600 172.007400 9.348450
186.169900 -13.447970 178.789600 7.882996
192.708700 -15.908790 185.638100 6.375904
199.295800 -18.474840 192.520800 4.765128
205.877000 -21.127230 199.428900 3.036246
212.474400 -23.878960 206.361000 1.274692
219.085400 -26.695130 213.308500 -0.563999
225.674300 -29.566300 220.253800 -2.466797
232.258400 -32.511370 227.239600 -4.267377
238.826600 -35.515520 234.247500 -5.967825
245.357100 -38.591140 241.222500 -7.781656
251.842400 -41.746310 248.102100 -9.919643
258.295100 -44.977770 255.016100 -12.028150
264.734000 -48.300070 261.843000 -14.525730
271.174400 -51.720410 268.726900 -16.971500
277.658000 -55.253110 275.679300 -19.535200
284.188500 -58.892510 282.672300 -22.257890
290.770400 -62.649290 289.794200 -24.969690
297.421200 -66.505210 296.866800 -28.036190
304.114100 -70.451700 304.145800 -30.860580
310.871400 -74.512450 311.465200 -33.872650
317.638300 -78.729880 318.874400 -36.887940
324.412000 -83.100090 326.284200 -40.083960
331.147700 -87.570510 333.635600 -43.454090
337.838900 -92.151540 340.946100 -46.959540
344.489200 -96.836160 348.378000 -50.285110
351.109400 -101.590900 355.743700 -53.799520
357.680900 -106.441100 363.134800 -57.276700
364.205100 -111.363100 370.497800 -60.784450
370.654300 -116.349400 377.788100 -64.426370
377.044400 -121.373300 384.484900 -68.931250
383.353100 -126.497900 391.500400 -67.786500
389.648900 -131.627300 391.779400 -70.815920
395.838500 -136.824400 399.286300 -72.928010
401.977500 -142.068800 405.612100 -77.410800
408.063900 -147.386100 412.644200 -81.353500
414.119900 -152.725600 418.993800 -86.298090
420.140100 -158.070100 423.735700 -88.815880
426.135700 -163.442300 427.967500 -93.614990
432.096100 -168.831000 434.846300 -97.761650
438.042000 -174.202900 441.698000 -101.765000
444.039200 -179.520000 448.459600 -102.714200
450.064000 -184.791600 454.536400 -107.932200
456.158000 -189.992400 461.126400 -112.486000
462.246200 -195.183000 467.506300 -117.258700
468.350900 -200.337600 474.038000 -121.874400
474.468300 -205.478700 481.037000 -125.367700
480.606000 -210.588600 487.595200 -129.523200
486.757700 -215.677000 494.513200 -133.121900
492.916600 -220.757600 500.503100 -138.399200
499.072200 -225.827000 506.831100 -143.257500
505.239000 -230.914300 512.853400 -148.503100
511.393900 -235.996900 519.324300 -153.166800
517.549300 -241.076200 525.401100 -158.342000
523.710600 -246.155700 531.751400 -163.177600
529.865100 -251.222800 537.541700 -168.669000
536.037700 -256.292500 543.497200 -173.969900
542.213600 -261.366100 550.113100 -178.304200
548.376000 -266.436600 556.311000 -183.264000
554.549300 -271.525400 562.181600 -188.693800
560.720400 -276.614600 568.318500 -193.800800
566.895900 -281.702100 574.705700 -198.629900
573.077300 -286.787100 580.628500 -203.990200
579.254000 -291.852900 586.822600 -209.031500
585.438300 -296.913900 593.014800 -214.062900
591.610800 -301.938300 599.066000 -219.254200
597.802700 -306.948800 604.875200 -224.711000
604.002400 -311.952300 611.370800 -229.281300
610.204100 -316.963500 617.228700 -234.677200
616.401400 -321.978100 623.560800 -239.517100
622.606700 -326.989100 629.441900 -244.912100
628.813800 -331.994200 635.329300 -250.297500
635.032400 -336.999800 641.242700 -255.641100
641.237400 -341.988600 647.222500 -260.880100
647.445400 -346.968600 653.245200 -266.099500
653.662300 -351.935500 659.434500 -271.089000
659.877900 -356.880600 665.377600 -276.370000
666.112000 -361.828900 671.730700 -281.162100
672.350500 -366.769500 677.576200 -286.565900
678.587600 -371.720300 683.556600 -291.822400
684.819800 -376.684200 689.398100 -297.247700
691.040800 -381.648800 695.292800 -302.597400
697.271000 -386.614300 701.313600 -307.816000
703.506500 -391.568600 707.136000 -313.245100
709.744100 -396.517700 713.189400 -318.414900
715.983900 -401.433800 719.050100 -323.790400
722.229600 -406.329600 724.499500 -329.551400
728.498300 -411.207700 730.264800 -335.022800
734.766400 -416.073400 736.143200 -340.359500
741.047900 -420.934000 742.576200 -345.014600
747.328900 -425.791700 748.324900 -350.481100
753.611600 -430.654100 754.230900 -355.788900
759.909100 -435.497600 760.716900 -360.186500
766.234600 -440.329500 766.773900 -365.323300
772.573000 -445.140400 773.459800 -369.490800
778.917600 -449.932200 779.382000 -374.805700
785.270600 -454.711000 785.686000 -379.567400
791.604400 -459.487600 791.838400 -384.559900
797.914000 -464.271400 797.783200 -389.805700
804.202800 -469.044800 804.148900 -394.448900
810.490200 -473.819600 809.863500 -399.877500
816.791500 -478.590500 815.889200 -404.970800
823.116400 -483.340400 821.816800 -410.182600
829.464500 -488.061400 828.641000 -413.033500
835.854100 -492.776100 836.219000 -410.950000
842.262300 -497.485400 840.829700 -413.114600
848.682700 -502.196400 846.539500 -418.665900
855.114700 -506.913500 852.187500 -424.257300
861.557000 -511.637000 857.834400 -429.888000
868.011600 -516.355400 863.040500 -435.923500
874.441900 -521.049300 868.938900 -441.310800
880.882200 -525.706500 874.491700 -447.007600
887.323800 -530.307900 879.431000 -453.226700
893.755000 -534.861900 877.464100 -451.541000
900.174200 -539.374300 879.241900 -453.453200
906.591000 -543.848100 873.892400 -447.727200
912.989900 -548.291900 872.432600 -445.532400
919.400600 -552.731200 877.624000 -451.340500
925.806600 -557.125700 882.573000 -457.370800
932.226300 -561.535200 887.792600 -463.108400
938.632500 -565.932700 892.784600 -469.069900
945.057500 -570.322000 887.073300 -463.790300
951.507700 -574.710200 892.412000 -469.460900
957.980400 -579.074900 895.348500 -475.528300
964.464000 -583.424600 900.729400 -481.188500
970.963300 -587.758200 906.558200 -486.383300
977.455300 -592.093300 912.056900 -491.912800
983.961700 -596.421100 917.580500 -497.428800
990.461700 -600.766400 923.107700 -502.961000
996.966300 -605.096100 928.566900 -508.570100
1003.471000 -609.407800 933.872700 -506.758100
1009.973000 -613.695400 931.800100 -511.797000
1016.458000 -617.959200 937.572400 -517.011400
1022.925000 -622.217200 942.079900 -523.262400
1029.367000 -626.452700 948.083100 -528.141900
1035.804000 -630.641600 954.094300 -532.960400
1042.231000 -634.798800 959.785700 -538.067700
1048.656000 -638.946200 965.534400 -543.128900
1055.084000 -643.051500 971.146900 -548.300800
1061.525000 -647.144100 976.930200 -553.269100
1067.966000 -651.185500 982.342500 -558.625000
1074.401000 -655.235300 987.783900 -563.903100
1080.840000 -659.293400 993.251900 -569.161600
1087.270000 -663.328400 999.518600 -573.422300
1093.718000 -667.347400 1005.244000 -578.388900
1100.195000 -671.340900 1011.404000 -582.856400
1106.668000 -675.317100 1017.043000 -587.883000
1113.157000 -679.272000 1023.199000 -592.334300
1119.659000 -683.201000 1029.317000 -596.854300
1126.198000 -687.131900 1035.928000 -599.295200
1132.753000 -691.046400 1043.092000 -600.688700
1139.341000 -694.955400 1049.250000 -605.214500
1145.954000 -698.852200 1055.200000 -610.050500
1152.585000 -702.740800 1061.347000 -614.667000
1159.229000 -706.637800 1067.226000 -619.628600
1165.886000 -710.538400 1073.423000 -624.200300
1172.562000 -714.459000 1079.434000 -629.059000
1179.271000 -718.394000 1085.295000 -634.116100
1186.021000 -722.344800 1091.149000 -639.270900
1192.784000 -726.294800 1097.474000 -643.890500
1199.585000 -730.258400 1103.350000 -649.109000
1206.417000 -734.212600 1109.400000 -654.167300
1213.283000 -738.159200 1115.546000 -659.131400
1220.173000 -742.105200 1121.905000 -663.848300
1227.101000 -746.027900 1128.007000 -668.940300
1234.074000 -749.929400 1134.437000 -673.631100
1241.082000 -753.823500 1140.777000 -678.522300
1248.123000 -757.717500 1147.004000 -683.560600
1255.209000 -761.611600 1153.690000 -688.066800
1262.318000 -765.501500 1160.618000 -692.207400
1269.473000 -769.393200 1167.396000 -696.637700
1276.670000 -773.287000 1173.794000 -701.652700
1283.885000 -777.170800 1180.354000 -706.555900
1291.103000 -781.040700 1186.769000 -711.657500
1298.329000 -784.899000 1193.167000 -716.775100
1305.561000 -788.742100 1199.805000 -721.582400
1312.794000 -792.571300 1206.424000 -726.390300
1320.032000 -796.384600 1212.797000 -731.523800
1327.287000 -800.172300 1219.352000 -736.421500
1334.542000 -803.950000 1225.957000 -741.259700
1341.797000 -807.723100 1232.630000 -745.987400
1349.058000 -811.481900 1239.089000 -750.985700
1356.319000 -815.232700 1245.574000 -755.961100
1363.568000 -818.960500 1252.207000 -760.733400
1370.797000 -822.663500 1258.716000 -765.614300
1378.014000 -826.342400 1265.488000 -770.070000
1385.241000 -830.002800 1272.089000 -774.758600
1392.473000 -833.639800 1278.945000 -779.019300
1399.712000 -837.258600 1285.454000 -783.828300
1406.940000 -840.856000 1291.966000 -788.619400
1414.145000 -844.419900 1299.256000 -785.628800
1421.338000 -847.958700 1305.695000 -787.890000
1428.540000 -851.473700 1311.846000 -793.023200
1435.735000 -854.974700 1317.931000 -798.233200
1442.936000 -858.462100 1324.084000 -803.344000
1450.116000 -861.922600 1330.049000 -808.659500
1457.288000 -865.353900 1335.929000 -814.027200
1464.432000 -868.758100 1342.140000 -818.967200
1471.550000 -872.135000 1348.731000 -822.522200
1478.642000 -875.485100 1351.878000 -827.886400
1485.696000 -878.796500 1357.865000 -832.924600
1492.712000 -882.085000 1354.780000 -839.954300
1499.686000 -885.346400 1361.497000 -843.770100
1506.608000 -888.579300 1364.666000 -848.194900
1513.510000 -891.787400 1371.589000 -851.392000
1520.388000 -894.966500 1378.433000 -854.667000
1527.242000 -898.117000 1385.467000 -855.794700
1534.067000 -901.240100 1390.688000 -853.674900
1540.873000 -904.334900 1396.872000 -852.105400
1547.641000 -907.393900 1402.919000 -852.775900
1554.374000 -910.425200 1410.124000 -852.664400
1561.071000 -913.426300 1417.146000 -854.379600
1567.716000 -916.424100 1423.758000 -857.486100
1574.331000 -919.426300 1429.996000 -861.223400
1580.910000 -922.431500 1436.357000 -864.714300
1587.477000 -925.449400 1442.580000 -868.386800
1593.998000 -928.484000 1448.161000 -872.903000
1600.456000 -931.552300 1454.030000 -877.012200
1606.851000 -934.653500 1458.274000 -880.886400
1613.177000 -937.795300 1461.141000 -884.245300
1619.446000 -940.960600 1458.712000 -890.609800
1625.639000 -944.138700 1465.252000 -893.069700
1631.780000 -947.302000 1466.383000 -898.500700
1637.876000 -950.461600 1472.671000 -900.335800
1643.920000 -953.598100 1465.924000 -899.184300
1649.931000 -956.702500 1459.309000 -897.710200
1655.907000 -959.742900 1452.872000 -895.719200
1661.857000 -962.732200 1446.390000 -894.116400
1667.828000 -965.652000 1439.973000 -892.421500
1673.786000 -968.517000 1433.781000 -890.078400
1679.740000 -971.331200 1427.649000 -887.607100
1685.682000 -974.128800 1425.586000 -886.856500
1691.585000 -976.910500 1419.528000 -884.361700
1697.460000 -979.678900 1413.489000 -881.933800
1703.321000 -982.431100 1407.551000 -879.339400
1709.144000 -985.145100 1413.407000 -882.036100
1714.950000 -987.831400 1419.267000 -884.648700
1720.748000 -990.466700 1421.177000 -885.564800
1726.528000 -993.063100 1427.024000 -888.050000
1732.261000 -995.615600 1432.789000 -890.625400
1737.915000 -998.126400 1438.471000 -893.225200
1743.475000 -1000.590000 1442.167000 -895.016300
1748.971000 -1002.990000 1447.616000 -897.703600
1754.388000 -1005.375000 1453.028000 -900.285800
1759.751000 -1007.751000 1458.436000 -902.690800
1764.998000 -1010.123000 1463.719000 -905.228600
1770.113000 -1012.467000 1469.096000 -907.260900
1775.097000 -1014.785000 1474.319000 -909.350600
1779.954000 -1017.080000 1479.272000 -911.733500
1784.649000 -1019.347000 1484.066000 -914.158500
1789.178000 -1021.604000 1488.732000 -916.486000
1793.508000 -1023.881000 1493.200000 -918.860200
1797.645000 -1026.269000 1497.441000 -921.301500
1801.573000 -1028.814000 1501.435000 -923.920800
1805.302000 -1031.525000 1505.233000 -926.656900
1808.823000 -1034.439000 1508.774000 -929.610900
1812.120000 -1037.563000 1512.086000 -932.759300
1815.169000 -1040.921000 1515.127000 -936.138000
1817.931000 -1044.484000 1517.896000 -939.735800
1820.326000 -1048.207000 1520.415000 -943.485800
1822.465000 -1052.152000 1522.489000 -947.409900
1824.255000 -1056.260000 1524.259000 -951.548000
1825.688000 -1060.491000 1525.639000 -955.826600
1826.758000 -1064.825000 1526.672000 -960.186700
1827.464000 -1069.230000 1527.348000 -964.616400
1827.812000 -1073.687000 1527.673000 -969.082700
1827.812000 -1078.165000 1527.641000 -973.572000
1827.468000 -1082.643000 1527.657000 -976.520400
1826.704000 -1087.072000 1528.363000 -978.548500
1825.633000 -1091.489000 1530.393000 -978.229600
1824.183000 -1095.811000 1529.023000 -982.585000
1822.357000 -1099.995000 1527.283000 -986.819800
1820.139000 -1103.994000 1525.143000 -990.874200
1817.589000 -1107.799000 1522.675000 -994.741100
1814.723000 -1111.351000 1519.888000 -998.392300
1811.551000 -1114.626000 1517.801000 -1002.182000
1808.088000 -1117.606000 1514.386000 -1005.218000
1804.284000 -1120.246000 1510.695000 -1007.926000
1800.315000 -1122.623000 1506.727000 -1010.326000
1796.124000 -1124.692000 1502.439000 -1011.883000
1791.742000 -1126.471000 1498.146000 -1013.744000
1787.194000 -1127.955000 1493.647000 -1015.220000
1782.506000 -1129.180000 1489.077000 -1016.626000
1777.702000 -1130.193000 1484.384000 -1017.837000
1772.797000 -1131.038000 1479.614000 -1018.986000
1767.796000 -1131.740000 1474.737000 -1019.960000
1762.736000 -1132.348000 1469.763000 -1020.804000
1757.655000 -1132.885000 1464.725000 -1021.571000
1752.565000 -1133.366000 1459.668000 -1022.286000
1747.458000 -1133.818000 1454.599000 -1022.937000
1742.342000 -1134.251000 1449.538000 -1023.740000
1737.220000 -1134.667000 1444.451000 -1024.423000
1732.115000 -1135.064000 1439.354000 -1025.077000
1727.075000 -1135.441000 1434.269000 -1025.683000
1722.082000 -1135.788000 1429.257000 -1026.337000
1717.161000 -1136.086000 1424.279000 -1026.854000
1712.341000 -1136.271000 1419.371000 -1027.317000
1707.613000 -1136.285000 1414.553000 -1027.518000
1703.031000 -1136.085000 1409.827000 -1027.540000
1698.586000 -1135.613000 1405.257000 -1027.208000
1694.241000 -1134.791000 1400.832000 -1026.598000
1689.991000 -1133.671000 1396.524000 -1025.619000
1685.870000 -1132.171000 1392.352000 -1024.257000
1681.961000 -1130.284000 1388.333000 -1022.520000
1678.306000 -1127.996000 1384.575000 -1020.358000
1674.826000 -1125.267000 1381.038000 -1017.906000
1671.787000 -1122.274000 1377.769000 -1014.940000
1669.099000 -1118.972000 1374.541000 -1012.174000
1666.783000 -1115.408000 1375.478000 -1009.147000
1664.817000 -1111.609000 1375.479000 -1005.708000
1663.209000 -1107.637000 1373.086000 -1004.392000
1661.958000 -1103.507000 1375.773000 -1001.303000
1661.115000 -1099.284000 1376.315000 -997.139900
1660.724000 -1094.939000 1374.463000 -994.448300
1660.665000 -1090.516000 1372.920000 -994.383100
1661.140000 -1086.159000 1376.965000 -992.563600
1662.049000 -1081.841000 1375.791000 -991.261900
1663.374000 -1077.556000 1373.426000 -988.982800
1665.055000 -1073.325000 1374.351000 -986.197700
1667.040000 -1069.131000 1373.364000 -983.855100
1669.233000 -1064.989000 1374.289000 -981.032400
1671.640000 -1060.840000 1375.931000 -976.731700
1674.135000 -1056.683000 1377.704000 -972.428400
1676.716000 -1052.451000 1379.208000 -967.877400
1679.381000 -1048.145000 1380.621000 -963.247100
