0.000000 -0.000000 0.000000 0.000000
-0.140643 2.574964 -0.028951 2.576723
-0.281220 5.148987 -0.207513 5.150519
-0.421837 7.724036 -0.331634 7.726517
-0.562431 10.298960 -0.491775 10.300420
-0.701879 12.869650 -0.624160 12.872320
-0.854664 15.479570 -0.769777 15.512200
-1.011589 18.173180 -0.861710 18.229990
-1.171840 20.913680 -1.070026 20.983290
-1.334841 23.709530 -1.247160 23.792470
-1.487044 26.544710 -1.431840 26.635580
-1.633363 29.422930 -1.587615 29.535850
-1.768976 32.357140 -1.668529 32.473070
-1.929780 35.330970 -1.914381 35.521550
-2.126953 38.471510 -2.169759 38.635990
-2.329940 41.561110 -2.375816 41.715890
-2.535885 44.597900 -2.649613 44.726600
-2.728914 47.592750 -2.896586 47.702350
-2.937935 50.537730 -3.093144 50.642900
-3.130185 53.464980 -3.345027 53.546650
-3.310922 56.350390 -3.583559 56.427030
-3.511313 59.225400 -3.761861 59.280350
-3.703384 62.006320 -4.003651 62.028210
-3.912602 64.697860 -4.391554 64.651950
-4.114442 67.264550 -4.658529 67.172390
-4.313021 69.714240 -5.030606 69.562830
-4.514875 72.037350 -5.335966 71.811810
-4.709494 74.175390 -5.588420 73.889900
-4.891889 76.138280 -5.586210 75.748120
-5.039038 77.925340 -5.670005 77.482220
-5.159772 79.592300 -5.824815 79.104460
-5.235209 81.135380 -5.981042 80.595730
-5.207469 82.555940 -5.980023 81.983540
-5.029560 83.885300 -5.901128 83.304680
-4.680938 85.118200 -5.563828 84.516870
-4.130089 86.200010 -5.081363 85.611270
-3.393066 87.095580 -4.349011 86.476350
-2.508137 87.820100 -3.543078 87.281470
-1.511055 88.343490 -2.571768 87.859190
-0.450022 88.747950 -1.507121 88.277550
0.676345 89.023150 -0.392120 88.595160
1.832910 89.277150 0.780593 88.872110
3.089762 89.418990 2.073174 89.039080
4.475771 89.556060 3.486228 89.248100
5.974572 89.621010 5.023953 89.379000
7.614093 89.671530 6.713240 89.505770
9.420230 89.707860 8.572046 89.609660
11.388370 89.721450 10.583220 89.708940
13.505010 89.738680 12.749330 89.816490
15.773680 89.805260 15.058750 90.006620
18.156510 89.929480 17.452140 90.232200
20.581930 90.082780 19.338690 91.221280
23.034320 90.227690 21.787900 91.338340
25.478370 90.365000 24.221260 91.443000
27.909920 90.499220 26.653820 91.525740
30.340320 90.588890 29.073720 91.574130
32.740690 90.598330 31.460180 91.518190
35.110390 90.529620 33.815070 91.408140
37.430830 90.386730 36.108060 91.188820
39.683630 90.176290 38.333500 90.929410
41.863240 89.910310 40.496130 90.712250
43.959460 89.634420 42.551490 90.452260
45.922800 89.378560 44.455460 90.167600
47.726310 89.193250 46.197220 89.972830
49.366470 89.121130 47.798310 89.888710
50.939410 89.191540 49.365170 89.915950
52.464070 89.450930 50.887520 90.137400
53.889450 89.945260 52.304150 90.588720
55.133190 90.660970 53.525340 91.270010
56.158450 91.620300 54.568890 92.208540
56.967930 92.764920 55.426870 93.320560
57.539920 94.061200 56.003700 94.630280
57.927200 95.446880 56.479140 96.012110
58.277310 96.884370 56.851650 97.458870
58.589460 98.403450 57.193810 99.000690
58.940360 100.002400 57.650480 100.603100
59.343230 101.692600 58.095370 102.328100
59.798800 103.499800 58.611590 104.158400
60.309140 105.392300 59.144830 106.065400
60.819120 107.363700 59.677160 108.080300
61.355080 109.477800 60.269940 110.209300
61.874140 111.669200 60.836890 112.420900
62.417580 113.964900 61.465110 114.735000
62.973720 116.373200 62.085780 117.157400
63.512460 118.836400 62.700460 119.612900
64.057360 121.342700 63.253170 122.132000
64.655860 123.876700 63.932420 124.657000
65.262090 126.422600 64.623110 127.183800
65.864770 128.941000 65.278270 129.650300
66.510510 131.382800 65.904930 132.132100
67.135460 133.867500 66.538090 134.562200
67.748220 136.262500 67.161000 136.968500
68.311480 138.668800 67.798950 139.354500
68.830800 141.066900 68.399620 141.718900
69.359830 143.451000 68.979770 144.071600
69.844620 145.829800 69.439430 146.471800
70.257380 148.240700 69.908730 148.856000
70.634070 150.615300 70.363330 151.230400
70.952630 153.048800 70.767240 153.647900
71.236680 155.482600 71.100380 156.090200
71.430750 157.958600 71.359010 158.555200
71.592060 160.420500 71.575010 161.007200
71.705560 162.889100 71.810110 163.484900
71.811250 165.386800 72.000410 165.952200
71.901490 167.846500 72.140260 168.428100
71.944200 170.358200 72.182990 170.947500
71.944230 172.867000 72.248860 173.442800
71.880770 175.411200 72.226310 176.011500
71.759300 177.947700 72.140010 178.532300
71.629380 180.489300 72.034770 181.094700
71.495820 183.069400 71.912850 183.661600
71.389860 185.611000 71.879540 186.216400
71.229200 188.181800 71.768250 188.766500
71.075770 190.694700 71.599180 191.281300
70.908190 193.208300 71.450280 193.787000
70.732240 195.676300 71.336050 196.239400
70.587330 197.902600 71.195480 198.356700
70.462020 200.022200 71.098630 200.475900
70.336670 202.141700 70.952090 202.590400
70.211280 204.261000 70.870950 204.710500
70.085900 206.379000 70.832190 206.829700
69.986060 208.445300 70.806540 208.837600
70.007780 210.375700 70.828740 210.756800
70.026080 212.295900 70.920720 212.683400
70.017620 214.252400 70.910060 214.640000
70.013230 216.217200 70.988240 216.627500
69.972110 218.270700 71.028510 218.697500
69.934360 220.317400 71.042000 220.703000
69.972850 222.305500 71.055620 222.725600
69.981630 224.353700 71.065510 224.763500
69.981870 226.399100 71.048650 226.826100
69.949190 228.454500 71.010970 228.861900
69.907170 230.454300 70.998120 230.849000
69.859830 232.418200 71.015730 232.777700
69.810200 234.247600 71.022850 234.554500
69.754960 235.896800 70.984660 236.152900
69.602960 237.437200 70.844410 237.683100
69.315000 238.920100 70.692000 239.164900
68.846420 240.276600 70.254440 240.514100
68.166090 241.479400 69.584030 241.696200
67.318270 242.492800 68.765760 242.707100
66.332240 243.344200 67.790680 243.549500
65.260110 243.991900 66.719460 244.168000
64.140300 244.474300 65.595940 244.672200
62.867510 244.772700 64.286590 245.002000
61.458940 244.926000 62.854730 245.232800
59.947420 244.952000 61.313130 245.281600
58.335370 244.902100 59.661140 245.309000
56.595980 244.824000 57.871280 245.237100
54.694040 244.743800 55.917210 245.085000
52.650420 244.604800 53.826670 245.093800
50.451970 244.390700 51.537850 245.104400
48.058070 244.235000 49.090390 245.140300
45.515050 244.100900 46.512070 245.083300
42.921790 243.969200 43.918400 245.049800
40.316590 243.840300 41.301450 245.038200
37.706940 243.722400 38.682050 244.989900
35.094890 243.629800 36.074940 244.860100
32.472950 243.489000 33.439190 244.739600
29.851950 243.348200 30.833230 244.610300
27.264200 243.258500 28.260720 244.488800
24.724050 243.174900 25.726870 244.374500
22.210390 243.091000 23.225780 244.358900
19.736330 242.979500 20.772340 244.213600
17.311070 242.850400 18.345830 244.151600
14.901790 242.682800 15.947420 244.020900
12.542000 242.455300 13.607950 243.799300
10.258080 242.218100 11.344270 243.656500
8.077281 241.997300 9.206329 243.510900
6.032146 241.805400 7.209013 243.270100
4.114420 241.647100 5.331878 243.240000
2.325909 241.523700 3.582322 243.219100
0.684853 241.422100 1.993218 243.298500
-0.804697 241.361800 0.555108 243.337700
-2.147061 241.322400 -0.735788 243.349700
-3.335045 241.321100 -1.861787 243.432700
-4.362696 241.347700 -2.827882 243.455300
-5.195608 241.375100 -3.586581 243.441400
-5.787975 241.411000 -4.094085 243.495800
-6.148943 241.435700 -4.296504 243.533100
-6.347609 241.453500 -4.288790 243.532700
-6.441034 241.457400 -4.343981 243.540100
-6.441440 241.456100 -4.343981 243.540100
-6.439927 241.462600 -4.343981 243.540100
-6.440440 241.482800 -4.343981 243.540100
-6.480607 241.498100 -4.343981 243.540100
-6.560264 241.507700 -4.388336 243.545400
-6.742488 241.516100 -4.436989 243.540800
-7.099251 241.541700 -4.446731 243.542600
-7.627305 241.597900 -4.455744 243.544600
-8.293171 241.705000 -4.471788 243.547800
-9.050632 241.890800 -4.507760 243.554000
-9.863606 242.207700 -4.569133 243.582800
-10.727660 242.661600 -4.691125 243.633400
-11.566170 243.294100 -4.931861 243.802500
-12.317670 244.121800 -5.236494 244.164700
-12.969870 245.164100 -5.550525 244.707300
-13.469580 246.441200 -5.815405 245.409500
-13.828110 247.877300 -6.005834 246.226600
-14.057520 249.558000 -6.114231 247.153300
-14.176210 251.405900 -6.162501 248.177300
-14.264690 253.405000 -6.118155 249.264000
-14.328890 255.544200 -6.136719 250.444000
-14.399650 257.837600 -6.082623 251.771600
-14.471380 260.263200 -6.013212 253.221400
-14.561590 262.807800 -6.072740 254.847900
-14.652820 265.491700 -5.960230 256.636000
-14.739760 268.254400 -5.867176 258.581700
-14.858340 271.134800 -5.877684 260.669100
-14.973530 274.134700 -5.844138 262.904800
-15.069550 277.175700 -5.853267 265.287800
-15.175210 280.293600 -5.841726 267.788400
-15.297230 283.446400 -5.893229 270.428600
-15.436590 286.619600 -5.934392 273.162800
-15.585790 289.810900 -5.989172 275.996100
-15.736240 292.959600 -6.010741 278.959500
-15.885310 296.071900 -6.108527 281.983700
-16.046970 299.165600 -6.089907 285.067700
-16.219660 302.246300 -6.255176 288.211400
-16.389710 305.314100 -6.436066 291.362000
-16.559690 308.378300 -6.486764 294.554300
-16.709350 311.458900 -6.588820 297.715100
-16.839300 314.563300 -6.575723 300.836900
-16.972270 317.709200 -6.590650 303.941700
-17.118400 320.893100 -6.659879 307.018000
-17.281700 324.127200 -6.651251 310.092600
-17.454380 327.375400 -6.768551 313.152600
-17.614190 330.593900 -6.868275 316.223700
-17.775860 333.802500 -6.857972 319.318600
-17.959610 336.995200 -6.913796 322.446700
-18.128440 340.134300 -7.061729 325.616400
-18.295640 343.191900 -7.177135 328.827700
-18.453080 346.169000 -7.335143 332.072000
-18.632610 349.056200 -7.520468 335.296600
-18.817710 351.841100 -7.684055 338.498800
-18.986450 354.488400 -7.988576 341.691100
-19.124870 356.982400 -8.080173 344.843300
-19.220930 359.289500 -8.145121 347.923400
-19.310450 361.377700 -8.465512 350.907900
-19.390050 363.254000 -8.369107 353.826600
-19.458340 364.945900 -8.408042 356.645800
-19.552440 366.417400 -8.474638 359.331500
-19.716910 367.755600 -8.718302 361.868500
-19.992010 369.044200 -9.266809 364.154700
-20.413100 370.267200 -9.987159 366.184900
-20.994480 371.390500 -10.824140 367.922100
-21.767920 372.412000 -11.767670 369.394700
-22.740410 373.381300 -12.794000 370.541900
-23.931400 374.199500 -13.898500 371.365500
-25.311900 374.775400 -15.107830 371.903100
-26.849130 375.102700 -16.381650 372.216600
-28.541320 375.088500 -17.661130 372.232400
-30.331610 374.930400 -18.928540 372.125600
-32.178580 374.714400 -20.275840 372.052400
-34.124600 374.519300 -21.653810 371.960800
-36.192510 374.312000 -23.135020 371.857300
-38.360350 374.089000 -24.679660 371.766700
-40.674090 373.890900 -26.346770 371.758200
-43.125350 373.717400 -28.103620 371.712400
-45.733890 373.570600 -29.952670 371.651800
-48.422050 373.450300 -31.857720 371.600600
-51.153580 373.336900 -33.904580 371.598900
-53.919190 373.217300 -36.044090 371.514900
-56.668140 373.082400 -38.310760 371.428800
-59.399580 372.949600 -40.726330 371.426400
-62.128270 372.797100 -43.285930 371.336900
-64.827270 372.599800 -45.960810 371.309200
-67.509200 372.402100 -48.675950 371.200400
-70.186170 372.208700 -51.435890 371.058000
-72.845340 372.028400 -54.188760 370.933000
-75.495320 371.886100 -56.925500 370.855700
-78.116050 371.787300 -59.653750 370.776600
-80.717850 371.718500 -62.371670 370.888800
-83.311780 371.694800 -65.049260 370.867200
-85.842710 371.709900 -67.738320 370.980900
-88.215690 371.734100 -70.398840 371.034800
-90.402660 371.755300 -73.049890 371.202500
-92.376860 371.747200 -75.673950 371.301800
-94.181170 371.700000 -78.278640 371.217500
-95.954170 371.610100 -80.874490 371.125700
-97.692900 371.484000 -83.436100 371.019900
-99.428840 371.332400 -85.851630 370.774100
-101.212400 371.150100 -88.083240 370.522600
-103.049100 370.929900 -90.122070 370.362000
-104.963700 370.712900 -91.949440 370.171700
-106.999900 370.469800 -93.726960 370.046900
-109.147400 370.218500 -95.467660 369.903300
-111.413900 369.990500 -97.201380 369.828400
-113.850400 369.787500 -98.970560 369.729300
-116.381500 369.587900 -100.793200 369.669500
-119.079000 369.402000 -102.682400 369.725700
-121.870500 369.312400 -104.679000 369.827400
-124.798000 369.251000 -106.819000 369.858600
-127.749200 369.222000 -109.026600 370.017800
-130.738100 369.191300 -111.448100 370.091200
-133.724900 369.151000 -113.927900 370.023900
-136.693200 369.116700 -116.600300 370.033000
-139.640200 369.026200 -119.341700 370.035300
-142.545400 368.909400 -122.240600 369.991600
-145.452900 368.800400 -125.171800 369.951500
-148.326000 368.653700 -128.148600 369.849000
-151.184500 368.483700 -131.139400 369.727400
-154.029500 368.306700 -134.096300 369.613200
-156.834000 368.110800 -137.051200 369.354000
-159.601600 367.929800 -139.957400 369.269900
-162.352900 367.769700 -142.861500 369.208400
-165.025300 367.622800 -145.752200 369.188400
-167.587100 367.473600 -148.602700 369.150800
-169.989700 367.347100 -151.459300 369.130000
-172.229800 367.237400 -154.281500 369.107600
-174.255000 367.118500 -157.063300 369.028200
-176.113500 366.976300 -159.798800 368.870000
-177.851600 366.825100 -162.502000 368.845000
-179.482200 366.619100 -165.082400 368.520500
-181.041000 366.257200 -167.508600 368.058900
-182.506900 365.700900 -169.632300 367.231700
-183.830900 364.922700 -171.497200 366.232700
-184.967900 363.901900 -172.993200 365.069000
-185.900600 362.645300 -174.167300 363.722400
-186.575700 361.163300 -174.916800 362.234300
-186.999600 359.497900 -175.431700 360.717900
-187.152300 357.675600 -175.653800 359.156600
-187.206000 355.773500 -175.807500 357.618400
-187.197400 353.800900 -175.869200 356.084700
-187.078300 351.712900 -175.850700 354.526400
-186.904300 349.515700 -175.810200 352.916500
-186.700200 347.199500 -175.756500 351.234400
-186.441500 344.761700 -175.697900 349.465300
-186.138100 342.245600 -175.592600 347.593600
-185.836200 339.600700 -175.507400 345.647000
-185.558800 336.870000 -175.390400 343.610700
-185.300200 334.088400 -175.229400 341.461000
-185.053400 331.295700 -175.176600 339.185800
-184.825700 328.513100 -175.147300 336.784100
-184.626700 325.706700 -175.131300 334.284600
-184.418100 322.895600 -175.097900 331.673800
-184.219300 320.049800 -175.077800 328.965300
-184.077900 317.187100 -175.081000 326.193800
-183.933200 314.300800 -175.116500 323.394500
-183.761600 311.460200 -175.136000 320.610700
-183.601800 308.616200 -175.168600 317.811100
-183.458100 305.794900 -175.118500 315.002600
-183.343100 303.000200 -175.176300 312.169600
-183.261300 300.211900 -175.224400 309.312200
-183.178800 297.450000 -175.286800 306.430400
-183.090500 294.684900 -175.380200 303.576800
-182.927300 291.908300 -175.373100 300.731600
-182.766600 289.099200 -175.339800 297.906500
-182.613800 286.267300 -175.356000 295.096700
-182.441900 283.385600 -175.372600 292.320000
-182.300400 280.490600 -175.396800 289.549700
-182.149900 277.557000 -175.384400 286.790200
-182.001400 274.627800 -175.442600 284.037500
-181.823500 271.689000 -175.413200 281.232400
-181.638500 268.767800 -175.454700 278.427000
-181.424600 265.787800 -175.444900 275.553800
-181.219800 262.838200 -175.401700 272.675800
-181.009300 259.844900 -175.343600 269.740700
-180.770400 256.828000 -175.248100 266.823800
-180.561000 253.860400 -175.193800 263.885900
-180.372700 250.908200 -175.138200 260.957900
-180.191000 247.979500 -175.120900 257.998100
-180.025600 245.104800 -175.147300 255.025300
-179.890000 242.301100 -175.159700 252.068300
-179.765100 239.629200 -175.172900 249.030500
-179.603400 237.077700 -175.100300 246.052400
-179.486600 234.610600 -175.080800 243.091600
-179.426200 232.293500 -175.173800 240.148200
-179.384800 230.153000 -175.292800 237.262200
-179.372900 228.203000 -175.484600 234.431300
-179.353200 226.445600 -175.617000 231.723000
-179.284500 224.889700 -175.662400 229.129400
-179.159500 223.520400 -175.624300 226.636100
-178.892900 222.222300 -175.278900 224.298000
-178.440800 221.019500 -174.677100 222.190800
-177.799300 219.912400 -173.727700 220.419600
-176.993100 218.868700 -172.637700 218.972300
-175.953700 217.908600 -171.574600 217.755600
-174.646400 217.098800 -170.533700 216.830500
-173.037500 216.423500 -169.333100 216.243500
-171.242400 215.987700 -168.089400 215.879400
-169.251700 215.748100 -166.843200 215.686700
-167.160900 215.651300 -165.538000 215.556900
-164.983800 215.579200 -164.164500 215.441700
-162.753200 215.542200 -162.680600 215.364400
-160.419600 215.517400 -161.014600 215.294300
-157.986900 215.494400 -159.232300 215.215500
-155.493900 215.476600 -157.267600 215.144900
-152.924600 215.528800 -155.189000 215.084500
-150.250300 215.556200 -153.049000 215.014500
-147.567100 215.656900 -150.837200 214.962600
-144.855900 215.751900 -148.552100 214.980800
-142.145800 215.896800 -146.145300 214.983100
-139.455100 216.087400 -143.686000 215.058600
-136.768400 216.330800 -141.156400 215.172200
-134.103700 216.562300 -138.514200 215.268300
-131.505400 216.803000 -135.836100 215.402300
-128.992800 217.018200 -133.137000 215.537800
-126.584900 217.191000 -130.424600 215.641100
-124.357100 217.330100 -127.729800 215.690500
-122.326100 217.418900 -125.025500 215.645500
-120.463500 217.466200 -122.355000 215.520200
-118.653600 217.497200 -119.721700 215.447900
-116.849600 217.495900 -117.181200 215.239100
-115.067800 217.514000 -114.729700 215.182300
-113.324000 217.535300 -112.439200 215.065900
-111.616000 217.623100 -110.342600 215.093700
-109.927700 217.875300 -108.444300 215.253800
-108.290900 218.301300 -106.660700 215.607600
-106.749500 218.945400 -104.952200 216.175400
-105.349200 219.793800 -103.350900 216.978600
-104.115500 220.834900 -101.968000 218.064200
-103.036000 222.051200 -100.583900 219.048700
-102.179100 223.400100 -99.487170 220.365300
-101.543200 224.848700 -98.716480 221.867900
-101.115700 226.383800 -98.166040 223.454800
-100.830600 227.968600 -97.732860 225.038700
-100.531100 229.501100 -97.276320 226.583100
-100.252100 231.017900 -96.849580 228.146900
-99.883990 232.463500 -96.226050 229.634200
-99.425550 233.824100 -95.620000 231.100400
-98.775880 234.872900 -94.575290 232.283300
-98.086100 235.806300 -93.534740 233.522100
-97.174270 236.468700 -92.203950 234.390300
-96.254150 236.931100 -90.820190 235.067600
-95.283150 237.358800 -89.383010 235.514600
-94.185080 237.674800 -87.946570 235.757200
-92.955310 237.898800 -86.631600 235.871400
-91.596850 238.102700 -85.466200 235.992100
-90.074690 238.248300 -84.330600 236.021100
-88.387450 238.391700 -83.276230 236.068200
-86.486290 238.540100 -82.235570 236.099000
-84.443490 238.650800 -81.126670 236.114000
-82.253860 238.746800 -79.917480 236.144700
-79.940140 238.872300 -78.594170 236.182100
-77.539590 239.011100 -77.122550 236.242600
-75.087440 239.150700 -75.486360 236.235800
-72.574930 239.313900 -73.652810 236.236400
-69.991910 239.446400 -71.656220 236.250800
-67.351620 239.548800 -69.517450 236.214800
-64.666360 239.657700 -67.253620 236.247500
-61.998030 239.808800 -64.861110 236.271400
-59.311750 239.952600 -62.434120 236.325000
-56.701950 240.109100 -59.942240 236.355600
-54.151130 240.267600 -57.385360 236.398300
-51.625940 240.427100 -54.759890 236.427300
-49.127390 240.564300 -52.089830 236.432900
-46.665870 240.712700 -49.407360 236.501100
-44.240570 240.886300 -46.727890 236.605400
-41.878960 241.088900 -44.075770 236.682000
-39.649020 241.312800 -41.522990 236.840100
-37.552430 241.539400 -38.984420 237.004900
-35.488740 241.743100 -36.484360 237.109300
-33.456700 241.939000 -34.001800 237.239500
-31.533090 242.124800 -31.570600 237.356100
-29.764560 242.287900 -29.171660 237.455400
-28.172420 242.408100 -26.886700 237.530600
-26.747170 242.468900 -24.746720 237.538900
-25.460260 242.473300 -22.697450 237.269000
-24.318710 242.437400 -20.645310 237.201500
-23.324200 242.322300 -18.711630 236.836300
-22.483780 242.186900 -16.893040 236.741900
-21.843230 242.069500 -15.796070 236.513500
-21.357270 241.937100 -14.665800 235.989200
-20.874950 241.791000 -13.310010 235.757000
-20.410090 241.641000 -12.139070 235.402800
-19.938580 241.453200 -11.316670 235.516000
-19.330890 241.150500 -10.494620 235.066100
-18.603550 240.674100 -9.881958 234.583900
-17.817550 240.000300 -9.463890 234.174700
-17.047940 239.130000 -9.153756 233.784600
-16.371440 238.041100 -8.901840 233.361400
-15.819140 236.731500 -8.717649 232.913200
-15.431720 235.164300 -8.616145 232.374000
-15.160930 233.366900 -8.549113 231.628400
-14.985430 231.359800 -8.544777 230.705100
-14.879450 229.166100 -8.548296 229.634800
-14.834570 226.783800 -8.557233 228.436000
-14.805910 224.227300 -8.627353 227.120500
-14.776150 221.503700 -8.692561 225.642700
-14.726190 218.625200 -8.732480 223.962200
-14.646810 215.602400 -8.757864 222.077900
-14.509690 212.459600 -8.779068 220.007800
-14.353480 209.201300 -8.758898 217.750900
-14.179740 205.869600 -8.783701 215.320700
-13.962380 202.478800 -8.763221 212.711600
-13.739120 199.045100 -8.729808 209.943000
-13.514930 195.572200 -8.698402 207.016400
-13.275440 192.054900 -8.640120 203.961300
-13.052000 188.499600 -8.629824 200.785900
-12.854570 184.884700 -8.589127 197.502500
-12.675140 181.220200 -8.667875 194.156900
-12.508030 177.502000 -8.664452 190.750600
-12.341190 173.718700 -8.645983 187.306800
-12.175010 169.898000 -8.653812 183.820300
-12.018250 166.028100 -8.688654 180.295200
-11.841350 162.134100 -8.741064 176.721600
-11.655180 158.220500 -8.739718 173.098300
-11.466580 154.287300 -8.704770 169.414500
-11.281310 150.320000 -8.742827 165.679800
-11.057620 146.379100 -8.689532 161.888700
-10.815240 142.443600 -8.590290 158.058900
-10.570550 138.517900 -8.577607 154.177600
-10.333980 134.639100 -8.487373 150.291300
-10.123240 130.785800 -8.429340 146.373800
-9.914350 127.027500 -8.324716 142.445300
-9.696148 123.395700 -8.281619 138.471200
-9.493383 119.914400 -8.232640 134.538900
-9.310280 116.607700 -8.169271 130.610200
-9.151332 113.442300 -8.149425 126.688400
-9.017561 110.482000 -8.099819 122.824200
-8.888960 107.744800 -8.126256 118.989400
-8.774269 105.222900 -8.088443 115.271800
-8.679794 102.918000 -8.080726 111.705900
-8.504861 100.812800 -7.848559 108.287800
-8.163715 98.919720 -7.424631 105.058900
-7.618518 97.243660 -6.645827 102.068200
-6.858427 95.725240 -5.551587 99.412490
-5.899838 94.392380 -4.088826 97.210850
-4.759829 93.253900 -2.414513 95.436500
-3.450087 92.348760 -0.585958 94.160090
-1.973871 91.691730 1.151150 93.148950
-0.436803 91.261860 2.939681 92.650790
1.138073 91.026340 4.638193 92.390460
2.751248 90.881970 6.303410 92.241120
4.431705 90.766140 7.926390 92.157800
6.211745 90.683570 9.513083 92.119170
8.081090 90.578530 11.113750 92.045460
10.076580 90.469280 12.723650 91.995700
12.205890 90.365360 14.304060 91.935610
14.489810 90.290310 15.891860 91.838460
16.910510 90.321490 17.515570 91.811690
19.453620 90.459650 19.225430 91.914900
22.045730 90.671110 21.022590 92.032250
24.644280 90.895340 22.927250 92.166650
27.207850 91.064010 24.962400 92.266720
29.764780 91.130150 27.136130 92.311670
32.287690 91.085550 29.463540 92.269760
34.803420 90.937800 31.908170 92.091010
37.325120 90.728940 34.464550 91.929570
39.896170 90.508470 37.057840 91.714150
42.547960 90.289960 39.636160 91.472970
45.244630 90.097810 42.184400 91.299780
47.943020 89.903610 44.716500 91.137340
50.617990 89.629730 47.211530 90.848760
53.252150 89.185630 49.689100 90.404090
55.814150 88.557720 52.145430 89.782250
58.313300 87.791630 54.587850 88.899790
60.805470 86.920740 57.083570 87.956670
63.322020 85.994100 59.578810 86.957260
65.833720 85.055040 62.074000 85.959850
68.406220 84.080780 64.531910 84.915530
70.998610 83.045350 66.966210 83.872400
73.578520 81.879280 69.311630 82.722740
76.170160 80.586970 71.605240 81.496240
78.819830 79.219290 73.919250 80.193020
81.480420 77.842690 76.246070 78.909100
84.108690 76.469870 78.600770 77.596060
86.695220 75.055290 80.962810 76.185190
89.188920 73.556030 83.309660 74.674260
91.573040 71.968490 85.617970 73.029600
93.850380 70.285940 87.900520 71.215060
96.020560 68.521450 90.164400 69.284330
98.103890 66.740880 92.383180 67.303600
100.107700 65.034010 94.565030 65.330040
101.996900 63.459780 96.781600 63.417660
103.764900 62.070330 99.017110 61.601920
105.408600 60.801050 101.212400 59.810970
107.003200 59.530310 103.371100 58.015600
108.589500 58.247390 105.479200 56.225620
110.134700 56.970520 107.536300 54.483970
111.717500 55.637520 109.465100 52.786700
113.353400 54.247110 111.244400 51.213310
115.077800 52.831180 112.886600 49.808680
116.904200 51.439420 114.479700 48.533230
118.836800 50.054850 116.094100 47.308580
120.853600 48.602090 117.667200 46.045670
122.938000 47.083700 119.253600 44.825700
125.092700 45.485300 120.910200 43.570750
127.330000 43.820780 122.604700 42.221530
129.637600 42.087830 124.366000 40.851620
131.967100 40.344760 126.171800 39.398910
134.297900 38.609850 128.039500 37.918240
136.621900 36.849050 130.008900 36.361460
138.949900 35.131110 132.039600 34.760200
141.293500 33.464730 134.215400 33.144170
143.603900 31.795640 136.435500 31.443330
145.871800 30.121580 138.704700 29.661760
148.133300 28.418200 140.987300 27.897400
150.347600 26.750990 143.271200 26.111330
152.506100 25.137140 145.553500 24.336160
154.521200 23.603510 147.757900 22.494900
156.409800 22.104300 149.932100 20.648720
158.102600 20.729550 152.079200 18.807920
159.605700 19.470090 154.149700 16.921840
161.034400 18.328640 156.336800 15.159060
162.527500 17.369930 158.622800 13.663420
164.102000 16.690040 161.009400 12.528330
165.725700 16.231240 163.383400 11.861910
167.465400 15.980230 165.700700 11.477800
169.275300 15.912810 167.777000 11.300290
171.157200 15.957740 169.680000 11.262440
173.098700 15.972680 171.470700 11.208560
175.120500 15.945180 173.217500 11.068440
177.167200 15.872150 174.913500 10.926130
179.305300 15.756280 176.607800 10.769120
181.477000 15.604010 178.368000 10.581210
183.703700 15.412020 180.177900 10.342620
185.980700 15.238130 182.054100 10.112090
188.280500 15.072990 184.007200 9.877130
190.577500 14.896800 186.019600 9.679745
192.894300 14.714610 188.074400 9.435753
195.244200 14.510220 190.217200 9.185447
197.633500 14.283820 192.386800 8.940684
200.090000 14.030130 194.616700 8.640947
202.592100 13.785300 196.882000 8.388285
205.104900 13.534110 199.163600 8.054739
207.640700 13.310070 201.444200 7.777053
210.148900 13.111090 203.766000 7.524293
212.697300 12.915740 206.113000 7.257546
215.224700 12.737830 208.514300 7.011083
217.808000 12.513180 210.978200 6.768570
220.389500 12.282700 213.462200 6.412250
223.037500 12.068550 215.959100 6.024886
225.699900 11.872960 218.476100 5.812164
228.380800 11.657570 220.979900 5.492407
231.063800 11.400770 223.491100 5.154410
233.768800 11.157120 226.016100 4.831609
236.452700 10.908570 228.580300 4.514940
239.115400 10.628320 231.156800 4.129681
241.756200 10.390980 233.801900 3.888450
244.376200 10.177670 236.419800 3.428364
246.942400 9.977031 239.093300 3.100258
249.503100 9.796410 241.764700 2.814117
251.962400 9.616742 244.468000 2.545848
254.329800 9.452561 247.134200 2.334463
256.557200 9.297183 249.796700 2.116107
258.681500 9.140396 252.412500 1.886412
260.487900 8.870715 255.014800 1.596520
262.171000 8.558198 257.546900 1.203560
263.852900 8.246051 260.035900 0.744185
265.533700 7.934305 262.407200 0.227869
267.212200 7.623220 264.670100 -0.310321
268.719700 7.309828 266.747200 -0.957369
269.768600 7.040605 268.781900 -1.437043
270.654800 6.869143 270.447500 -1.811080
271.433400 6.780906 272.124400 -2.095680
272.188300 6.798910 273.818900 -2.085249
272.939800 6.915555 275.510500 -1.971014
273.674100 7.139266 277.164100 -1.551914
274.435500 7.486302 278.371300 -0.946554
275.206100 8.021776 279.243600 -0.437022
275.841400 9.123003 279.818700 0.195379
276.399700 10.403880 280.267900 0.816944
276.938800 11.672800 280.592500 1.504246
277.461700 12.927990 280.844800 2.220719
277.969300 14.165350 281.042900 2.984899
278.402000 15.600760 281.194000 3.838595
278.675500 17.540870 281.334300 4.806925
278.887100 19.689590 281.439300 6.209579
279.050300 22.004090 281.564800 7.592643
279.153100 24.513040 281.666600 8.958195
279.310000 27.147550 281.781900 10.303170
279.492000 29.910160 281.905200 11.623780
279.682000 32.722430 282.109800 13.313580
279.891600 35.618700 282.318400 15.310710
280.117300 38.587970 282.549300 17.525650
280.340800 41.563150 282.813500 19.890530
280.553900 44.602790 283.088200 22.424870
280.757500 47.669170 283.321600 25.094610
280.966700 50.717990 283.635800 27.865750
281.189800 53.763250 283.921000 30.683100
281.387500 56.840290 284.198300 33.607800
281.609200 59.915920 284.478300 36.562770
281.892800 62.993940 284.867700 39.545580
282.168100 66.061440 285.160900 42.580770
282.386200 69.137860 285.463000 45.632260
282.581400 72.205720 285.743500 48.661810
282.741100 75.260420 286.001800 51.716670
282.945600 78.300480 286.328700 54.767350
283.185400 81.322840 286.628900 57.838650
283.441700 84.363870 286.993400 60.889190
283.683800 87.353300 287.309900 63.960140
283.940100 90.352150 287.691300 66.995750
284.231300 93.355260 288.074600 70.044420
284.541900 96.345100 288.482500 73.060740
284.938000 99.320580 288.980200 76.068630
285.395000 102.259500 289.516600 79.034240
285.844100 105.163200 290.091800 82.037660
286.321900 108.053700 290.629400 84.962040
286.793800 110.912200 291.205700 87.929780
287.216900 113.736500 291.675900 90.888650
287.630900 116.518500 292.191000 93.856330
288.058700 119.219300 292.784200 96.787200
288.448800 121.780900 293.150500 99.715300
288.846400 124.280600 293.703800 102.592400
289.285300 126.630100 294.423700 105.414700
289.743500 128.835400 295.096000 108.216300
290.213000 130.821100 295.760300 110.958700
290.683600 132.626000 296.423400 113.677600
291.166200 134.262000 297.059800 116.271600
291.580800 135.832500 297.783400 118.734800
291.961700 137.426400 298.290700 121.162100
292.194000 139.020100 298.758900 123.443400
292.237900 140.604400 299.002600 125.620300
291.762300 142.158200 298.757000 127.561300
290.662500 143.578100 298.313300 129.310400
289.562400 144.964600 297.647900 130.828900
288.468100 146.318100 296.669500 132.108900
287.386000 147.641500 295.493900 133.234800
286.399400 148.976200 294.216000 134.168600
284.571900 149.919400 292.818000 134.929300
282.598600 150.835500 291.273300 135.740200
280.553400 151.805400 289.721400 136.617200
278.418500 152.847000 288.157200 137.414800
276.187000 153.972900 286.640800 138.230100
273.848800 155.201700 285.197800 139.113300
271.423500 156.516000 283.704600 140.024900
268.909500 157.880900 281.894300 141.106800
266.393100 159.278800 280.003700 142.218900
263.831700 160.712200 278.056800 143.422700
261.343100 162.229400 276.099900 144.816000
258.927700 163.839100 274.073700 146.331200
256.567900 165.515700 271.996500 148.006400
254.220600 167.219800 269.804100 149.714600
251.812400 168.915300 267.538500 151.453900
249.342900 170.564800 265.224200 153.161700
246.829700 172.171100 262.800000 154.826100
244.268800 173.728400 260.414800 156.438200
241.687800 175.211100 258.019200 158.054600
239.066600 176.646400 255.568300 159.555400
236.435100 178.027700 253.054600 161.011700
233.828600 179.391700 250.500200 162.478600
231.251200 180.752600 247.943500 163.950500
228.707700 182.113100 245.372700 165.458600
226.214900 183.484500 242.818600 166.977700
223.769900 184.811700 240.308100 168.541800
221.367300 186.107100 237.738700 170.034900
219.059200 187.344000 235.229800 171.581400
216.843700 188.521200 232.737700 173.108800
214.730300 189.612200 230.226100 174.515300
212.761600 190.600600 227.736300 175.900900
210.934100 191.518800 225.288100 177.276800
209.293500 192.364900 222.715700 178.180000
207.831400 193.113300 220.251200 179.194200
206.576700 193.798300 217.965400 180.286200
205.539900 194.395600 215.879000 181.596200
204.729700 194.901600 213.886300 182.680500
204.122300 195.321500 212.295900 184.091900
203.546300 195.745200 210.781500 185.354300
203.042900 196.282400 209.492000 186.531600
202.515700 196.788100 208.313400 187.573500
201.945400 197.325500 207.420800 188.555600
201.195300 198.000000 206.622500 189.330100
200.227400 198.808500 206.003500 189.921200
199.076800 199.760000 205.494800 190.421600
197.730700 200.791700 204.953200 190.891200
196.253000 201.872000 204.405800 191.377200
194.623700 202.967100 203.831700 191.824600
192.619800 204.117900 203.166100 192.324700
190.615300 205.269000 202.281900 192.968800
188.611600 206.419500 201.189900 193.720700
186.608000 207.569800 199.901400 194.597500
184.604500 208.720100 198.469300 195.575700
182.452000 209.923800 196.938000 196.628600
180.162600 211.202300 195.206300 197.785600
177.855000 212.473600 193.294000 199.055600
175.554100 213.761200 191.365200 200.300200
173.260900 215.031900 189.444700 201.554000
171.006800 216.296100 187.525400 202.810600
168.770100 217.549300 185.621200 204.064200
166.635700 218.725900 183.508400 205.497200
164.640400 219.823800 181.338800 206.956200
162.800000 220.792300 179.102700 208.315600
161.109900 221.618400 176.843600 209.628900
159.510500 222.334400 174.533800 210.793900
157.845500 222.860900 172.163900 211.734200
156.181300 223.202900 169.736400 212.432300
154.511100 223.364000 167.406500 212.857200
152.786900 223.350100 165.206800 212.985500
150.969000 223.245000 163.200700 213.021600
149.048400 223.060600 161.381700 213.003900
146.999200 222.886700 159.637800 213.008700
144.811400 222.709100 157.908200 213.013500
142.452400 222.507300 156.228200 213.051000
139.985700 222.307100 154.541300 213.062100
137.342300 222.162600 152.793700 213.099500
134.568800 222.029900 150.940500 213.162900
131.695500 221.932100 148.976200 213.259800
128.711000 221.803000 146.879000 213.326800
125.647300 221.650100 144.634700 213.400700
122.615400 221.500000 142.237500 213.442700
119.543800 221.309500 139.715700 213.471900
116.511500 221.102100 137.034500 213.486200
113.516800 220.903600 134.224000 213.496700
110.545200 220.708000 131.325700 213.478000
107.636200 220.532300 128.306800 213.525500
104.717200 220.373700 125.267400 213.660100
101.840600 220.218600 122.224600 213.661200
98.994700 220.067300 119.162700 213.744400
96.181550 219.895100 116.161800 213.813900
93.438620 219.686500 113.168500 213.865300
90.855460 219.500600 110.223200 213.888200
88.388610 219.326300 107.324000 213.913300
86.123680 219.157800 104.422700 213.973100
84.049970 219.045300 101.576200 214.119300
82.152880 219.016300 98.756410 214.338000
80.388010 219.115100 96.030230 214.506700
78.664760 219.366200 93.377360 214.708400
77.016290 219.796000 91.005830 215.646500
75.461480 220.446100 88.915210 216.816000
74.069090 221.411200 87.273210 218.241900
72.862850 222.604000 85.947770 219.729400
71.841850 224.015300 84.979700 221.283400
71.023420 225.699900 84.397830 222.923400
70.421670 227.540000 84.015110 224.596500
70.034550 229.518400 83.921190 226.279800
69.813760 231.610700 83.891460 227.949300
69.670080 233.800300 84.078030 229.623400
69.603690 236.022800 84.198570 231.332700
69.545910 238.342600 84.269640 233.107800
69.499400 240.719700 84.356640 234.985100
69.469400 243.192800 84.480040 236.936500
69.384530 245.776400 84.600940 238.958300
69.232580 248.432800 84.672810 241.088700
69.094640 251.146000 84.758280 243.277100
68.950990 253.982700 84.861030 245.512200
68.811860 256.917100 84.987690 247.846500
68.650580 259.920100 85.140830 250.228100
68.462200 263.082100 85.295140 252.725500
68.288560 266.252800 85.496310 255.319900
68.096650 269.464100 85.617700 257.982600
67.903830 272.683000 85.708710 260.716600
67.721470 275.872400 85.893790 263.572500
67.525460 279.043300 86.006720 266.510700
67.317450 282.219100 86.137420 269.553900
67.111650 285.343500 86.238500 272.705200
66.901350 288.508400 86.351600 275.880700
66.688140 291.652400 86.477410 279.082200
66.478800 294.782200 86.649030 282.273300
66.289190 297.878200 86.920920 285.428200
66.078070 300.944500 87.028080 288.582100
65.826270 304.008500 87.089820 291.730400
65.573590 307.018200 87.166170 294.854900
65.274710 310.032300 87.175160 297.998900
64.924470 313.030600 87.190770 301.118200
64.540610 315.995300 87.096520 304.221000
64.089990 318.947600 86.910500 307.278400
63.671720 321.903700 86.787700 310.327700
63.304260 324.895900 86.728950 313.356500
62.967580 327.898100 86.633980 316.356700
62.699080 330.909200 86.637130 319.357400
62.553590 333.929000 86.708610 322.355300
62.402330 336.963400 86.813530 325.314300
62.266570 340.021300 86.967650 328.273700
62.116500 343.035800 87.161820 331.245700
61.993500 346.032900 87.393490 334.239800
61.866370 348.989100 87.603880 337.225300
61.760870 351.857800 87.929640 340.223700
61.679290 354.611700 88.153880 343.212400
61.586300 357.261400 88.319170 346.228900
61.550600 359.776900 88.473220 349.272100
61.577240 362.145700 88.847370 352.226500
61.603020 364.290800 89.345740 355.160900
61.628690 366.323100 89.724530 358.058300
61.649880 368.352400 89.989730 360.846600
61.624730 370.355800 90.190170 363.542500
61.511180 372.339500 90.329160 366.125700
61.271590 374.388200 90.266840 368.579800
60.966710 376.528400 90.226380 370.858100
60.637150 378.796200 90.103480 372.923800
60.324540 381.208000 90.077620 374.929200
60.065570 383.741300 90.075770 376.946800
59.884830 386.413700 90.184230 378.916300
59.789830 389.195600 90.320140 380.905500
59.765420 392.106700 90.518880 382.972200
59.766400 395.121300 90.760180 385.145000
59.728620 398.268800 90.969220 387.470300
59.673270 401.492900 91.151790 389.907200
59.575390 404.694600 91.395990 392.479000
59.425140 407.916600 91.551210 395.159600
59.267000 411.104300 91.757920 397.971600
59.084670 414.257800 92.016790 400.879600
58.913680 417.417100 92.196300 403.919100
58.748810 420.528100 92.442830 407.071300
58.574140 423.604200 92.650820 410.259200
58.437200 426.635400 92.870190 413.439100
58.286850 429.523300 93.117260 416.617600
58.117570 432.280500 93.303790 419.767600
57.924100 434.902000 93.438370 422.904200
57.663190 437.382700 93.515150 426.026400
57.368250 439.710400 93.622840 429.103400
57.036690 441.889000 93.515750 432.143200
56.656850 443.874800 93.370110 435.108000
56.323860 445.645400 93.197840 437.924600
56.148660 447.270100 93.150030 440.616100
56.616130 448.530800 93.585650 443.146200
57.333540 449.649800 94.372990 445.434300
58.025620 450.723300 95.766560 447.249200
58.683230 451.752100 97.315510 448.727500
59.300760 452.745900 98.973150 449.747900
60.051910 453.493100 100.574200 450.384100
61.232100 453.863600 102.106900 450.691700
62.575150 454.072200 103.456200 450.731100
64.075560 454.193600 104.752700 450.711300
65.729870 454.237800 105.996800 450.620000
67.536180 454.320400 107.188500 450.531500
69.481920 454.413600 108.332800 450.440100
71.568440 454.517900 109.497400 450.411100
73.783230 454.637300 110.761800 450.374000
76.158670 454.789800 112.150800 450.325400
78.646770 454.943100 113.697100 450.242900
81.225870 455.115600 115.391100 450.203400
83.916780 455.302300 117.235700 450.159400
86.702020 455.456700 119.222800 450.107000
89.526350 455.578300 121.334000 450.007800
92.412350 455.733700 123.597500 449.906500
95.328570 455.895400 125.996100 449.841300
98.249890 456.054300 128.507200 449.681900
101.184100 456.224200 131.094000 449.521600
104.093100 456.393100 133.825300 449.481900
106.998900 456.525600 136.600700 449.317200
109.897200 456.654500 139.434000 449.206000
112.749700 456.816600 142.317100 449.019100
115.610200 456.965500 145.224900 448.971900
118.400100 457.099300 148.132600 448.787800
121.145900 457.258900 151.050100 448.653400
123.876500 457.448100 153.935200 448.524400
126.583800 457.666500 156.828100 448.468400
129.241600 457.972700 159.698900 448.530800
131.877300 458.360200 162.540300 448.588800
134.472300 458.810900 165.366000 448.799900
137.047800 459.328100 168.121500 448.995900
139.578900 459.909300 170.831500 449.313600
142.082300 460.548100 173.530700 449.686700
144.536100 461.240400 176.179700 450.188100
146.935100 462.035700 178.780300 450.751800
149.323900 462.890800 181.369800 451.370500
151.645200 463.789700 183.909600 451.958100
153.953700 464.746000 186.435200 452.690500
156.216300 465.719100 188.894300 453.444700
158.442000 466.755000 191.343700 454.280400
160.610800 467.844100 193.720200 455.148200
162.721500 468.976400 196.051600 456.142600
164.765200 470.136200 198.388100 457.102400
166.772400 471.335900 200.672500 458.047200
168.632200 472.526000 202.941400 459.088100
170.346500 473.697400 205.167400 460.100000
171.909300 474.797000 207.402300 461.096600
173.302800 475.783300 209.582100 462.157100
174.556500 476.625400 211.660700 463.301400
175.656700 477.273900 213.817100 464.240100
176.667400 477.791400 215.893100 465.213900
177.693700 478.199200 217.971300 465.812800
178.769200 478.445200 219.971200 466.107500
179.820200 478.560500 221.808600 466.177900
180.911200 478.531600 223.431400 466.022500
182.068600 478.323700 224.801600 465.669900
183.262200 477.935100 225.896600 465.210900
184.488300 477.285200 226.818900 464.605600
185.759400 476.306800 227.620000 463.859900
187.077400 475.006900 228.326700 463.058700
188.478700 473.464500 228.960800 462.236400
189.953700 471.703500 229.586300 461.333300
191.518900 469.725200 230.255100 460.359000
193.208300 467.608400 230.954800 459.293800
195.017400 465.320900 231.723900 458.083800
196.863700 462.933100 232.580700 456.672600
198.729100 460.522700 233.626800 455.097300
200.614200 458.121400 234.802200 453.342600
202.510500 455.730200 236.123700 451.425400
204.411000 453.358300 237.551800 449.319400
206.321800 451.001000 239.047200 447.038500
208.222000 448.665100 240.677800 444.623600
210.114400 446.337900 242.361300 442.162500
211.976500 444.014500 244.074900 439.715200
213.836200 441.706600 245.751800 437.232300
215.683700 439.420500 247.418100 434.747600
217.555600 437.143300 249.133800 432.321700
219.471300 434.824100 250.844600 429.897000
221.450500 432.447100 252.544600 427.488400
223.466700 430.017100 254.223900 425.071500
225.486700 427.604100 255.895400 422.686000
227.506500 425.191500 257.562800 420.311700
229.526100 422.779100 259.195000 417.944200
231.545400 420.367100 260.886600 415.564600
233.564400 417.955300 262.643800 413.147800
235.559300 415.588300 264.457900 410.684800
237.436800 413.389000 266.276900 408.163700
238.780200 411.507400 268.067700 405.638900
239.937800 409.690800 269.756700 403.047600
241.095100 407.877000 271.408100 400.427400
242.251200 406.068000 272.817900 397.678500
243.408000 404.262500 273.776600 394.736300
244.011000 402.484000 274.144600 391.775800
244.001400 400.839200 273.961300 389.031300
243.616800 399.284000 273.242500 387.016000
242.890100 397.828700 272.147500 385.182900
241.873600 396.462000 270.791100 383.534700
240.631500 395.201500 269.180400 382.121700
239.221600 394.033800 267.354200 380.889400
237.618600 392.957600 265.910900 380.073800
235.793400 391.994800 264.409900 379.439900
233.764600 391.138800 262.883600 378.953900
231.526900 390.407500 261.272200 378.527500
229.101900 389.773400 259.579700 378.143800
226.502900 389.204300 257.772800 377.855100
223.725900 388.759000 255.923000 377.724900
220.797800 388.372500 253.954000 377.606400
217.710700 387.983400 251.853600 377.535100
214.530600 387.607200 249.619200 377.444200
211.281800 387.245500 247.221400 377.372700
207.989900 386.906600 244.674000 377.324400
204.658000 386.595500 241.965600 377.311500
201.286800 386.304300 239.119100 377.276600
197.918900 386.031200 236.120600 377.288800
194.555800 385.786300 232.987600 377.323300
191.207200 385.554600 229.781700 377.332200
187.886200 385.358400 226.512600 377.419500
184.599200 385.187900 223.201100 377.417200
181.348200 385.028900 219.858600 377.458900
178.125300 384.880300 216.493000 377.547800
174.940200 384.732200 213.126200 377.625900
171.787000 384.605200 209.764000 377.706400
168.667500 384.479200 206.443600 377.820500
165.610000 384.375800 203.150600 378.002500
162.651900 384.300900 199.893900 378.060000
159.841600 384.253100 196.669200 378.240800
157.212800 384.244100 193.475700 378.470300
154.757500 384.238100 190.322600 378.713300
152.465500 384.177300 187.201100 378.852500
150.349500 384.033300 184.117100 378.856800
148.462800 383.774700 181.098700 378.680400
146.861800 383.342900 178.274200 378.037000
145.493000 382.652100 175.824900 376.797900
144.342900 381.710300 173.642400 375.478300
143.476000 380.548800 172.078400 373.676800
142.885900 379.215000 171.028100 371.724200
142.512900 377.743300 170.386600 369.788400
142.317800 376.136600 169.996200 368.039700
142.188100 374.395800 169.733900 366.474400
142.147200 372.567400 169.573400 364.992800
142.122900 370.607400 169.400300 363.547900
142.117600 368.494900 169.266700 362.123900
142.130800 366.233800 169.196000 360.655000
142.204400 363.814600 169.103800 359.083900
142.299400 361.231000 169.006500 357.461200
142.415300 358.474700 168.920700 355.714900
142.582500 355.558100 168.844300 353.872300
142.739700 352.539000 168.806500 351.884600
142.891900 349.439100 168.686200 349.755000
143.064500 346.281300 168.568900 347.465600
143.227100 343.091000 168.448200 345.026400
143.425200 339.887400 168.375200 342.410800
143.616200 336.700500 168.257800 339.633300
143.795900 333.502200 168.163600 336.696000
144.005700 330.337500 168.053100 333.682100
144.230000 327.130600 167.883700 330.600100
144.419100 323.896200 167.747000 327.471700
144.587400 320.591100 167.490100 324.320900
144.754600 317.239000 167.326500 321.163100
144.941900 313.833000 167.144500 318.005700
145.157300 310.363000 167.047200 314.853500
145.368500 306.861100 166.936000 311.709400
145.569800 303.322100 166.720800 308.545200
145.779600 299.781500 166.564500 305.312300
145.995800 296.224300 166.517300 302.028300
146.232800 292.723700 166.338900 298.694800
146.466500 289.221500 166.131500 295.297600
146.685200 285.746000 166.056100 291.855100
146.893800 282.281200 165.884400 288.382500
147.103700 278.834100 165.786500 284.869600
147.309200 275.380000 165.648700 281.356200
147.469000 272.014900 165.464000 277.845600
147.644100 268.640500 165.239400 274.390300
147.828000 265.287400 165.112500 270.923000
148.018700 262.011300 165.059400 267.497600
148.191600 258.776500 164.892700 264.082200
148.362500 255.568000 164.693200 260.669900
148.542700 252.484800 164.509700 257.277300
148.699400 249.530100 164.268000 253.968300
148.855100 246.697000 164.060100 250.622600
149.012000 244.059600 163.930200 247.325000
149.177500 241.565300 163.831500 244.092200
149.354100 239.240800 163.731700 240.901600
149.518500 237.141100 163.624500 237.755200
149.688400 235.241100 163.568800 234.749400
149.831600 233.536700 163.524500 231.862700
149.906300 232.004900 163.274000 229.144600
149.838700 230.619900 162.845700 226.599000
149.635100 229.344100 162.351400 224.229800
149.241300 228.150200 161.487500 222.149500
148.716100 227.039600 160.455100 220.399900
148.000700 226.008200 159.270100 219.000200
147.075700 225.048900 158.031200 217.913800
145.937600 224.217300 156.795400 217.107900
144.564400 223.496400 155.573300 216.579900
143.010800 222.963900 154.349600 216.227900
141.316600 222.568700 153.130100 216.010200
139.454500 222.334500 151.911800 215.906500
137.425000 222.166300 150.600100 215.833500
135.205500 222.050100 149.246200 215.788900
132.804000 221.961500 147.821200 215.851500
130.267400 221.919300 146.261800 215.928100
127.508700 221.882500 144.596800 215.994400
124.622700 221.854300 142.830100 216.065900
121.664000 221.830100 140.908400 216.114800
118.657200 221.763300 138.832600 216.190700
115.641600 221.685500 136.557700 216.226700
112.627300 221.570300 134.138900 216.325500
109.673500 221.356100 131.537900 216.376600
106.754900 221.166500 128.741000 216.451200
103.815900 220.977200 125.859100 216.490500
100.933900 220.822800 122.895700 216.498000
98.075460 220.656000 119.899500 216.562700
95.253020 220.487500 116.905100 216.634700
92.486910 220.344500 113.916200 216.689700
89.875370 220.223200 110.997100 216.777700
87.458400 220.103100 108.082200 216.872400
85.308900 219.940400 105.177400 216.995800
83.404740 219.814900 102.322200 217.180500
81.811460 219.719400 99.536950 217.122600
80.386560 219.682400 96.766680 217.284200
79.003730 219.767200 94.105440 217.736100
77.660700 220.007600 91.670640 218.231600
76.371580 220.406400 89.567950 219.116400
75.155860 220.960300 87.829700 220.186700
74.011040 221.726500 86.411780 221.251100
72.923470 222.715600 85.237340 222.087000
71.978870 223.872400 84.460200 223.204700
71.184520 225.266700 83.940550 224.462200
70.559680 226.755300 83.617550 225.758500
70.106430 228.212400 83.424190 227.072600
69.780350 229.717400 83.345780 228.383200
69.611080 231.273600 83.399610 229.784300
69.507330 232.885000 83.496090 231.242100
69.413710 234.508900 83.599960 232.761300
69.343880 236.144900 83.809760 234.350000
69.165330 237.775100 83.885010 235.911000
68.850580 239.377200 83.791540 237.420800
68.411010 240.827300 83.287160 238.839100
67.727420 242.111200 82.783010 240.296500
66.803100 243.182900 81.960100 241.663400
65.701790 244.107800 80.855360 242.813300
64.448250 244.782200 79.568440 243.792000
63.080800 245.260000 78.100370 244.501300
61.580750 245.474700 76.534640 244.900900
60.021940 245.545100 75.085160 245.151000
58.373630 245.501300 73.654030 245.275200
56.557790 245.387700 72.232850 245.417500
54.575700 245.267600 70.805430 245.528600
52.422320 245.171900 69.395560 245.679700
50.087930 245.081900 67.925050 245.795400
47.581640 245.008900 66.406740 245.941800
44.918970 244.937600 64.835280 246.102700
42.122820 244.817200 63.154570 246.325900
39.164720 244.672400 61.301470 246.503700
36.057060 244.510700 59.279020 246.671200
32.840100 244.318200 57.083270 246.859500
29.595440 244.119000 54.698000 246.966000
26.356030 243.938500 52.164200 247.159800
23.136280 243.778100 49.477160 247.242600
19.923890 243.574600 46.654680 247.436500
16.771670 243.333700 43.653750 247.619200
13.661940 243.082500 40.533920 247.799600
10.666390 242.818300 37.304200 247.906800
7.814747 242.555200 34.080820 248.101800
5.139292 242.325200 30.861110 248.266100
2.679849 242.118700 27.661660 248.374400
0.450309 241.930700 24.495100 248.565400
-1.528966 241.776000 21.363540 248.713200
-3.228819 241.670700 18.309590 249.012400
-4.618300 241.633500 15.400870 249.451400
-5.727634 241.635600 12.698540 250.057800
-6.594910 241.676300 10.162220 250.532800
-7.316062 241.736500 7.931882 251.201700
-7.999830 241.824600 5.882951 251.783500
-8.668434 241.971800 4.146559 252.450700
-9.310473 242.159800 2.696610 253.072300
-10.040280 242.489600 1.610800 253.704200
-10.900630 242.986700 0.775069 254.223000
-11.788840 243.696900 0.244638 254.804600
-12.605680 244.629900 -0.150349 255.359000
-13.325190 245.805400 -0.431767 255.972100
-13.876090 247.212100 -0.618527 256.605200
-14.262280 248.903900 -0.651464 257.284200
-14.456720 250.843200 -0.617384 258.144100
-14.534350 252.994100 -0.500310 259.174000
-14.597030 255.350200 -0.326018 260.297200
-14.667090 257.910700 -0.109516 261.532100
-14.735990 260.649600 0.279950 262.901800
-14.849520 263.575900 0.474998 264.480000
-14.957480 266.729800 0.585956 266.253300
-15.059630 270.015600 0.700126 268.225100
-15.182710 273.477200 0.969224 270.392500
-15.303150 277.021400 1.112195 272.779400
-15.440230 280.658500 1.334916 275.340900
-15.590580 284.351600 1.580805 278.084200
-15.764490 288.068200 1.759334 281.035300
-15.946800 291.811700 1.875337 284.185300
-16.099940 295.543400 2.140637 287.473800
-16.260060 299.308400 2.419814 290.915300
-16.425310 303.105800 2.642509 294.422200
-16.590140 306.893300 2.961808 298.025000
-16.756680 310.705900 3.188823 301.643000
-16.910250 314.536100 3.334164 305.320600
-17.062160 318.371600 3.461694 308.995500
-17.211700 322.183300 3.596258 312.665500
-17.359600 325.995800 3.773892 316.377800
-17.503240 329.777900 3.933698 320.123300
-17.652950 333.537700 4.218735 323.846100
-17.803470 337.274400 4.507910 327.599300
-17.965510 340.928300 4.681583 331.371500
-18.139020 344.467400 4.844127 335.136000
-18.309560 347.827300 5.064657 338.889100
-18.498430 351.069300 5.173949 342.636600
-18.657830 354.177800 5.401067 346.344200
-18.779270 357.113600 5.561640 350.021000
-18.870160 359.864000 5.834709 353.672900
-18.946200 362.402300 5.976752 357.244600
-18.990920 364.711200 6.130499 360.668600
-19.050610 366.784400 6.330640 363.916400
-19.150770 368.599600 6.520964 367.071100
-19.288630 370.232600 6.532653 370.064400
-19.600770 371.746300 6.279096 372.859500
-20.181060 373.134000 5.440020 375.325000
-21.046240 374.352900 4.117920 377.352900
-22.127780 375.353800 2.652050 378.996000
-23.457040 376.098400 1.095506 380.155500
-24.934490 376.556700 -0.502709 380.776800
-26.555040 376.670400 -2.069108 381.039100
-28.276760 376.521700 -3.599018 381.068400
-30.056280 376.231600 -5.098258 380.971000
-31.975970 375.881500 -6.583086 380.857700
-34.041570 375.538800 -8.064604 380.743500
-36.312400 375.174700 -9.601652 380.637400
-38.740670 374.815500 -11.169990 380.585700
-41.349510 374.513500 -12.827640 380.580400
-44.097790 374.260800 -14.558220 380.584600
-47.011360 374.040700 -16.406360 380.667500
-50.040150 373.823900 -18.377460 380.766900
-53.185680 373.618900 -20.535050 380.879600
-56.406270 373.421900 -22.867800 380.991200
-59.653410 373.251300 -25.354500 381.115800
-62.943060 373.083600 -28.010990 381.259500
-66.219570 372.909300 -30.805800 381.358300
-69.486870 372.732000 -33.748730 381.550300
-72.726120 372.532900 -36.799060 381.717100
-75.949990 372.348800 -39.962140 381.819200
-79.132360 372.198800 -43.177880 382.034500
-82.276670 372.085900 -46.409900 382.241400
-85.318380 372.021300 -49.666750 382.548200
-88.202870 371.999200 -52.912990 382.790900
-90.927450 371.989600 -56.140430 383.083700
-93.555550 371.974900 -59.346710 383.356700
-96.169310 371.894100 -62.530960 383.596300
-98.735200 371.699400 -65.684300 383.612000
-101.335900 371.405700 -68.785200 383.585400
-104.006100 371.090100 -71.757170 383.570300
-106.771100 370.792200 -74.570400 383.570900
-109.682200 370.477800 -77.242210 383.639500
-112.739100 370.228500 -79.849410 383.759100
-115.931600 370.036400 -82.418200 384.038100
-119.286600 369.828600 -84.973510 384.189500
-122.729500 369.724600 -87.589160 384.391500
-126.288700 369.671200 -90.271970 384.633400
-129.839700 369.662300 -93.075480 384.902300
-133.385600 369.650900 -95.983000 385.114600
-136.894400 369.634000 -99.077510 385.376100
-140.398100 369.514400 -102.289700 385.511400
-143.862100 369.340500 -105.642800 385.620100
-147.327600 369.166400 -109.116900 385.778800
-150.737000 368.971100 -112.640600 385.917400
-154.158600 368.781900 -116.168700 385.941500
-157.533900 368.539100 -119.670600 385.981500
-160.863100 368.281900 -123.161000 386.021600
-164.185700 368.025000 -126.623100 386.102100
-167.432800 367.748600 -130.074500 386.049300
-170.642400 367.488400 -133.499200 386.158100
-173.841400 367.227100 -136.897500 386.225400
-177.023700 366.951400 -140.284800 386.278500
-180.244500 366.730400 -143.625200 386.389600
-183.473900 366.580900 -146.933000 386.473900
-186.744800 366.472000 -150.208700 386.617000
-190.033500 366.367300 -153.434800 386.721600
-193.355400 366.250500 -156.601100 386.867400
-196.716900 366.188600 -159.768800 387.134200
-200.121200 366.182600 -162.939500 387.403600
-203.540500 366.199800 -166.119900 387.763900
-206.952700 366.227500 -169.320500 388.062900
-210.347900 366.285500 -172.555000 388.455900
-213.706200 366.365900 -175.808400 388.808800
-217.009500 366.481900 -179.088100 389.210900
-220.179700 366.654500 -182.410300 389.609200
-223.191200 366.879000 -185.741600 390.144600
-226.097000 367.114900 -189.079500 390.711100
-228.814800 367.345400 -192.399000 391.281100
-231.386300 367.584000 -195.682300 391.919000
-233.712600 367.887700 -198.909800 392.656000
-235.782000 368.275800 -202.014700 393.527000
-237.675400 368.737900 -204.882600 394.649600
-239.369400 369.206200 -207.616400 395.694800
-240.923900 369.617600 -210.236700 396.729500
-242.343700 369.946600 -212.742700 397.596900
-243.617800 370.200700 -215.089200 398.337800
-244.859400 370.340600 -217.286900 398.793400
-246.077300 370.391700 -219.301800 399.065300
-247.267700 370.379800 -221.163200 399.210000
-248.493500 370.333700 -222.840900 399.349400
-249.783700 370.306600 -224.373400 399.559600
-251.078800 370.299200 -225.717000 399.807800
-252.358200 370.349900 -226.949600 399.915000
-253.632100 370.436500 -228.178300 399.938700
-254.850600 370.581800 -229.341600 400.183400
-255.940600 370.729900 -230.489500 400.438400
-256.915700 370.895600 -231.684700 400.711400
-257.880300 371.026600 -232.930400 400.915500
-258.825300 371.074700 -234.192000 401.057400
-259.790200 371.036700 -235.447800 401.068200
-260.853800 370.865000 -236.699700 400.888900
-261.981300 370.525600 -237.866300 400.693800
-263.149900 369.955400 -238.839100 400.319100
-264.334300 369.128800 -239.697400 399.842100
-265.453200 367.983800 -240.431100 399.216500
-266.451000 366.525200 -241.057400 398.512300
-267.251800 364.723800 -241.590800 397.670000
-267.949500 362.709300 -242.101800 396.707000
-268.506500 360.485200 -242.548700 395.581200
-268.941500 358.026800 -242.942500 394.307600
-269.220400 355.348600 -243.303200 392.856100
-269.448800 352.477300 -243.656800 391.248400
-269.718000 349.407100 -244.049400 389.486700
-269.985700 346.177700 -244.446100 387.539200
-270.257600 342.841000 -244.884600 385.423100
-270.518100 339.408900 -245.348100 383.146200
-270.754500 335.850800 -245.822000 380.655400
-270.955500 332.279200 -246.343100 377.994400
-271.100700 328.699800 -246.835500 375.117300
-271.205200 325.126400 -247.307900 372.058800
-271.267700 321.587300 -247.818700 368.864500
-271.275200 318.070500 -248.250900 365.571700
-271.222900 314.582000 -248.622800 362.171000
-271.120000 311.120600 -248.952600 358.646500
-270.978000 307.683800 -249.257600 355.157300
-270.782700 304.265600 -249.469200 351.642700
-270.528600 300.853100 -249.661500 348.161200
-270.242000 297.429400 -249.815400 344.703600
-269.919600 293.989900 -249.914500 341.263300
-269.545200 290.528500 -249.970500 337.842800
-269.141700 287.042100 -250.069400 334.464900
-268.688300 283.528200 -250.075100 331.102600
-268.188900 279.998100 -250.009900 327.756800
-267.644900 276.438400 -249.943500 324.406500
-267.060700 272.864800 -249.808500 321.038000
-266.415600 269.267600 -249.677100 317.648000
-265.703700 265.659900 -249.464900 314.241300
-264.933700 262.028500 -249.191200 310.808200
-264.083600 258.356100 -248.841700 307.363000
-263.198600 254.694500 -248.477800 303.897500
-262.249500 251.044300 -248.036400 300.397500
-261.237300 247.429800 -247.582800 296.893600
-260.189300 243.839800 -247.035600 293.353500
-259.094000 240.246100 -246.403100 289.816100
-257.955600 236.666200 -245.736100 286.235000
-256.772700 233.104800 -244.964500 282.634900
-255.531300 229.548500 -244.157600 279.054900
-254.248400 226.028100 -243.300800 275.488600
-252.919100 222.544000 -242.372300 271.955900
-251.574800 219.079600 -241.473800 268.416400
-250.208800 215.633800 -240.524400 264.883500
-248.823500 212.212300 -239.548600 261.364000
-247.396200 208.816100 -238.581300 257.829000
-245.924600 205.438400 -237.539300 254.311800
-244.407500 202.096000 -236.432100 250.851400
-242.864900 198.761700 -235.276600 247.410300
-241.279000 195.474400 -234.051900 244.011500
-239.649300 192.235800 -232.836100 240.619400
-237.983200 189.035400 -231.573300 237.263400
-236.298900 185.858800 -230.254800 233.928100
-234.588400 182.702700 -228.857300 230.639200
-232.835600 179.589900 -227.481500 227.342800
-231.009300 176.491000 -226.025200 224.089200
-229.111700 173.245900 -224.550200 220.870200
-227.176300 170.021800 -223.069000 217.679500
-225.177100 166.838100 -221.495800 214.542000
-223.121100 163.678300 -219.839000 211.474800
-221.021800 160.583500 -218.143100 208.432400
-218.906700 157.528200 -216.435000 205.387100
-216.758300 154.516100 -214.701300 202.277000
-214.598900 151.542200 -212.821000 199.126900
-212.419400 148.613400 -210.910000 196.000600
-210.228200 145.723000 -208.957600 192.879100
-207.984500 142.875200 -206.948900 189.814000
-205.709300 140.044600 -204.924800 186.792500
-203.367700 137.252600 -202.818100 183.862900
-200.986900 134.476000 -200.772800 180.899500
-198.545200 131.709700 -198.642400 178.030900
-196.059300 128.939500 -196.532200 175.175100
-193.510200 126.196800 -194.404900 172.359100
-190.897300 123.468900 -192.191300 169.596700
-188.227400 120.762000 -189.992400 166.815000
-185.497000 118.076800 -187.744500 164.066200
-182.724000 115.414700 -185.423100 161.354500
-179.874900 112.756200 -182.991600 158.687300
-176.963500 110.129700 -180.546200 156.004700
-174.022700 107.478800 -178.093400 153.286900
-171.062700 104.830200 -175.562400 150.600500
-168.072200 102.205400 -172.993900 147.925300
-165.063500 99.572080 -170.427600 145.203500
-162.094200 96.925240 -167.858300 142.451800
-159.158100 94.245620 -165.334400 139.620200
-156.222000 91.591220 -162.730200 136.801900
-153.302600 88.949020 -160.092800 133.988700
-150.415700 86.290970 -157.533700 131.076600
-147.525700 83.616700 -154.965600 128.157000
-144.616800 80.967880 -152.334900 125.289400
-141.680000 78.334030 -149.714100 122.431700
-138.744900 75.701910 -147.154400 119.546700
-135.803000 73.066790 -144.531100 116.727500
-132.863800 70.434610 -141.925000 113.918800
-129.933000 67.796650 -139.371600 111.065600
-127.009300 65.165490 -136.742400 108.264700
-124.094300 62.565200 -134.103700 105.485100
-121.185800 59.961850 -131.495100 102.654600
-118.275800 57.358150 -128.876000 99.836000
-115.383500 54.746480 -126.268000 96.992880
-112.487100 52.132910 -123.710300 94.127330
-109.563100 49.507800 -121.106400 91.306900
-106.649400 46.882310 -118.548400 88.471090
-103.717200 44.240620 -115.953200 85.687280
-100.776700 41.607720 -113.398300 82.875230
-97.815960 38.955960 -110.814000 80.078650
-94.863170 36.299440 -108.216300 77.293480
-91.884440 33.643060 -105.618800 74.501980
-88.909720 30.989760 -103.046400 71.682380
-85.917480 28.322680 -100.426100 68.884710
-82.929050 25.668410 -97.819680 66.072610
-79.941980 23.038030 -95.219400 63.211000
-76.962720 20.421650 -92.585500 60.384440
-74.007520 17.823510 -89.935410 57.550940
-71.092400 15.226900 -87.282530 54.699470
-68.209240 12.634500 -84.641030 51.838180
-65.354250 10.051970 -81.989180 48.967580
-62.542350 7.481356 -79.379590 46.068000
-59.754040 4.927046 -76.738930 43.221850
-57.009180 2.422195 -74.154780 40.346420
-54.340090 0.009828 -71.575780 37.508110
-51.766990 -2.296378 -69.023330 34.701560
-49.260900 -4.526641 -66.483010 31.899410
-46.853800 -6.677798 -63.956970 29.148320
-44.569730 -8.685225 -61.371440 26.474210
-42.404320 -10.528340 -58.765760 23.872060
-40.364200 -12.198710 -56.183020 21.371490
-38.389800 -13.695430 -53.626420 19.006370
-36.423220 -15.003710 -51.015600 16.925190
-34.423200 -16.097900 -48.304340 15.110330
-32.364650 -16.913830 -45.557770 13.664900
-30.265120 -17.411740 -42.778050 12.740370
-28.163420 -17.604910 -40.088040 12.248410
-26.110560 -17.459960 -37.527380 12.248810
-24.143360 -16.987220 -35.129120 12.555880
-22.296980 -16.217800 -32.895100 13.165670
-20.604650 -15.231400 -30.801940 14.001100
-19.008910 -14.153640 -28.827450 14.954960
-17.427180 -13.090130 -26.926510 15.943980
-15.874640 -12.069320 -25.074800 16.933840
-14.363580 -11.106930 -23.312270 17.971220
-12.922670 -10.242620 -21.502890 18.844330
-11.574780 -9.466819 -19.659880 19.578640
-10.317910 -8.788752 -17.851960 20.296910
-9.188230 -8.193104 -16.127600 21.145780
-8.211014 -7.716742 -14.369820 21.840870
-7.426664 -7.335419 -12.685500 22.576140
-6.732949 -7.004384 -11.027600 23.149800
-6.081177 -6.624412 -9.542752 23.812480
-5.489078 -6.233971 -8.296129 24.662130
-4.934984 -5.802268 -7.133918 25.405780
-4.339961 -5.285216 -6.101542 26.042810
-3.697865 -4.592905 -5.385808 26.756760
-3.037676 -3.769289 -4.838155 27.349290
-2.408137 -2.790908 -4.357384 27.943390
-1.801721 -1.625169 -3.931614 28.544530
-1.269630 -0.215074 -3.618732 29.171190
-0.812186 1.417145 -3.358197 29.829610
-0.577413 3.304554 -3.165053 30.638150
-0.470925 5.426109 -3.012313 31.604610
-0.476637 7.694492 -2.888905 32.672810
-0.570738 10.119870 -2.791623 33.853520
-0.648451 12.686750 -2.658573 35.209160
-0.748385 15.378500 -2.540364 36.744910
-0.860824 18.191740 -2.349466 38.472370
-0.998219 21.084400 -2.210940 40.414350
-1.176238 24.100490 -2.084122 42.545520
-1.395968 27.224660 -1.968560 44.829340
-1.640741 30.420880 -1.892454 47.258460
-1.879320 33.664680 -1.782993 49.824390
-2.150183 36.923590 -1.707880 52.513890
-2.397389 40.249040 -1.590280 55.310520
-2.638864 43.594280 -1.442563 58.195700
-2.848280 46.962570 -1.318075 61.210690
-3.041372 50.356970 -1.204828 64.308140
-3.212653 53.820380 -1.094789 67.484100
-3.380992 57.307360 -0.905600 70.669000
-3.567609 60.834770 -0.761263 73.901540
-3.786600 64.385720 -0.622496 77.180550
-3.981904 67.973540 -0.475864 80.474700
-4.173959 71.565920 -0.067138 83.768810
-4.396788 75.106490 0.033324 87.111210
-4.593996 78.623730 0.204644 90.503130
-4.800834 82.136440 0.351856 93.940790
-5.016400 85.597270 0.566514 97.404020
-5.214554 89.008160 0.740955 100.909600
-5.369648 92.435540 0.909803 104.443100
-5.524006 95.827610 1.201298 107.972200
