0.000000 -0.000000 0.000000 0.000000
0.003267 4.566315 -0.056485 4.550661
-0.031716 9.099118 -0.125492 9.069485
-0.081952 13.587370 -0.162748 13.545930
-0.172757 18.042800 -0.214833 17.987210
-0.267875 22.451640 -0.299432 22.379750
-0.358400 26.802010 -0.400513 26.705550
-0.442803 31.082040 -0.471366 30.964040
-0.523018 35.271990 -0.545354 35.110560
-0.611006 39.330190 -0.589171 39.124530
-0.673187 43.239550 -0.691377 42.972320
-0.695957 46.977480 -0.672046 46.666630
-0.690361 50.605530 -0.659649 50.259600
-0.609462 54.132960 -0.563199 53.749520
-0.411112 57.531050 -0.349187 57.111400
-0.030280 60.807340 0.049741 60.345700
0.568852 63.940690 0.629909 63.446010
1.400581 66.903860 1.470480 66.366840
2.445156 69.702430 2.444748 69.152760
3.697183 72.300100 3.682437 71.740530
5.171922 74.740420 5.153501 74.151620
6.852965 76.941870 6.811139 76.359910
8.750799 78.905900 8.701315 78.298440
10.823450 80.634320 10.728500 80.082470
13.066210 82.178440 13.017580 81.605170
15.504950 83.526400 15.462680 82.943280
18.101340 84.588810 18.063400 84.036340
20.853170 85.339470 20.825920 84.795810
23.704110 85.757740 23.684250 85.201040
26.596700 85.903500 26.598350 85.299320
29.539120 85.860020 29.545470 85.273230
32.495530 85.669740 32.514120 85.054630
35.473920 85.419290 35.506570 84.805120
38.479390 85.150930 38.526880 84.567660
41.523140 84.840110 41.588170 84.320310
44.591610 84.512730 44.671270 83.982480
47.698590 84.159740 47.789670 83.623420
50.851300 83.780360 50.959000 83.259020
54.021280 83.370120 54.144650 82.879060
57.236480 82.963200 57.373960 82.509480
60.484150 82.564450 60.656920 82.144340
63.801630 82.126570 63.975460 81.770920
67.115350 81.671290 67.298440 81.329820
70.485000 81.248710 70.694660 80.971540
73.889090 80.831410 74.099530 80.553770
77.339480 80.402860 77.565490 80.129370
80.814430 79.981940 81.057170 79.722230
84.311560 79.560560 84.548480 79.300320
87.843140 79.132970 88.096410 78.902090
91.452740 78.712050 91.734090 78.526840
95.109110 78.302620 95.406830 78.165260
98.802080 77.939830 99.108750 77.823970
102.537600 77.577720 102.855400 77.526070
106.283100 77.182590 106.606500 77.157910
110.001900 76.763780 110.311900 76.747310
113.690700 76.253080 113.994700 76.309650
117.341000 75.581300 117.630500 75.619810
120.903700 74.751300 121.205400 74.918890
124.437500 73.785660 124.733400 73.954380
127.882800 72.651860 128.184600 72.877640
131.253600 71.361680 131.545100 71.614630
134.528800 69.931300 134.839000 70.237230
137.742000 68.328450 138.085900 68.664690
140.926800 66.546730 141.307900 66.946650
144.031200 64.574810 144.454200 65.028380
147.051200 62.406270 147.491900 62.867750
149.969500 60.049300 150.426100 60.518750
152.781800 57.504160 153.278400 57.991790
155.436800 54.746640 155.997100 55.264490
157.947400 51.752940 158.440400 52.213880
160.279800 48.634580 160.682300 49.046250
162.349000 45.353340 162.687200 45.739170
164.179800 41.946720 164.419100 42.276770
165.830900 38.447790 166.039500 38.761200
167.335400 34.861970 167.463000 35.146300
168.691200 31.242820 168.800000 31.519680
169.969500 27.582240 170.068800 27.863200
171.127300 23.900190 171.326400 24.218010
172.263200 20.221330 172.539900 20.593060
173.377000 16.599090 173.736800 16.998710
174.627000 13.004350 174.998400 13.402900
175.942500 9.442182 176.316200 9.858953
177.356800 5.917093 177.728500 6.321353
178.928800 2.434985 179.258700 2.806586
180.675800 -0.971876 180.996300 -0.586162
182.554400 -4.252484 182.796100 -3.876751
184.560700 -7.384682 184.730100 -7.039895
186.750900 -10.368790 186.901500 -10.025950
189.116500 -13.135630 189.196400 -12.806330
191.665700 -15.656880 191.649400 -15.401820
194.385900 -17.931220 194.389600 -17.635860
197.226100 -19.980800 197.261800 -19.624980
200.271800 -21.743030 200.328400 -21.325870
203.448300 -23.203180 203.458800 -22.873260
206.758900 -24.325190 206.785500 -24.019280
210.184300 -25.068170 210.198600 -24.733500
213.630700 -25.424490 213.651700 -25.093110
217.117000 -25.407460 217.123200 -25.107030
220.571900 -25.039820 220.597000 -24.807230
224.021200 -24.363710 224.063600 -24.161460
227.429900 -23.372920 227.457300 -23.120850
230.747500 -22.058700 230.744000 -21.726730
233.928400 -20.443850 234.031300 -20.266130
237.019600 -18.526770 237.123200 -18.348880
239.961000 -16.355940 240.020800 -16.108460
242.779800 -13.984550 242.820400 -13.706740
245.458500 -11.414060 245.604000 -11.232420
247.997000 -8.674394 248.148300 -8.491435
250.390600 -5.759310 250.536900 -5.557002
252.655600 -2.686673 252.782800 -2.458939
254.806500 0.534019 254.969800 0.737919
256.864000 3.862410 257.021800 4.085902
258.884400 7.263272 259.103300 7.456068
260.877600 10.718320 261.072300 10.925760
262.828700 14.222610 263.030700 14.420710
264.741600 17.745920 264.971000 17.920340
266.637600 21.266150 266.847900 21.452120
268.527700 24.786100 268.815100 24.921180
270.375000 28.334210 270.731000 28.426990
272.219500 31.917810 272.664300 31.974710
274.124700 35.502240 274.633200 35.514450
276.050500 39.060050 276.516700 39.082790
277.989700 42.665330 278.430400 42.708770
279.912600 46.301830 280.332200 46.344140
281.775800 49.949900 282.251300 49.928010
283.563100 53.532720 284.101500 53.459020
285.356500 57.056770 285.947300 56.926020
287.075600 60.536460 287.770700 60.307880
288.712000 63.954910 289.497700 63.644460
290.293900 67.289100 291.161100 66.906190
291.871100 70.559820 292.715000 70.177540
293.538100 73.753600 294.437000 73.333050
295.351100 76.864560 296.288000 76.414260
297.261700 79.892800 298.212000 79.427880
299.367900 82.771990 300.302000 82.294740
301.654700 85.444430 302.546000 84.975720
304.129900 87.873730 304.949000 87.424790
306.795800 90.009740 307.541000 89.599390
309.610300 91.815310 310.324600 91.412810
312.540600 93.287990 313.246600 92.890100
315.589700 94.424870 316.284900 94.043100
318.731100 95.231100 319.409300 94.847010
321.947000 95.719040 322.626100 95.368050
325.202000 95.875140 325.867400 95.513980
328.404100 95.672520 329.020100 95.358290
331.635400 95.086030 332.297100 94.806970
334.756200 94.171900 335.347300 93.872940
337.636900 92.963350 338.258300 92.729500
340.363200 91.461070 340.993300 91.239040
342.964100 89.692180 343.573000 89.370460
345.403300 87.579170 346.027500 87.242710
347.592200 85.092570 348.261300 84.766800
349.463400 82.321490 350.132600 82.010830
351.002500 79.397790 351.673700 79.120330
352.204000 76.402830 352.875400 76.146680
353.107800 73.306490 353.781400 73.025040
353.811200 70.096650 354.517900 69.823250
354.464700 66.889050 355.167700 66.607940
355.047400 63.664610 355.753300 63.392130
355.500500 60.449100 356.163700 60.188030
355.866900 57.296080 356.583500 57.065200
356.198500 54.208160 356.907400 54.000500
356.525800 51.221050 357.350400 51.069910
356.961300 48.369400 357.794600 48.281670
357.538900 45.752540 358.425200 45.751930
358.275300 43.388830 359.161900 43.434940
359.266800 41.238890 360.155600 41.320000
360.571800 39.373830 361.478100 39.494470
362.156300 37.835540 363.055800 37.975130
363.974400 36.638300 364.835200 36.791710
366.080400 35.761110 367.017800 35.885990
368.547300 35.234490 369.548800 35.282630
371.148400 35.045060 372.215500 35.111510
373.899500 35.175270 375.004900 35.218550
376.698100 35.611110 377.805200 35.687740
379.470900 36.322790 380.569000 36.433510
382.212100 37.294470 383.326700 37.375970
384.867700 38.517990 385.970700 38.629830
387.364100 39.991850 388.474400 40.148760
389.701500 41.780710 390.802400 41.953740
391.802700 43.839190 392.874000 44.050440
393.689400 46.099010 394.825900 46.235910
395.383900 48.474340 396.559300 48.572270
396.942200 50.928340 398.059200 51.038490
398.325500 53.450140 399.435500 53.558090
399.544900 56.052550 400.677800 56.150150
400.579700 58.728940 401.681300 58.832250
401.390700 61.486590 402.522900 61.594040
401.978000 64.333130 403.147600 64.436760
402.335300 67.250270 403.478300 67.376400
402.474600 70.259740 403.644000 70.407490
402.447300 73.356030 403.585800 73.520740
402.341800 76.540880 403.412900 76.728560
402.228800 79.805450 403.220600 80.008470
402.075400 83.156280 402.916600 83.379020
401.927800 86.597120 402.648500 86.814180
401.721900 90.113350 402.340700 90.354930
401.455800 93.737450 402.035200 93.995680
401.169200 97.438860 401.725600 97.704290
400.835400 101.196700 401.318000 101.463300
400.479100 104.981000 400.952100 105.235800
400.086700 108.745200 400.506000 108.979000
399.638200 112.493800 399.998200 112.713500
399.138700 116.226700 399.405500 116.415700
398.603300 119.924700 398.817300 120.094200
398.025400 123.612000 398.197000 123.773900
397.409200 127.314800 397.530100 127.457900
396.829000 131.013100 396.909100 131.136600
396.222300 134.687900 396.255800 134.770300
395.601900 138.281700 395.574700 138.333400
395.033400 141.881600 395.025900 141.924100
394.483600 145.487500 394.444600 145.508600
393.961300 149.091800 393.904200 149.110700
393.456700 152.724500 393.383900 152.731500
392.964400 156.362200 392.809900 156.353600
392.473900 160.012200 392.293800 159.995000
391.988000 163.681600 391.752700 163.647200
391.511200 167.360500 391.228100 167.314000
391.037700 171.040400 390.643200 170.972000
390.574400 174.743200 390.129600 174.660100
390.110100 178.440800 389.606800 178.339600
389.662900 182.147700 389.103200 182.038400
389.244100 185.891700 388.670400 185.787900
388.894800 189.677500 388.302800 189.557400
388.606000 193.461200 387.960700 193.323000
388.392800 197.250000 387.664800 197.100000
388.242200 201.058600 387.469300 200.885400
388.167200 204.843700 387.321400 204.668100
388.164900 208.656700 387.272100 208.466100
388.225800 212.467100 387.295100 212.261600
388.337900 216.277100 387.347100 216.065700
388.518500 220.100100 387.486600 219.880700
388.781300 223.924000 387.669600 223.705900
389.110400 227.762200 387.951500 227.536300
389.519500 231.600300 388.302700 231.373500
390.000700 235.455300 388.748200 235.227700
390.533100 239.323100 389.181900 239.104500
391.126500 243.191800 389.706200 242.974800
391.817200 247.082900 390.318200 246.871700
392.446500 250.991000 391.019000 250.770300
393.192700 254.933200 391.798800 254.707500
394.129800 258.841200 392.771900 258.598000
395.212400 262.725700 393.780100 262.488900
396.381300 266.559900 394.849500 266.318500
397.591700 270.309200 395.960200 270.075300
398.915600 273.988100 397.150000 273.777500
400.261600 277.620100 398.412200 277.424200
401.674900 281.230100 399.743000 281.058000
403.099300 284.836200 401.087600 284.671400
404.552600 288.368900 402.471300 288.203000
405.981400 291.858600 403.842100 291.684700
407.396700 295.286300 405.211900 295.101300
408.787500 298.654400 406.505400 298.476700
410.160300 301.970700 407.831600 301.782300
411.532700 305.248600 409.136200 305.082100
412.910200 308.514300 410.461600 308.363700
414.286500 311.815200 411.752600 311.703100
415.632400 315.158100 413.062200 315.071400
416.955300 318.554600 414.455900 318.441600
418.356500 321.950200 415.932100 321.825300
419.919100 325.360500 417.589400 325.205700
421.619500 328.772700 419.327100 328.625900
423.465300 332.205100 421.184400 332.057300
425.389400 335.648500 423.142600 335.492800
427.393700 339.062100 425.144900 338.896100
429.441400 342.427400 427.184400 342.245300
431.502800 345.736000 429.219500 345.555500
433.555500 349.037600 431.242800 348.876000
435.647400 352.345100 433.331700 352.199300
437.737700 355.673900 435.390100 355.540300
439.858900 359.019800 437.502800 358.891200
441.938400 362.354800 439.535200 362.256100
444.011500 365.707600 441.581600 365.619400
446.074200 369.043000 443.621700 368.967400
448.108100 372.393000 445.688300 372.284000
450.106200 375.748500 447.719500 375.608900
452.077600 379.076100 449.714900 378.919200
454.072700 382.382200 451.804900 382.168600
456.149900 385.671800 453.902700 385.468600
458.224600 388.968400 456.006800 388.720100
460.351800 392.205600 458.117700 391.970300
462.503100 395.388100 460.255500 395.107700
464.568500 398.419600 462.307900 398.086800
466.632000 401.347200 464.324300 401.025900
468.654400 404.221700 466.311700 403.898000
470.657600 407.038900 468.328700 406.684700
472.677800 409.783700 470.273500 409.459500
474.657200 412.487100 472.186600 412.184000
476.592600 415.139500 474.087500 414.822500
478.496300 417.710700 475.972700 417.382100
480.372100 420.213300 477.754100 419.906900
482.195400 422.602900 479.497000 422.290300
483.955500 424.843700 481.195200 424.508500
485.628500 426.923600 482.761900 426.579700
487.190800 428.865800 484.302300 428.499200
488.699400 430.731200 485.730700 430.368100
490.108000 432.491800 487.049400 432.130200
491.375400 434.138900 488.290400 433.716500
492.521700 435.661300 489.397700 435.205500
493.585300 437.088500 490.453200 436.613700
494.601900 438.498800 491.464600 438.013600
495.493900 439.942600 492.268000 439.493900
496.198400 441.455900 492.972000 441.000900
496.643000 443.038900 493.404600 442.586900
496.894900 444.688300 493.682500 444.193200
496.838300 446.434300 493.700900 445.980100
496.587000 448.236400 493.477600 447.819400
496.020500 450.035800 492.997700 449.699900
495.316800 451.880800 492.302200 451.573600
494.382600 453.714700 491.392500 453.446200
493.357500 455.591800 490.394600 455.369200
492.259600 457.525200 489.323800 457.345700
491.138900 459.531700 488.178300 459.364000
489.968800 461.583000 487.057200 461.463100
488.778600 463.722100 485.826900 463.637700
487.527700 465.987400 484.509500 465.903900
486.241900 468.332900 483.222200 468.278400
484.929200 470.750300 481.873600 470.692800
483.595100 473.196800 480.549600 473.160000
482.240900 475.680400 479.192000 475.639400
480.881200 478.179700 477.782600 478.139300
479.506700 480.715200 476.409800 480.675700
478.139700 483.249600 475.028800 483.193200
476.741800 485.776600 473.631800 485.758000
475.327000 488.358200 472.245300 488.341900
473.905700 490.923000 470.810700 490.908000
472.463600 493.499100 469.341100 493.470600
471.030900 496.048700 467.918800 495.985300
469.654400 498.493900 466.571000 498.414900
468.311000 500.883700 465.253800 500.799200
467.003300 503.201000 464.002300 503.091900
465.767600 505.385700 462.802800 505.233500
464.618000 507.421200 461.688100 507.222000
463.563200 509.303500 460.680500 509.062700
462.581700 511.077100 459.696600 510.823600
461.620900 512.827500 458.756700 512.561200
460.698800 514.516100 457.878800 514.236900
459.825600 516.111800 457.069400 515.817900
459.035800 517.582500 456.288900 517.226600
458.312900 518.912300 455.571200 518.521500
457.589200 520.176600 454.883500 519.803200
456.756600 521.359000 454.051800 520.991000
455.798000 522.446500 453.103200 522.084600
454.695200 523.354600 452.038700 523.000800
453.456700 523.963300 450.835200 523.758600
452.010000 524.448000 449.355900 524.328400
450.370300 524.664900 447.702700 524.641800
448.645800 524.629300 445.947600 524.582500
446.853700 524.242200 444.092000 524.236000
445.001300 523.578900 442.142100 523.584800
443.053700 522.715000 440.173100 522.671000
441.070200 521.621600 438.188000 521.536900
439.068600 520.385000 436.169600 520.285100
437.067600 519.079900 434.169000 518.986400
435.131900 517.711100 432.227400 517.624200
433.248700 516.276400 430.319200 516.221900
431.409100 514.772600 428.482400 514.718600
429.653800 513.188400 426.704700 513.181800
427.979000 511.552500 425.025000 511.554700
426.376200 509.872800 423.393400 509.932100
424.896200 508.159600 421.892900 508.242800
423.477300 506.386900 420.471700 506.491300
422.151700 504.603800 419.101000 504.741100
420.895300 502.757100 417.842500 502.890100
419.698800 500.847600 416.647500 500.979000
418.553100 498.879100 415.442600 499.036100
417.436100 496.852200 414.315000 497.005300
416.341100 494.769800 413.169000 494.937100
415.299400 492.613200 412.107400 492.776000
414.283100 490.400400 411.025600 490.597100
413.291100 488.174100 409.961000 488.406300
412.307400 485.928500 408.927000 486.174600
411.321100 483.659600 407.897500 483.937900
410.385800 481.369500 406.905800 481.673500
409.484300 479.070200 405.971100 479.391100
408.605900 476.771200 405.067100 477.118600
407.747600 474.482200 404.181300 474.849500
406.916200 472.194500 403.339500 472.577800
406.106200 469.923800 402.532400 470.328300
405.321800 467.714100 401.755800 468.157000
404.581200 465.613200 401.075500 466.091000
403.881000 463.647100 400.377200 464.185100
403.196100 461.842900 399.727700 462.408900
402.563700 460.074300 399.082500 460.658100
401.946900 458.305600 398.452700 458.904900
401.296600 456.548600 397.708000 457.184300
400.651300 454.770400 396.986200 455.440800
399.996700 452.984700 396.252600 453.677300
399.329600 451.125900 395.530500 451.815000
398.618400 449.218000 394.743200 449.921800
397.822000 447.249700 393.904900 447.934500
396.969800 445.208000 393.009400 445.906000
396.116100 443.116600 392.040700 443.846200
395.211200 440.967800 391.110300 441.693000
394.287700 438.749400 390.155800 439.475700
393.341900 436.497700 389.177600 437.234200
392.358600 434.221800 388.175900 434.962900
391.343800 431.907700 387.176600 432.622000
390.285600 429.531900 386.104300 430.234000
389.177900 427.104300 384.899500 427.836000
388.002000 424.633000 383.636600 425.402100
386.786000 422.153600 382.354900 422.955000
385.529200 419.645500 381.071400 420.460400
384.252800 417.122900 379.698700 417.978400
382.927300 414.575600 378.316900 415.480500
381.591500 412.030100 376.922500 412.959700
380.224100 409.463100 375.511800 410.423500
378.830100 406.889400 374.090400 407.859400
377.404400 404.303400 372.604200 405.314600
375.940700 401.722300 371.110100 402.756300
374.431300 399.137000 369.576600 400.180800
372.878200 396.550200 368.024000 397.597100
371.286300 393.960100 366.402300 395.028600
369.662600 391.367800 364.728600 392.474600
368.012000 388.798400 363.038300 389.959400
366.357200 386.258300 361.317100 387.456300
364.686300 383.683500 359.657900 384.873100
362.990500 381.103100 357.925700 382.326200
361.274100 378.545400 356.191100 379.781800
359.479500 376.079600 354.489200 377.314600
357.743100 373.713700 352.776500 374.983500
356.046500 371.424400 351.094900 372.706800
354.349500 369.168400 349.456500 370.422700
352.662900 366.944000 347.821800 368.196200
351.018900 364.780500 346.211000 366.053200
349.445300 362.679200 344.703700 363.955000
347.970100 360.669800 343.298900 361.958500
346.587900 358.760700 341.933100 360.110600
345.269200 357.004900 340.677900 358.382700
343.987600 355.420000 339.438000 356.825200
342.722300 353.942300 338.229500 355.343200
341.428400 352.599100 336.969000 354.032200
340.132200 351.423100 335.717100 352.861500
338.769300 350.441200 334.341400 351.871100
337.341700 349.681300 332.937400 351.091100
335.777200 349.128400 331.406400 350.575600
334.132400 348.908200 329.758400 350.300800
332.452400 349.031300 328.065500 350.375000
330.797800 349.428100 326.349600 350.744300
329.211100 350.167300 324.716700 351.436700
327.641800 351.098300 323.120100 352.360600
326.094800 352.236000 321.539000 353.507200
324.512700 353.489700 319.890100 354.722900
322.875800 354.863500 318.199500 356.098100
321.135500 356.302000 316.333700 357.436300
319.250000 357.710100 314.423400 358.821300
317.242300 359.002400 312.353000 360.048700
315.093800 360.160000 310.164900 361.132300
312.852600 361.167400 307.884400 362.066700
310.509200 362.008200 305.497300 362.807500
308.069100 362.662200 303.021100 363.379300
305.560600 363.146700 300.475700 363.768500
302.953900 363.438100 297.855000 363.984600
300.313300 363.558500 295.210600 363.984300
297.631800 363.522600 292.506800 363.888700
294.885100 363.381000 289.748700 363.651900
292.104200 363.172300 286.964500 363.391700
289.300900 362.939000 284.163500 363.090800
286.491000 362.678500 281.356700 362.738500
283.693500 362.370200 278.584100 362.350100
280.920600 362.098000 275.829600 361.978500
278.169000 361.857400 273.095400 361.685700
275.446800 361.657400 270.390600 361.378300
272.737000 361.519800 267.690700 361.179600
270.035600 361.455000 264.991000 361.020500
267.327700 361.497700 262.283400 361.020100
264.630400 361.676000 259.580500 361.106600
261.940300 361.979900 256.881400 361.305600
259.250900 362.413000 254.170800 361.622900
256.573600 362.959900 251.479100 362.085000
253.917300 363.655300 248.813300 362.704800
251.288400 364.497000 246.133000 363.446900
248.680300 365.504900 243.482000 364.360100
246.094700 366.666900 240.846400 365.410300
243.562600 367.994000 238.246900 366.651900
241.083300 369.508300 235.718800 368.091500
238.697300 371.174900 233.293300 369.672300
236.432200 372.983900 230.958600 371.383100
234.282400 374.915600 228.735900 373.211100
232.221400 376.965100 226.619400 375.198700
230.283900 379.136000 224.638300 377.331000
228.445400 381.408600 222.768200 379.555000
226.762700 383.789500 221.047200 381.903800
225.240300 386.284200 219.512400 384.381900
223.870500 388.875300 218.066800 386.933000
222.651800 391.576800 216.788700 389.621400
221.610300 394.407600 215.634700 392.411600
220.731600 397.346700 214.711000 395.343700
220.036100 400.374900 213.934900 398.372500
219.492700 403.546000 213.319400 401.556200
219.131100 406.829700 212.908300 404.840900
218.954900 410.176200 212.705100 408.181300
218.961000 413.566100 212.633200 411.571800
219.145900 416.967900 212.793600 414.974500
219.451900 420.389700 213.094000 418.391600
219.829800 423.806600 213.448900 421.829700
220.310500 427.237200 213.861100 425.253300
220.868900 430.684800 214.355400 428.710800
221.441400 434.161900 214.897800 432.191800
222.038500 437.663400 215.433800 435.705600
222.674200 441.192400 215.995600 439.255800
223.324700 444.766400 216.534800 442.857000
223.976800 448.390400 217.119700 446.500000
224.645100 452.052600 217.699900 450.175500
225.326300 455.738000 218.247100 453.889500
226.013500 459.438200 218.844000 457.593400
226.742700 463.131400 219.488600 461.300800
227.489100 466.830800 220.132200 465.005200
228.247700 470.527000 220.819500 468.710900
229.012100 474.215100 221.507000 472.404700
229.762000 477.897100 222.147300 476.094700
230.499300 481.567900 222.786100 479.773600
231.252900 485.238400 223.432900 483.446600
232.010300 488.886300 224.029000 487.116900
232.763300 492.531800 224.665300 490.776400
233.545900 496.169700 225.313100 494.421600
234.328200 499.811600 225.985700 498.073800
235.108100 503.420000 226.630600 501.694600
235.907500 507.019800 227.310000 505.304200
236.703700 510.603300 227.950600 508.899900
237.481000 514.162500 228.577500 512.468800
238.249000 517.704200 229.217300 516.027300
239.014400 521.230500 229.839000 519.561800
239.746800 524.741600 230.492000 523.070700
240.436600 528.231300 231.081300 526.560900
241.102000 531.689500 231.645700 530.017500
241.740900 535.133300 232.234000 533.452500
242.359400 538.550300 232.749900 536.867700
242.993900 541.935900 233.276300 540.252200
243.655500 545.295800 233.821800 543.619500
244.307800 548.630700 234.424700 546.937600
244.986700 551.924500 234.997100 550.232800
245.686600 555.189800 235.585900 553.506400
246.402300 558.403000 236.200200 556.728800
247.160300 561.604000 236.900900 559.911100
247.954300 564.747800 237.607100 563.065400
248.799800 567.843200 238.380200 566.146600
249.719700 570.881500 239.187000 569.203500
250.691800 573.875500 240.060800 572.205900
251.722500 576.816900 240.994300 575.161100
252.792400 579.719200 241.954100 578.094600
253.899200 582.619100 242.930200 581.041700
254.999400 585.538800 243.935900 583.997500
256.084000 588.464600 244.836000 586.965500
257.132200 591.413100 245.722800 589.962800
258.142200 594.337700 246.647200 592.900900
259.143500 597.295100 247.490400 595.900400
260.132300 600.227900 248.346300 598.861800
261.124300 603.146400 249.224600 601.797700
262.175000 606.016800 250.162300 604.700000
263.321800 608.844200 251.257300 607.536600
264.592700 611.600700 252.465700 610.316000
266.012800 614.279900 253.823600 613.012100
267.588100 616.881700 255.320500 615.669900
269.323800 619.428300 256.970000 618.281900
271.210100 621.881800 258.745200 620.831200
273.238300 624.254900 260.652900 623.296300
275.373300 626.509900 262.653600 625.672200
277.623300 628.637000 264.825900 627.871700
279.976600 630.608900 267.075200 629.962300
282.453700 632.438800 269.460300 631.902800
285.065600 634.108700 271.999300 633.715900
287.781800 635.684200 274.664100 635.423000
290.614800 637.170400 277.443500 637.055300
293.572000 638.551300 280.384500 638.567500
296.640000 639.897800 283.406700 640.069200
299.815900 641.203200 286.545600 641.550400
303.076400 642.494500 289.729800 643.050900
306.357100 643.765800 292.946600 644.500600
309.674900 645.021300 296.207200 645.917500
312.999700 646.243800 299.486300 647.278400
316.341000 647.457400 302.749000 648.695000
319.656500 648.689200 305.977500 650.131500
322.948500 649.961000 309.200700 651.558200
326.166800 651.311700 312.349900 653.060600
329.336100 652.739100 315.422200 654.678700
332.444200 654.205600 318.426300 656.283700
335.400500 655.659200 321.278800 657.806000
338.177900 657.091100 323.993600 659.304400
340.853600 658.520100 326.546000 660.848900
343.392000 659.901300 328.989800 662.315300
345.797500 661.222900 331.306300 663.678200
348.061700 662.470200 333.452000 665.055400
350.227800 663.663600 335.528600 666.313800
352.269800 664.764500 337.486000 667.451200
354.171500 665.743600 339.288400 668.449900
355.867200 666.596600 340.865200 669.366400
357.385800 667.323400 342.287600 670.113400
358.688300 667.945100 343.481300 670.759000
359.785500 668.454700 344.495100 671.277600
360.684700 668.879300 345.311200 671.698100
361.448900 669.240500 346.038500 672.124900
362.202200 669.609800 346.699700 672.618500
362.884200 670.041700 347.364700 673.098500
363.544500 670.582800 348.066000 673.644400
364.209800 671.330500 348.788200 674.391000
364.845000 672.309500 349.332400 675.330400
365.349200 673.552400 349.732700 676.674400
365.693100 675.079000 349.968100 678.294500
365.765200 676.782400 349.872400 680.072500
365.523700 678.539500 349.494100 681.942900
365.089100 680.489300 348.826000 683.867300
364.466100 682.514600 348.005800 685.876500
363.616300 684.610800 346.969800 687.939200
362.501500 686.760700 345.749900 690.094800
361.240200 688.988000 344.334400 692.293100
359.916600 691.336700 342.817100 694.577100
358.517400 693.800300 341.252100 697.018400
357.035700 696.407500 339.563200 699.551000
355.508800 699.115600 337.814600 702.179300
353.904300 701.929300 335.975600 704.894600
352.257400 704.823800 334.089900 707.689600
350.567500 707.796400 332.178000 710.579700
348.841400 710.853200 330.230100 713.521300
347.061700 713.947900 328.202000 716.516400
345.240600 717.126500 326.128400 719.572900
343.396200 720.384700 324.022000 722.708800
341.517100 723.688800 321.898300 725.895600
339.619000 727.060600 319.737800 729.144000
337.697800 730.488300 317.571900 732.461700
335.746300 733.965100 315.356000 735.821900
333.767200 737.500800 313.099300 739.215800
331.787300 741.093200 310.838500 742.679700
329.802100 744.697600 308.589500 746.130800
327.822700 748.252900 306.353200 749.521500
325.882900 751.750500 304.179500 752.879300
323.953700 755.221900 302.005800 756.209700
322.019400 758.698600 299.819700 759.572800
320.037700 762.177600 297.597900 762.904000
318.097700 765.622300 295.426700 766.210100
316.183200 769.057500 293.245700 769.500800
314.250000 772.494900 291.047200 772.801000
312.275800 775.931500 288.809100 776.098700
310.254000 779.359500 286.529200 779.400700
308.122800 782.782800 284.147100 782.682500
305.862800 786.166800 281.636900 785.927600
303.500700 789.503100 279.037900 789.117300
300.970800 792.776600 276.291700 792.234100
298.346100 795.948700 273.456400 795.232900
295.632400 799.046800 270.502100 798.142200
292.854400 802.131000 267.528600 801.064900
290.021900 805.167500 264.484900 803.904000
287.126600 808.146600 261.384500 806.713100
284.119000 811.063300 258.185500 809.432000
281.041800 813.860300 254.885700 811.977400
277.869300 816.545900 251.545600 814.455800
274.646800 819.105600 248.156900 816.775900
271.386100 821.531200 244.749100 818.972500
268.116800 823.813700 241.353900 821.018600
264.867100 825.970500 237.964100 822.942900
261.611600 828.060300 234.576200 824.784600
258.412200 830.064600 231.256800 826.532000
255.270800 831.964500 228.015600 828.226000
252.165400 833.785500 224.818300 829.825300
249.035500 835.465400 221.546100 831.387600
245.676600 836.941500 218.266700 832.913100
242.526400 838.395100 215.199700 834.313300
239.649200 839.782300 212.328200 835.611000
236.954200 841.095200 209.655700 836.771800
234.477400 842.339200 207.156200 837.855400
232.193600 843.528700 204.879300 838.912300
230.093400 844.639300 202.799000 839.932200
228.164600 845.633300 200.859700 840.771900
226.339700 846.487500 199.006500 841.471000
224.559800 847.148600 197.239200 842.031900
222.862900 847.611100 195.546200 842.400000
221.160000 847.853200 193.793200 842.526400
219.343600 847.650900 192.001600 842.381800
217.613700 847.228800 190.285300 841.878400
215.983200 846.459000 188.669800 841.061300
214.496600 845.376700 187.218000 839.902600
213.166300 844.015600 185.918900 838.482300
211.989600 842.443000 184.776600 836.784800
210.942500 840.673500 183.841800 834.934000
210.015200 838.668700 183.071500 832.851100
209.177100 836.492300 182.376900 830.581000
208.420100 834.203400 181.819600 828.205400
207.685300 831.756600 181.303100 825.630500
206.966400 829.169500 180.785100 822.964200
206.234900 826.499600 180.242800 820.204100
205.491300 823.727800 179.693700 817.353300
204.726900 820.872900 179.139400 814.413700
203.960100 817.947300 178.571800 811.412900
203.188700 814.944500 178.027900 808.328600
202.387700 811.853000 177.448600 805.152600
201.557100 808.685000 176.859400 801.893000
200.707000 805.446700 176.284800 798.571400
199.837600 802.169300 175.672800 795.223400
198.959100 798.853000 175.029300 791.836100
198.078300 795.512000 174.456700 788.419500
197.208100 792.134200 173.823600 784.976500
196.331500 788.727300 173.166500 781.499300
195.393800 785.296400 172.452000 777.998700
194.407000 781.832200 171.698600 774.467300
193.372100 778.361600 170.904000 770.917800
192.268500 774.862700 170.093000 767.332700
191.104500 771.351900 169.203100 763.727800
189.900200 767.803200 168.251200 760.095000
188.697400 764.215300 167.276200 756.424400
187.525500 760.573100 166.309100 752.716500
186.417200 756.874800 165.406000 748.971900
185.391100 753.140200 164.698700 745.169200
184.425300 749.376100 164.003200 741.348500
183.505800 745.586000 163.423500 737.496700
182.630800 741.760500 162.856200 733.613100
181.799600 737.920600 162.307900 729.728000
180.995700 734.046000 161.832700 725.804300
180.235100 730.165100 161.336000 721.889300
179.509000 726.267300 160.871300 717.954800
178.782600 722.358000 160.422100 714.008500
178.060700 718.433400 159.912900 710.052800
177.362100 714.485400 159.489300 706.058800
176.683600 710.485300 159.114600 702.018800
176.012100 706.523900 158.747600 698.035500
175.366700 702.573200 158.351000 694.075900
174.771600 698.664000 157.994400 690.159500
174.208700 694.786000 157.777100 686.270800
173.664500 690.971400 157.507300 682.449700
173.120400 687.194400 157.238100 678.664500
172.609800 683.452500 156.974200 674.925300
172.111300 679.757200 156.729600 671.214500
171.620100 676.075400 156.512700 667.526300
171.116500 672.425100 156.248500 663.865100
170.597300 668.791300 155.979400 660.217500
170.061700 665.158300 155.703400 656.561600
169.508500 661.515700 155.418300 652.889100
168.924400 657.855800 155.128600 649.195800
168.353600 654.164700 154.820300 645.479500
167.787000 650.469600 154.520800 641.761800
167.241700 646.760000 154.227800 638.028300
166.711700 643.033600 153.943900 634.287800
166.161900 639.298500 153.684100 630.524400
165.603300 635.547200 153.403400 626.757200
165.019900 631.781100 153.122700 622.958500
164.407900 627.989800 152.818600 619.131400
163.795100 624.165700 152.493400 615.281900
163.188600 620.333500 152.183700 611.427100
162.585900 616.485800 151.920100 607.543300
162.003800 612.637200 151.620300 603.684900
161.404000 608.796100 151.354000 599.829700
160.758000 604.972100 151.058700 595.979600
160.133600 601.135300 150.738700 592.105600
159.495800 597.273400 150.402500 588.198500
158.840300 593.366000 150.082600 584.262600
158.208600 589.447000 149.805000 580.309100
157.580800 585.515400 149.537600 576.339600
156.942900 581.558400 149.257300 572.352300
156.315100 577.584700 148.966100 568.351200
155.693100 573.602200 148.661700 564.343600
155.097900 569.612100 148.364100 560.335400
154.494600 565.631700 148.031600 556.332000
153.882900 561.635800 147.721300 552.321600
153.275400 557.661700 147.420200 548.328700
152.657100 553.699500 147.101000 544.349500
152.007000 549.736100 146.813300 540.354300
151.335500 545.780700 146.477800 536.374700
150.702300 541.830000 146.196100 532.398300
150.111100 537.863200 145.909900 528.398200
149.565800 533.878000 145.619400 524.405800
149.070700 529.886400 145.368600 520.401300
148.583300 525.892200 145.092700 516.404200
148.098100 521.899600 144.866300 512.407900
147.615200 517.906000 144.657500 508.398400
147.078600 513.924800 144.391200 504.401700
146.557400 509.928000 144.110200 500.403200
145.990800 505.947400 143.803700 496.403200
145.414200 501.983900 143.508800 492.433700
144.839400 498.023200 143.262900 488.449500
144.237000 494.066600 142.900200 484.456600
143.642200 490.086700 142.522800 480.470400
143.093600 486.100600 142.218900 476.462900
142.520000 482.109500 141.928600 472.447900
141.953600 478.120000 141.669700 468.434300
141.409200 474.120700 141.382300 464.411400
140.866200 470.116800 141.109600 460.393200
140.329900 466.129000 140.839900 456.391200
139.802900 462.170200 140.580900 452.425300
139.285200 458.259400 140.372100 448.503400
138.767400 454.380800 140.098700 444.608700
138.265200 450.537100 139.835000 440.759900
137.781900 446.703500 139.505200 436.923900
137.326700 442.890000 139.248100 433.087700
136.905100 439.064700 139.060700 429.244200
136.518100 435.237300 138.909700 425.409700
136.143200 431.414200 138.787900 421.572200
135.825400 427.592200 138.743700 417.737500
135.543200 423.737300 138.703400 413.869900
135.270100 419.908100 138.700500 410.023100
135.035900 416.031200 138.771800 406.141500
134.860400 412.167200 138.859500 402.277900
134.729600 408.319200 139.036300 398.446900
134.657500 404.515600 139.211300 394.659500
134.622800 400.768700 139.423500 390.940300
134.596400 397.079600 139.673000 387.279800
134.623000 393.460300 139.936200 383.689400
134.664700 389.903700 140.194500 380.156300
134.742900 386.395400 140.540000 376.680000
134.849100 382.945500 140.857500 373.260000
134.972000 379.565400 141.222000 369.921100
135.131800 376.244700 141.576500 366.638900
135.333900 373.018200 141.953000 363.454400
135.556500 369.861200 142.393200 360.338300
135.838900 366.777100 142.868600 357.302600
136.225700 363.791900 143.438100 354.370100
136.738700 360.891300 144.131100 351.533600
137.359000 358.081000 144.984400 348.793500
138.112400 355.303200 145.946900 346.074500
138.966200 352.534800 146.920500 343.344800
139.893600 349.805900 148.107700 340.738100
140.896000 347.157200 149.302100 338.187200
141.971400 344.579000 150.534400 335.692100
143.130500 342.084500 151.848300 333.296700
144.392300 339.674500 153.262000 330.976400
145.777400 337.332100 154.803000 328.736600
147.331500 335.073900 156.524000 326.592700
149.057400 332.893100 158.429900 324.541600
150.967000 330.772000 160.501200 322.553600
153.050000 328.762800 162.704800 320.686100
155.286900 326.913400 165.087100 318.992600
157.696000 325.210700 167.615200 317.467700
160.258100 323.696400 170.288800 316.118100
162.973100 322.395300 173.092700 315.010700
165.832800 321.314600 176.041900 314.098000
168.823000 320.455500 179.100700 313.487000
171.915000 319.751800 182.250300 312.969600
175.093600 319.154400 185.493100 312.660000
178.356600 318.621500 188.807800 312.352900
181.670600 318.107800 192.124800 312.051200
184.954100 317.552100 195.497400 311.786500
188.360600 317.014600 198.943700 311.575700
191.810500 316.498600 202.440800 311.318000
195.303300 315.956300 205.980200 311.057500
198.810200 315.370500 209.528400 310.725800
202.319700 314.727700 213.111800 310.435400
205.854900 314.018600 216.698500 309.998200
209.382100 313.210000 220.278400 309.459100
212.873900 312.313500 223.810900 308.849800
216.282400 311.315800 227.263200 308.096500
219.602300 310.211800 230.628400 307.247400
222.828600 308.969500 233.909700 306.288900
225.892800 307.618500 237.062900 305.198400
228.857400 306.132600 240.113900 303.955400
231.705300 304.510000 243.058200 302.586600
234.404500 302.795000 245.835300 301.075300
236.964200 301.022400 248.504000 299.558500
239.357400 299.191600 251.010400 297.966600
241.573300 297.348000 253.252800 296.283900
243.583200 295.531300 255.355200 294.675300
245.364000 293.745300 257.258900 293.133300
246.928300 292.003400 258.884900 291.550800
248.255900 290.313300 260.249300 290.019000
249.318200 288.712300 261.403100 288.548700
250.170400 287.137600 262.354300 287.091200
250.789300 285.600000 263.067000 285.626800
251.165900 284.019700 263.569600 284.086000
251.314100 282.347000 263.873200 282.474900
251.208600 280.685900 263.927300 280.816100
250.772400 279.031200 263.640700 279.109300
249.999900 277.363100 262.971900 277.296200
248.862600 275.742500 261.937500 275.599300
247.391400 274.199800 260.562600 273.942600
245.604100 272.717600 258.840200 272.355800
243.606700 271.249000 256.924100 270.725600
241.483200 269.657000 254.907800 268.953200
239.255900 267.931300 252.785400 267.065100
236.942400 266.062700 250.628900 264.991300
234.573400 264.060900 248.416600 262.810200
232.194200 261.911300 246.216600 260.499000
229.828600 259.643500 244.014200 258.079900
227.459400 257.285700 241.825300 255.587100
225.117700 254.818300 239.654500 252.993100
222.794900 252.268100 237.512600 250.332600
220.539900 249.684100 235.512800 247.628000
218.379000 247.150200 233.593700 245.004500
216.331900 244.688600 231.775400 242.475700
214.447100 242.296600 230.099500 240.049000
212.738900 239.986300 228.600100 237.704500
211.155100 237.800000 227.206300 235.499000
209.645500 235.806000 225.863800 233.502600
208.153800 234.063200 224.537700 231.726600
206.642600 232.599300 223.180600 230.209000
205.050700 231.388700 221.703900 228.974100
203.386000 230.453900 220.151800 227.878300
201.568800 229.804200 218.353800 227.081200
199.652600 229.469400 216.474000 226.576700
197.649300 229.448700 214.503400 226.434300
195.695200 229.808500 212.508900 226.648000
193.757500 230.545900 210.481100 227.244300
191.873400 231.575500 208.495800 228.107200
190.008500 232.786900 206.505400 229.177300
188.027800 234.075600 204.394000 230.343400
185.893500 235.390300 202.117800 231.484600
183.609800 236.705800 199.666900 232.552600
181.165200 238.005100 197.044400 233.596100
178.517300 239.254000 194.260400 234.610300
175.726900 240.407000 191.337600 235.520900
172.707400 241.421200 188.211500 236.293200
169.603600 242.357600 185.036500 237.006600
166.445500 243.209000 181.832500 237.638500
163.269700 243.975200 178.584900 238.099100
160.018600 244.710100 175.268100 238.533400
156.736700 245.397400 171.928000 238.963500
153.408400 246.036100 168.558100 239.355100
150.090200 246.634600 165.216900 239.685700
146.806300 247.228400 161.896500 239.994800
143.505000 247.801600 158.557200 240.271100
140.209300 248.367500 155.229400 240.552600
136.935100 248.926700 151.931700 240.828100
133.701200 249.482000 148.678100 241.110600
130.512300 250.041400 145.467400 241.403800
127.368600 250.623000 142.315600 241.823500
124.279500 251.271600 139.198600 242.272800
121.226800 251.988400 136.119600 242.792400
118.235900 252.796200 133.082900 243.377900
115.296000 253.710500 130.075800 243.988400
112.410900 254.793600 127.093900 244.808500
109.550100 256.073600 124.101300 245.799300
106.765300 257.559400 121.182800 246.991200
104.058300 259.195200 118.347200 248.405200
101.451300 260.983800 115.639400 250.000500
98.958900 262.930000 112.936300 251.688000
96.560750 265.038400 110.368000 253.584400
94.233290 267.302400 107.803600 255.614200
91.992660 269.682500 105.371700 257.799700
89.872160 272.215300 103.001100 260.123100
87.867480 274.902800 100.676700 262.550600
85.990600 277.735000 98.503580 265.180800
84.244040 280.710100 96.422770 267.926600
82.619100 283.777000 94.467750 270.831300
81.079690 286.968600 92.646090 273.845000
79.784310 290.233300 91.051900 277.019400
78.568560 293.653400 89.508950 280.281500
77.471470 297.091000 88.062110 283.590200
76.507590 300.590600 86.716850 286.951500
75.684350 304.118500 85.548320 290.382700
74.993740 307.691900 84.425510 293.836200
74.448540 311.297700 83.512840 297.367900
74.042020 314.935900 82.777900 300.953400
73.771590 318.594800 82.172090 304.572600
73.715910 322.261900 81.644460 308.175400
73.769420 325.907700 81.187120 311.791000
73.817040 329.552100 80.771410 315.395900
74.000290 333.173500 80.435300 318.999800
74.172500 336.809200 80.100420 322.612100
74.344680 340.442200 79.824140 326.233600
74.514430 344.091300 79.571950 329.865900
74.662940 347.746700 79.290150 333.512600
74.736070 351.400000 78.988320 337.125100
74.769320 355.000700 78.658490 340.689900
74.814470 358.586500 78.328730 344.250100
74.746920 362.178000 77.966690 347.805400
74.686830 365.745600 77.632630 351.355100
74.555740 369.317000 77.255160 354.907700
74.360040 372.935200 76.816150 358.491700
74.109450 376.533900 76.300990 362.040200
73.828330 380.133100 75.746290 365.603200
73.476450 383.716600 75.121600 369.134400
73.062260 387.295400 74.402640 372.650200
72.635640 390.839200 73.683430 376.118700
72.123690 394.365700 72.856980 379.591900
71.585570 397.910500 72.012920 383.064200
70.976400 401.435000 71.104720 386.516300
70.311850 404.959700 70.153910 389.963200
69.602670 408.449900 69.143340 393.365200
68.879140 411.948200 68.143910 396.790400
68.139490 415.452800 67.123930 400.223100
67.432580 418.981100 66.097230 403.665800
66.735590 422.501800 65.054380 407.082400
66.031790 425.991100 64.078590 410.487200
65.337700 429.457600 63.093570 413.863300
64.678150 432.971500 62.135210 417.344000
64.092350 436.564700 61.249690 420.855700
63.538820 440.165700 60.346760 424.385900
63.089490 443.780200 59.609940 427.940900
62.687700 447.405600 58.907220 431.504600
62.395430 451.016900 58.297580 435.054500
62.179910 454.600300 57.760420 438.588600
62.016060 458.184800 57.290830 442.137500
61.878910 461.762700 56.876490 445.682100
61.782260 465.339800 56.497800 449.229800
61.711200 468.924000 56.168080 452.787100
61.669710 472.506000 55.898670 456.342200
61.695530 476.094800 55.598490 459.908500
61.729390 479.666900 55.211540 463.446800
61.822870 483.270300 55.089590 467.040100
61.924810 486.878100 54.886960 470.625000
62.056550 490.478600 54.780990 474.218300
62.176020 494.117900 54.596090 477.838300
62.266690 497.773900 54.387330 481.480600
62.330910 501.484400 54.189580 485.198500
62.383600 505.245100 53.971610 488.952600
62.456820 509.016300 53.792920 492.706000
62.639660 512.800600 53.746560 496.490500
62.868350 516.638100 53.747510 500.312300
63.106400 520.456700 53.653890 504.125600
63.367240 524.259400 53.616300 507.907700
63.593570 528.081800 53.521230 511.731000
63.801530 531.888200 53.410980 515.515900
64.024540 535.667900 53.298100 519.276500
64.206830 539.467500 53.182240 523.054400
64.344710 543.234900 52.998190 526.791700
64.496310 546.996900 52.878630 530.546900
64.631930 550.743000 52.649800 534.251600
64.749170 554.462700 52.421120 537.943600
64.914610 558.167300 52.304310 541.634200
65.103700 561.867200 52.145750 545.294500
65.335960 565.517200 52.050920 548.946000
65.569200 569.190200 51.986290 552.608900
65.794250 572.863800 51.908380 556.265200
65.979210 576.521900 51.828700 559.904700
66.180050 580.172300 51.719850 563.548300
66.362280 583.853000 51.549570 567.205300
66.538350 587.515200 51.458590 570.852400
66.682270 591.168900 51.314800 574.477200
66.777600 594.811400 51.028300 578.090400
66.890400 598.420300 50.869930 581.677800
67.026690 602.042900 50.703440 585.271900
67.177460 605.622900 50.492370 588.810300
67.323020 609.198300 50.296820 592.376800
67.450500 612.758000 49.949820 595.882800
67.653570 616.289300 49.887570 599.391900
67.878290 619.813700 49.859270 602.889000
68.154010 623.308500 49.795130 606.378300
68.437020 626.799600 49.844960 609.849700
68.771410 630.257700 49.937570 613.301900
69.202550 633.695200 50.156510 616.726500
69.600670 637.103300 50.304500 620.132000
70.036830 640.488700 50.540070 623.499900
70.506270 643.807100 50.736590 626.823200
70.892770 647.161500 50.873410 630.166100
71.232770 650.443300 50.978970 633.438400
71.580170 653.720500 51.093530 636.691600
71.988160 656.939000 51.190950 639.923200
72.305150 660.204100 51.214700 643.174900
72.604120 663.408400 51.212650 646.370800
72.917010 666.635000 51.215400 649.593800
73.242550 669.852400 51.197730 652.800100
73.637330 673.050100 51.235520 656.022400
74.027710 676.284300 51.320860 659.250400
74.459600 679.526800 51.481620 662.530300
74.950660 682.820100 51.698370 665.807500
75.485380 686.101000 51.861850 669.144400
75.997000 689.438300 52.146450 672.507200
76.620780 692.817900 52.391860 675.938700
77.255750 696.266300 52.743510 679.407500
77.860920 699.720200 53.052360 682.906600
78.456960 703.252300 53.356550 686.473700
79.046650 706.838300 53.653790 690.085900
79.748960 710.431700 54.024060 693.722200
80.377820 714.087800 54.359430 697.405200
80.984990 717.795000 54.642780 701.130500
81.568530 721.524100 54.976510 704.859600
82.226950 725.230100 55.335920 708.594100
82.971570 728.932500 55.788960 712.325000
83.716810 732.637800 56.263260 716.051200
84.461420 736.340000 56.780970 719.768200
85.205890 740.041500 57.346070 723.482500
85.988280 743.734800 57.884250 727.191200
86.881120 747.371500 58.493370 730.868500
87.770200 751.019300 59.099220 734.557400
88.659140 754.657900 59.647230 738.229300
89.568830 758.256300 60.288570 741.888500
90.529500 761.919200 60.986370 745.569800
91.504420 765.495400 61.677720 749.227100
92.518360 769.126400 62.416260 752.883200
93.541990 772.703400 63.194450 756.505800
94.615270 776.302000 64.007050 760.137500
95.687250 779.833200 64.824260 763.712800
96.764590 783.369100 65.651320 767.296500
97.857970 786.887700 66.496250 770.854000
98.977700 790.363900 67.338940 774.384900
100.102700 793.842400 68.228270 777.903500
101.281700 797.278800 69.109690 781.407800
102.480100 800.701200 70.069930 784.880500
103.706800 804.080200 70.999770 788.327700
104.948300 807.449200 71.978890 791.757100
106.192400 810.798000 72.918860 795.177900
107.467000 814.117100 73.894410 798.569400
108.775000 817.411500 74.923800 801.946900
110.077600 820.689800 75.946430 805.274100
111.337000 823.916800 76.926800 808.577800
112.595900 827.082700 77.949730 811.779500
113.862500 830.153000 78.950050 814.925100
115.118400 833.166500 79.919550 818.017400
116.423500 836.128900 81.052400 821.064000
117.895400 839.037200 82.281680 824.077200
119.447600 841.885100 83.507020 827.096400
121.088600 844.701900 84.942200 830.020500
122.872100 847.290700 86.393490 832.812300
124.724400 849.810800 87.940400 835.550400
126.575500 852.329600 89.624790 838.205400
128.426600 854.848600 91.351530 840.832100
130.276800 857.367000 93.089870 843.452200
132.127400 859.883600 94.865900 845.940000
133.992200 862.014800 96.560410 848.178400
135.814600 864.035300 98.162630 850.378200
137.604800 865.988300 99.768460 852.454400
139.298200 867.835900 101.259300 854.432100
140.919200 869.609300 102.714100 856.330600
142.486000 871.338400 104.151600 858.113100
143.940800 872.954000 105.412300 859.817300
145.300100 874.412900 106.579000 861.346000
146.559000 875.661600 107.670500 862.637300
147.650800 876.418400 108.496700 863.511300
148.685500 877.020600 109.424300 864.260700
149.713200 877.623900 110.298600 865.050200
150.732500 878.227900 111.263800 865.709100
151.742600 878.831700 112.330200 866.190500
152.808100 879.342000 113.468500 866.563700
154.068700 879.516900 114.751600 866.772600
155.413300 879.479400 116.147100 866.895300
156.888700 879.272300 117.684400 866.748300
158.478100 878.881900 119.335400 866.434200
160.134900 878.287500 121.062300 865.903200
161.860100 877.489100 122.881600 865.202900
163.672500 876.562600 124.802500 864.392100
165.594100 875.530000 126.821000 863.453000
167.624000 874.437100 128.934400 862.430300
169.770000 873.289900 131.188700 861.385800
172.035600 872.094100 133.560900 860.356100
174.385300 870.862300 136.019800 859.224900
176.854600 869.589200 138.597600 858.090000
179.401000 868.288100 141.246900 856.949800
181.975500 866.969700 143.887300 855.784000
184.536700 865.639500 146.527900 854.612200
187.062400 864.284700 149.112700 853.386300
189.538900 862.924800 151.622800 852.158500
191.918900 861.611300 154.064000 851.008500
194.206900 860.315700 156.387000 849.873500
196.343300 858.956400 158.626100 848.793100
198.368400 857.888200 160.637500 847.868500
200.275000 856.919100 162.603200 847.047500
202.193600 856.085800 164.537500 846.367500
204.073500 855.496400 166.416900 845.905700
205.960400 855.183900 168.333100 845.721800
207.864300 855.202100 170.180600 845.817700
209.713700 855.529100 172.021600 846.164400
211.499200 856.220700 173.742900 846.996700
213.188100 857.107700 175.404300 848.183300
214.784400 858.522000 176.908400 849.673600
216.227100 860.190500 178.204300 851.462800
217.589200 862.100400 179.413000 853.482500
218.870200 864.194100 180.533200 855.647500
220.036500 866.491500 181.502600 858.045500
221.092500 868.955100 182.377100 860.582000
222.159200 871.551200 183.249400 863.237200
223.261300 874.233400 184.165100 865.977800
224.402100 877.003500 185.063300 868.812400
225.538100 879.835200 185.991200 871.676600
226.647400 882.714200 186.876200 874.588200
227.713000 885.605500 187.767600 877.494200
228.729800 888.498800 188.562000 880.403900
229.740400 891.364700 189.375800 883.271400
230.756400 894.190300 190.151600 886.127700
231.798000 896.975600 191.018400 888.907500
232.862200 899.689300 191.933800 891.606700
234.006400 902.314400 192.890900 894.236200
235.284000 904.779800 194.005900 896.735000
236.717300 907.106500 195.305400 899.081100
238.297800 909.282700 196.710300 901.313500
240.026200 911.279800 198.281600 903.382400
241.899800 913.107900 200.027000 905.314100
243.969200 914.753500 201.882200 907.079900
246.167200 916.200700 203.938900 908.721800
248.519300 917.425900 206.133900 910.169600
250.970500 918.372900 208.524900 911.305200
253.540200 919.159700 211.037100 912.291800
256.240400 919.688000 213.680200 913.071600
259.064500 919.965800 216.497800 913.602400
262.004800 920.092700 219.424600 914.011500
265.032800 920.081200 222.492500 914.276200
268.210100 920.078400 225.706800 914.346600
271.495300 919.927300 228.996000 914.377200
274.820000 919.698100 232.349700 914.375000
278.229300 919.336300 235.808400 914.246400
281.674700 918.885400 239.273300 914.112100
285.133600 918.345800 242.777600 913.861200
288.622600 917.728600 246.316900 913.498200
292.132800 917.013700 249.867500 913.073300
295.617300 916.238200 253.406700 912.591300
299.090900 915.358200 256.949200 912.029100
302.533100 914.353500 260.471400 911.373600
305.943200 913.309900 263.949000 910.653000
309.311700 912.191400 267.408900 909.853300
312.679900 911.045400 270.871100 908.998400
316.061700 909.902400 274.336200 908.120800
319.450400 908.753400 277.801400 907.246500
322.840000 907.560400 281.301500 906.364200
326.249400 906.356000 284.812000 905.490800
329.691100 905.139800 288.365500 904.550000
333.195400 903.900600 291.971700 903.579800
336.754600 902.625300 295.653900 902.591400
340.384100 901.328400 299.389200 901.538700
344.064600 899.969000 303.186300 900.463800
347.769700 898.590900 306.974700 899.389700
351.401700 897.220500 310.676200 898.278400
354.975200 895.841100 314.321100 897.167800
358.485000 894.463600 317.938400 896.154600
361.949500 893.084300 321.468700 895.023600
365.336200 891.732700 324.935600 893.984100
368.619200 890.389400 328.299200 893.013300
371.749500 889.112100 331.444700 891.976900
374.681800 887.918900 334.368800 890.990300
377.389200 886.824500 337.073100 890.116900
379.874900 885.837000 339.560000 889.360800
382.177900 884.931600 341.879200 888.672900
384.328100 884.100300 344.046000 888.004900
386.400700 883.311200 346.161000 887.413900
388.376900 882.536800 348.176500 886.842400
390.309000 881.774800 350.178100 886.246900
392.306100 880.993700 352.278200 885.664900
394.377700 880.162100 354.453000 885.017900
396.550200 879.262200 356.721200 884.266100
398.842300 878.314900 359.130600 883.505000
401.259600 877.339000 361.657100 882.704100
403.789800 876.325100 364.294500 881.883200
406.435900 875.291100 367.051300 881.031100
409.217000 874.214500 369.935700 880.111200
412.118100 873.111300 372.968800 879.257000
415.118700 871.959800 376.067200 878.310800
418.218100 870.771000 379.291700 877.395500
421.393100 869.520300 382.587700 876.406300
424.627300 868.193200 385.952200 875.359600
427.914800 866.771900 389.395300 874.252400
431.247800 865.254500 392.857500 873.034400
434.552400 863.690400 396.271400 871.739200
437.807500 862.081600 399.619800 870.408800
440.966600 860.444200 402.882400 869.033400
444.049200 858.816700 406.079100 867.698300
447.069000 857.193700 409.212800 866.350800
450.037100 855.607100 412.279600 865.034800
452.944600 854.081100 415.283800 863.773300
455.777600 852.654400 418.167600 862.591200
458.467600 851.383400 420.874500 861.527500
460.990700 850.198200 423.437300 860.546400
463.426800 849.070300 425.925900 859.614500
465.787600 847.990900 428.345100 858.735000
468.094900 846.950600 430.714400 857.889000
470.366800 845.937300 433.067600 857.051400
472.708100 844.897600 435.503400 856.161500
475.121700 843.800400 438.023300 855.266500
477.587500 842.683800 440.612000 854.354800
480.152400 841.532300 443.278000 853.365300
482.766300 840.339500 446.000400 852.398000
485.445100 839.143200 448.773100 851.357500
488.188300 837.891400 451.617500 850.283000
490.987500 836.623000 454.530100 849.232500
493.803100 835.351100 457.418300 848.150000
496.624700 834.094400 460.348500 847.092100
499.474300 832.809600 463.297600 845.986900
502.358500 831.502600 466.284300 844.885900
505.286800 830.236700 469.297300 843.772500
508.248000 828.948300 472.368200 842.690600
511.244100 827.658100 475.479600 841.657700
514.267100 826.347100 478.642200 840.684100
517.327800 825.031500 481.798100 839.602700
520.388500 823.719100 484.930900 838.491100
523.389100 822.420300 487.994000 837.445300
526.283400 821.190400 490.917200 836.420600
529.057000 820.023600 493.731100 835.498300
531.704800 818.934000 496.391700 834.572100
534.226500 817.916400 498.934100 833.727500
536.656700 816.946600 501.402800 832.924000
539.023500 815.952900 503.830900 832.118000
541.317300 814.866300 506.195600 831.202600
543.532000 813.688600 508.475500 830.163600
545.686900 812.396800 510.727600 829.035400
547.734700 810.971800 512.892500 827.798200
549.629400 809.339400 514.929900 826.325200
551.297600 807.502100 516.725300 824.586000
552.779900 805.465100 518.392600 822.635100
554.025400 803.122900 519.831300 820.382200
555.053800 800.603800 521.131100 817.946900
555.833800 797.890700 522.138000 815.265000
556.486200 795.031700 523.090300 812.450400
557.103100 792.043700 524.008900 809.507300
557.706900 788.950900 524.890700 806.447200
558.314100 785.757400 525.752100 803.280900
558.963000 782.480200 526.690500 800.049700
559.664300 779.132300 527.706600 796.761300
560.383500 775.702500 528.724800 793.378100
561.143700 772.190100 529.761800 789.915100
561.955700 768.606200 530.873800 786.373500
562.794300 764.921400 531.987900 782.745300
563.665600 761.194600 533.127000 779.083900
564.512000 757.439400 534.197200 775.388600
565.360500 753.691900 535.342900 771.736900
566.202300 749.955700 536.474600 768.075000
567.038700 746.210000 537.580800 764.400000
567.914000 742.455400 538.772400 760.738200
568.809800 738.700200 539.940100 757.065000
569.651600 734.948800 541.090300 753.399200
570.504400 731.165000 542.263500 749.696200
571.381700 727.390900 543.372000 746.001700
572.231200 723.645800 544.549600 742.362100
573.054100 719.904800 545.690300 738.707200
573.889700 716.163100 546.829400 735.044600
574.718600 712.404800 547.957800 731.374800
575.527100 708.639600 549.084700 727.696500
576.261300 704.869800 550.111700 724.008300
576.930700 701.064300 551.091700 720.261200
577.575900 697.234700 552.047800 716.492900
578.192400 693.375300 552.949500 712.688800
578.778500 689.496000 553.782200 708.848200
579.345900 685.591800 554.608700 704.987100
579.857300 681.665400 555.418400 701.117200
580.310600 677.720500 556.203900 697.218200
580.758800 673.746400 556.935000 693.308900
581.155000 669.796200 557.661300 689.415700
581.510700 665.865700 558.329300 685.548700
581.822900 661.969700 558.969400 681.719500
582.077900 658.112900 559.535000 677.923300
582.273900 654.274900 560.019600 674.115900
582.437900 650.427100 560.486700 670.314700
582.599800 646.577200 560.965400 666.494400
582.753900 642.693800 561.374600 662.647000
582.851400 638.813400 561.753900 658.790800
582.898800 634.890000 562.129800 654.892500
582.982400 630.949500 562.574800 650.988800
583.073100 627.003400 562.987500 647.078500
583.192100 623.061600 563.443600 643.198600
583.328900 619.143000 563.875600 639.320400
583.475300 615.223700 564.327900 635.443900
583.625900 611.282200 564.769500 631.545900
583.720700 607.341100 565.238700 627.659500
583.834500 603.396300 565.748600 623.770000
583.934300 599.462000 566.205600 619.898200
584.036500 595.562800 566.704700 616.063800
584.162200 591.689200 567.184000 612.251700
584.227300 587.867900 567.662300 608.481400
584.317600 584.024500 568.136900 604.689500
584.499000 580.192700 568.696600 600.927300
584.808000 576.397200 569.341100 597.204900
585.238500 572.636300 570.090900 593.526700
585.796800 568.901300 570.928500 589.865900
586.480500 565.193700 571.927300 586.258800
587.248500 561.507600 572.962700 582.668800
588.029900 557.836500 574.069500 579.109200
588.838600 554.171600 575.124000 575.526300
589.673700 550.509400 576.237200 571.969600
590.516100 546.866500 577.362400 568.436400
591.343500 543.261900 578.421500 564.934700
592.132200 539.698600 579.426400 561.465500
592.828000 536.162600 580.360000 558.010200
593.460000 532.659000 581.254700 554.620600
594.031700 529.277200 582.090800 551.378600
594.554500 526.081000 582.877800 548.328200
595.075800 523.072600 583.658200 545.457300
595.617300 520.255100 584.394900 542.778500
596.166400 517.626800 585.128100 540.262300
596.704800 515.143200 585.851700 537.903600
597.194900 512.833500 586.497400 535.707200
597.576200 510.694300 587.007900 533.666500
597.786600 508.667900 587.389200 531.701700
597.747500 506.649500 587.618900 529.753200
597.514600 504.697700 587.522200 527.812900
597.070500 502.800000 587.222900 525.939000
596.402400 500.998300 586.711200 524.016400
595.438900 499.228700 585.853600 522.174200
594.162500 497.526700 584.734800 520.366100
592.513700 495.900800 583.290100 518.680200
590.635600 494.532500 581.498600 517.169700
588.500500 493.343000 579.437800 515.816500
586.178900 492.278900 577.196100 514.599500
583.738500 491.279000 574.800700 513.450400
581.166800 490.215600 572.306300 512.201100
578.490800 489.083700 569.716400 510.872500
575.723500 487.861500 567.055400 509.433500
572.904600 486.554700 564.354600 507.917000
570.042200 485.190900 561.638400 506.331400
567.169200 483.760200 558.900600 504.719000
564.280500 482.280300 556.121000 503.093300
561.350400 480.769600 553.337200 501.396000
558.405800 479.261600 550.522800 499.680200
555.376800 477.743300 547.655100 497.930800
552.348800 476.229900 544.806300 496.174900
549.309400 474.657200 541.911300 494.427900
546.268100 473.067100 539.005000 492.693900
543.205700 471.460400 536.079400 490.911900
540.123400 469.844900 533.158000 489.100700
537.055800 468.227900 530.282900 487.274000
534.039300 466.620500 527.463100 485.442200
531.070100 465.041900 524.671100 483.673700
528.189800 463.496400 521.978700 481.948700
525.392500 461.985300 519.337900 480.293800
522.696400 460.482700 516.860300 478.592100
520.138600 459.018200 514.494700 476.981300
517.756100 457.609300 512.324700 475.430700
515.544600 456.272300 510.292800 473.976400
513.468500 454.993400 508.379100 472.584700
511.515000 453.792000 506.626700 471.254600
509.647000 452.752700 504.855800 470.163900
507.816400 451.952700 503.195900 469.216100
506.024700 451.375100 501.403400 468.513900
504.164400 451.057300 499.566100 468.084200
502.213400 450.955500 497.695500 467.855300
500.360000 451.174600 495.827600 467.852300
498.532400 451.717400 493.924000 468.220400
496.762400 452.594900 492.040800 468.909500
495.085200 453.803100 490.179600 469.962800
493.512800 455.370800 488.428900 471.356700
492.140200 457.192000 486.860100 473.078600
490.899800 459.329000 485.306600 475.085400
489.697100 461.689000 483.813100 477.346200
488.436200 464.216900 482.250700 479.746400
487.065300 466.910000 480.598500 482.344600
485.589500 469.753000 478.809700 485.062200
484.009700 472.740300 476.927800 487.927400
482.314200 475.837000 474.953300 490.877000
480.567300 479.018100 472.890100 493.894200
478.766800 482.282500 470.810200 496.972000
476.977200 485.484200 468.718200 499.992900
475.149800 488.770200 466.582100 503.056700
473.326600 492.020400 464.432600 506.110500
471.475600 495.302800 462.245600 509.183900
469.568200 498.617300 460.018700 512.293100
467.651300 501.958900 457.791600 515.433300
465.708000 505.334400 455.548600 518.612600
463.769100 508.731500 453.277800 521.791600
461.845200 512.161900 451.037300 525.018300
459.919600 515.621400 448.814900 528.301500
457.939000 519.112900 446.519600 531.588600
455.953400 522.620500 444.246000 534.901700
453.935100 526.117100 441.944800 538.195200
451.928900 529.614300 439.582700 541.452200
449.964500 533.134600 437.288300 544.757600
448.010500 536.687300 435.024300 548.104500
446.054100 540.236000 432.707900 551.421500
444.056100 543.807900 430.349200 554.777300
442.049300 547.417800 428.035200 558.175700
440.037800 551.028500 425.699900 561.578300
438.025200 554.634600 423.333900 564.944400
435.977800 558.237500 420.944300 568.319200
433.919500 561.855000 418.522700 571.700600
431.843000 565.470100 416.110400 575.091500
429.767800 569.108300 413.711200 578.497600
427.667800 572.747600 411.271000 581.943200
425.537800 576.435200 408.841400 585.407700
423.436400 580.100900 406.397800 588.839800
421.318500 583.767700 403.949200 592.278900
419.219900 587.449100 401.535400 595.750900
417.120400 591.134600 399.085700 599.201200
415.005200 594.832500 396.625000 602.686000
412.888500 598.541400 394.227900 606.200500
410.755500 602.261600 391.774900 609.708600
408.648800 605.999000 389.358300 613.235100
406.499300 609.720300 386.861700 616.737700
404.349900 613.457900 384.378700 620.226000
402.219500 617.158900 381.917600 623.678800
400.144400 620.804100 379.544000 627.092000
398.088300 624.376000 377.218000 630.438900
396.094000 627.872100 374.919600 633.724400
394.096100 631.363900 372.638200 637.020800
392.096200 634.841100 370.377100 640.301900
390.122200 638.266000 368.115000 643.546800
388.138200 641.719200 365.846500 646.793300
386.190000 645.182000 363.551100 650.033700
384.289400 648.626900 361.339900 653.254900
382.388400 652.005600 359.119100 656.420400
380.473700 655.356700 356.892200 659.565500
378.503900 658.701400 354.609400 662.731200
376.494800 662.062000 352.372100 665.901000
374.499000 665.373200 350.143800 669.074500
372.495100 668.759000 347.862000 672.288000
370.503500 672.182700 345.632800 675.584300
368.470500 675.625200 343.299900 678.843900
366.423200 679.124800 340.974100 682.189300
364.370700 682.649600 338.598900 685.514500
362.295100 686.175900 336.225100 688.864900
360.227100 689.735900 333.844600 692.235300
358.182300 693.297500 331.516700 695.604500
356.109700 696.850900 329.156700 698.965900
354.085800 700.357400 326.840200 702.284400
352.038300 703.859700 324.509400 705.610900
350.008800 707.353700 322.168600 708.904500
347.982700 710.855500 319.879200 712.242100
345.942000 714.320900 317.574800 715.534500
343.906200 717.779200 315.257900 718.804700
341.889600 721.226700 312.982900 722.089400
339.882000 724.654800 310.686900 725.333500
337.868700 728.103400 308.379500 728.613200
335.866200 731.571800 306.103200 731.928000
333.967500 735.105200 303.825500 735.248700
332.130600 738.707000 301.512900 738.620700
330.109000 742.325700 299.166100 742.070600
328.052600 745.993300 296.785500 745.581200
325.960300 749.694700 294.367500 749.091600
323.882400 753.400900 291.978600 752.600000
321.810400 757.046400 289.585800 756.025500
319.688500 760.664000 287.139100 759.468400
317.595700 764.288500 284.690700 762.843300
315.554700 767.892700 282.221300 766.207400
313.514600 771.526200 279.745300 769.562700
311.450700 775.119600 277.287600 772.897400
309.357300 778.629400 274.817800 776.141500
307.194900 782.050500 272.279400 779.318000
304.937400 785.448200 269.667900 782.481300
302.592400 788.799400 266.999500 785.600500
300.153800 792.111000 264.248400 788.689000
297.624000 795.374800 261.418000 791.741000
294.927000 798.539300 258.510800 794.724100
292.185800 801.678500 255.491100 797.661900
289.192200 804.695700 252.347700 800.535800
286.151300 807.624000 249.134300 803.275800
283.065000 810.476300 245.869200 805.877600
280.007100 813.213700 242.623000 808.391300
276.942200 815.904300 239.328100 810.801500
273.811500 818.493600 235.973400 813.117800
270.605600 820.960500 232.568500 815.318300
267.321200 823.303700 229.101800 817.413300
264.005200 825.567800 225.603100 819.382400
260.657900 827.735000 222.062600 821.261500
257.273000 829.813900 218.525700 823.074600
253.861800 831.809200 214.956500 824.791500
250.446800 833.761300 211.376900 826.452300
247.052800 835.652800 207.860200 828.062300
243.677200 837.476800 204.364500 829.659700
240.295500 839.294300 200.849000 831.210500
236.906500 841.089700 197.329300 832.767700
233.510200 842.896300 193.810300 834.345400
230.131200 844.723000 190.286100 835.873700
226.769300 846.514500 186.783700 837.340200
223.408300 848.268000 183.281000 838.830000
220.026300 849.991200 179.758700 840.227500
216.652600 851.728000 176.255000 841.667800
213.269900 853.442300 172.739300 843.099000
209.880600 855.139200 169.214300 844.537500
206.468800 856.885000 165.646200 846.011600
203.010300 858.620500 162.059200 847.480400
199.502700 860.363300 158.458800 849.022500
196.002500 862.107300 154.859800 850.576500
192.526600 863.893400 151.291400 852.131700
189.070200 865.686900 147.708100 853.665800
185.622800 867.526100 144.151900 855.264500
182.188500 869.362900 140.542400 856.773200
178.750800 871.210600 136.974800 858.330200
175.314500 873.051400 133.396400 859.901100
171.878500 874.938000 129.822700 861.515300
168.464000 876.882000 126.271700 863.205000
165.093500 878.898700 122.747700 864.973000
161.793700 881.039600 119.271900 866.845700
158.553600 883.315600 115.859600 868.862200
155.369300 885.727000 112.476700 871.010600
152.279000 888.277000 109.178400 873.319700
149.259200 890.897300 105.924200 875.649600
146.298100 893.633000 102.741900 878.147300
143.341500 896.377900 99.589540 880.676600
140.419600 899.149000 96.450860 883.215800
137.428800 901.883400 93.247230 885.709600
134.430600 904.585400 90.084290 888.204400
131.430500 907.268900 86.894140 890.677400
128.400000 909.942700 83.667830 893.120800
125.387100 912.605700 80.486680 895.543800
122.446000 915.311700 77.328940 898.032300
