0 0.000119 0.018648 100.000000 12.195122
0 0.000086 0.017778 200.000000 15.384615
0 0.000092 0.015346 300.000000 17.543859
0 0.000109 0.017410 400.000000 19.138756
0 0.000062 0.022737 500.000000 20.325203
0 0.000077 0.020197 600.000000 21.126760
0 0.000085 0.017482 700.000000 21.806854
0 0.000095 0.014808 800.000000 22.284122
10 0.000071 0.019962 100.000000 12.987013
10 0.000074 0.018172 200.000000 16.129032
10 0.000083 0.016372 300.000000 18.181818
10 0.000122 0.017552 400.000000 19.704433
10 0.000060 0.021890 500.000000 20.833334
10 0.000077 0.018526 600.000000 21.582733
10 0.000084 0.014850 700.000000 22.222221
10 0.000091 0.011686 800.000000 22.662889
20 0.000042 0.017228 100.000000 13.888889
20 0.000062 0.013873 200.000000 16.949152
20 0.000068 0.012546 300.000000 18.867924
20 0.000113 0.013646 400.000000 20.304569
20 0.000075 0.016326 500.000000 21.367521
20 0.000090 0.012864 600.000000 22.140221
20 0.000090 0.008866 700.000000 22.653721
20 0.000101 0.007405 800.000000 23.121387
30 0.000084 0.015264 100.000000 14.925373
30 0.000071 0.012010 200.000000 17.857143
30 0.000064 0.011161 300.000000 19.607843
30 0.000028 0.019688 400.000000 21.052631
30 0.000075 0.014141 500.000000 22.026432
30 0.000088 0.009549 600.000000 22.641510
30 0.000085 0.006337 700.000000 23.178808
30 0.000101 0.006624 800.000000 23.529411
40 0.000109 0.010158 100.000000 16.129032
40 0.000068 0.008008 200.000000 18.867924
40 0.000046 0.007969 300.000000 20.408163
40 0.000041 0.010197 400.000000 21.739130
40 0.000100 0.008900 500.000000 22.624434
40 0.000100 0.006888 600.000000 23.166023
40 0.000098 0.006009 700.000000 23.648649
40 0.000107 0.010786 800.000000 23.952095
50 0.000078 0.008661 100.000000 17.241379
50 0.000061 0.006807 200.000000 19.801981
50 0.000057 0.006628 300.000000 21.276596
50 0.000035 0.009392 400.000000 22.471910
50 0.000108 0.006703 500.000000 23.148148
50 0.000113 0.006117 600.000000 23.715416
50 0.000106 0.007818 700.000000 24.054983
50 0.000113 0.013624 800.000000 24.316109
60 0.000070 0.008165 100.000000 18.518518
60 0.000042 0.006028 200.000000 20.618557
60 0.000073 0.006152 300.000000 21.897810
60 0.000066 0.010710 400.000000 22.988506
60 0.000102 0.008187 500.000000 23.696682
60 0.000117 0.007204 600.000000 24.096386
60 0.000109 0.009186 700.000000 24.475525
60 0.000116 0.014641 800.000000 24.691359
70 0.000081 0.008212 100.000000 19.230770
70 0.000068 0.006157 200.000000 21.276596
70 0.000084 0.005929 300.000000 22.556391
70 0.000094 0.011619 400.000000 23.529411
70 0.000102 0.007657 500.000000 24.154589
70 0.000113 0.006842 600.000000 24.489796
70 0.000121 0.009464 700.000000 24.822695
70 0.000114 0.015857 800.000000 25.000000
80 0.000061 0.010705 100.000000 20.408163
80 0.000081 0.008118 200.000000 21.978022
80 0.000111 0.008855 300.000000 23.255814
80 0.000089 0.014851 400.000000 24.096386
80 0.000106 0.010908 500.000000 24.509804
80 0.000111 0.008509 600.000000 24.896265
80 0.000119 0.009015 700.000000 25.089605
80 0.000113 0.014289 800.000000 25.316456
90 0.000087 0.011112 100.000000 21.276596
90 0.000107 0.010165 200.000000 22.471910
90 0.000153 0.012576 300.000000 23.809525
90 0.000094 0.017319 400.000000 24.539877
90 0.000111 0.014024 500.000000 24.875622
90 0.000108 0.011108 600.000000 25.210085
90 0.000117 0.011197 700.000000 25.362318
90 0.000110 0.015020 800.000000 25.477707
100 0.000095 0.009795 100.000000 21.739130
100 0.000106 0.010573 200.000000 23.255814
100 0.000101 0.018209 300.000000 24.390244
100 0.000120 0.016917 400.000000 24.844721
100 0.000117 0.014872 500.000000 25.252525
100 0.000111 0.010649 600.000000 25.423729
100 0.000119 0.011814 700.000000 25.547445
100 0.000109 0.016342 800.000000 25.723473
110 0.000099 0.009446 100.000000 22.222221
110 0.000120 0.009948 200.000000 23.809525
110 0.000064 0.018040 300.000000 24.793388
110 0.000127 0.014668 400.000000 25.157232
110 0.000132 0.012094 500.000000 25.510204
110 0.000119 0.009885 600.000000 25.641026
110 0.000123 0.013075 700.000000 25.830257
110 0.000108 0.018614 800.000000 25.889967
120 0.000177 0.007803 100.000000 22.727272
120 0.000158 0.010826 200.000000 24.096386
120 0.000113 0.020998 300.000000 25.210085
120 0.000119 0.014898 400.000000 25.477707
120 0.000134 0.011568 500.000000 25.773195
120 0.000134 0.010505 600.000000 25.862068
120 0.000124 0.014549 700.000000 25.925926
120 0.000123 0.019266 800.000000 25.974026
130 0.000148 0.007120 100.000000 23.255814
130 0.000181 0.007686 200.000000 24.691359
130 0.000141 0.016632 300.000000 25.423729
130 0.000152 0.012206 400.000000 25.641026
130 0.000148 0.011060 500.000000 25.906736
130 0.000146 0.013524 600.000000 25.974026
130 0.000136 0.019629 700.000000 26.119404
130 0.000128 0.025048 800.000000 26.143791
140 0.000168 0.006780 100.000000 23.809525
140 0.000125 0.024353 200.000000 25.000000
140 0.000165 0.014904 300.000000 25.641026
140 0.000161 0.011153 400.000000 25.974026
140 0.000142 0.012996 500.000000 26.041666
140 0.000153 0.017529 600.000000 26.086956
140 0.000133 0.024052 700.000000 26.217228
140 0.000129 0.029435 800.000000 26.229507
150 0.000248 0.006599 100.000000 23.809525
150 0.000119 0.019011 200.000000 25.641026
150 0.000202 0.012896 300.000000 25.862068
150 0.000184 0.012373 400.000000 26.143791
150 0.000162 0.015063 500.000000 26.178011
150 0.000160 0.021539 600.000000 26.200872
150 0.000135 0.028314 700.000000 26.315790
150 0.000148 0.036976 800.000000 26.315790
160 0.000210 0.004108 100.000000 25.000000
160 0.000197 0.017562 200.000000 25.974026
160 0.000211 0.012293 300.000000 26.086956
160 0.000205 0.014578 400.000000 26.315790
160 0.000177 0.020842 500.000000 26.315790
160 0.000170 0.029089 600.000000 26.315790
160 0.000149 0.035280 700.000000 26.415094
160 0.000165 0.048979 800.000000 26.402639
170 0.000192 0.003266 100.000000 25.641026
170 0.000240 0.016415 200.000000 26.315790
170 0.000221 0.012740 300.000000 26.315790
170 0.000202 0.018136 400.000000 26.315790
170 0.000196 0.024557 500.000000 26.455027
170 0.000177 0.034012 600.000000 26.431719
170 0.000162 0.040460 700.000000 26.415094
170 0.000169 0.084084 800.000000 26.490067
180 0.000186 0.035216 100.000000 25.641026
180 0.000270 0.016471 200.000000 26.315790
180 0.000231 0.014351 300.000000 26.548672
180 0.000188 0.021267 400.000000 26.490067
180 0.000195 0.028300 500.000000 26.455027
180 0.000169 0.036689 600.000000 26.548672
180 0.000157 0.043005 700.000000 26.515152
180 0.000152 0.098244 800.000000 26.490067
190 0.000129 0.035338 100.000000 26.315790
190 0.000300 0.018074 200.000000 26.315790
190 0.000247 0.015465 300.000000 26.548672
190 0.000200 0.022688 400.000000 26.490067
190 0.000194 0.031513 500.000000 26.455027
190 0.000157 0.039539 600.000000 26.548672
190 0.000170 0.049241 700.000000 26.515152
190 0.000141 0.110712 800.000000 26.490067
200 0.000436 0.035373 100.000000 26.315790
200 0.000311 0.021140 200.000000 26.315790
200 0.000274 0.024250 300.000000 26.548672
200 0.000238 0.031246 400.000000 26.490067
200 0.000208 0.041098 500.000000 26.455027
200 0.000194 0.047951 600.000000 26.431719
200 0.000191 0.065866 700.000000 26.515152
200 0.000155 0.114766 800.000000 26.402639
210 0.000621 0.035574 100.000000 25.641026
210 0.000408 0.030665 200.000000 26.315790
210 0.000315 0.039481 300.000000 26.315790
210 0.000275 0.046999 400.000000 26.490067
210 0.000239 0.057439 500.000000 26.455027
210 0.000210 0.063990 600.000000 26.431719
210 0.000213 0.117922 700.000000 26.415094
210 0.000176 0.122953 800.000000 26.402639
220 0.000418 0.027918 100.000000 25.641026
220 0.000252 0.021600 200.000000 26.315790
220 0.000200 0.024045 300.000000 26.315790
220 0.000198 0.030083 400.000000 26.315790
220 0.000163 0.037412 500.000000 26.455027
220 0.000160 0.042035 600.000000 26.431719
220 0.000143 0.106984 700.000000 26.415094
220 0.000096 0.114568 800.000000 26.315790
230 0.000396 0.007255 100.000000 25.641026
230 0.000277 0.002972 200.000000 26.315790
230 0.000200 0.012120 300.000000 26.315790
230 0.000192 0.021704 400.000000 26.315790
230 0.000152 0.029714 500.000000 26.455027
230 0.000174 0.039395 600.000000 26.431719
230 0.000135 0.114697 700.000000 26.415094
230 0.000081 0.109922 800.000000 26.315790
240 0.000154 0.015177 100.000000 25.641026
240 0.000160 0.012385 200.000000 25.974026
240 0.000165 0.003775 300.000000 26.315790
240 0.000142 0.007491 400.000000 26.315790
240 0.000146 0.012697 500.000000 26.315790
240 0.000147 0.065656 600.000000 26.431719
240 0.000110 0.109315 700.000000 26.315790
240 0.000038 0.105691 800.000000 26.229507
250 0.000199 0.015269 100.000000 25.641026
250 0.000161 0.006885 200.000000 25.974026
250 0.000161 0.002747 300.000000 26.315790
250 0.000143 0.011308 400.000000 26.315790
250 0.000125 0.017017 500.000000 26.315790
250 0.000146 0.108354 600.000000 26.315790
250 0.000116 0.109916 700.000000 26.315790
250 0.000037 0.105716 800.000000 26.229507
260 0.000097 0.037300 100.000000 25.641026
260 0.000090 0.017925 200.000000 25.974026
260 0.000120 0.009710 300.000000 26.315790
260 0.000096 0.002014 400.000000 26.315790
260 0.000115 0.013233 500.000000 26.315790
260 0.000095 0.124247 600.000000 26.315790
260 0.000045 0.112216 700.000000 26.315790
260 0.000027 0.101496 800.000000 26.143791
270 0.000200 0.024674 100.000000 25.641026
270 0.000124 0.012220 200.000000 25.974026
270 0.000146 0.003271 300.000000 26.315790
270 0.000100 0.007334 400.000000 26.315790
270 0.000149 0.019174 500.000000 26.315790
270 0.000101 0.125131 600.000000 26.315790
270 0.000030 0.117040 700.000000 26.217228
270 0.000020 0.102434 800.000000 26.143791
280 0.000181 0.022748 100.000000 25.641026
280 0.000180 0.009964 200.000000 25.974026
280 0.000158 0.003834 300.000000 26.315790
280 0.000150 0.008210 400.000000 26.315790
280 0.000146 0.096716 500.000000 26.315790
280 0.000106 0.125308 600.000000 26.315790
280 0.000030 0.117157 700.000000 26.217228
280 0.000017 0.102186 800.000000 26.058632
290 0.000096 0.017708 100.000000 25.641026
290 0.000138 0.012434 200.000000 25.974026
290 0.000115 0.003932 300.000000 26.315790
290 0.000100 0.004451 400.000000 26.315790
290 0.000131 0.126953 500.000000 26.315790
290 0.000095 0.124342 600.000000 26.200872
290 0.000032 0.114943 700.000000 26.119404
290 0.000016 0.100526 800.000000 26.058632
300 0.000086 0.015494 100.000000 25.641026
300 0.000134 0.007616 200.000000 25.974026
300 0.000085 0.003775 300.000000 26.315790
300 0.000121 0.014681 400.000000 26.315790
300 0.000085 0.147643 500.000000 26.315790
300 0.000034 0.129101 600.000000 26.200872
300 0.000030 0.113949 700.000000 26.119404
300 0.000017 0.099537 800.000000 26.058632
310 0.000071 0.019662 100.000000 25.641026
310 0.000117 0.008889 200.000000 25.974026
310 0.000085 0.006663 300.000000 26.086956
310 0.000137 0.027649 400.000000 26.315790
310 0.000085 0.147549 500.000000 26.178011
310 0.000030 0.132498 600.000000 26.200872
310 0.000024 0.113684 700.000000 26.022305
310 0.000014 0.099404 800.000000 26.058632
320 0.000185 0.015903 100.000000 25.641026
320 0.000138 0.005619 200.000000 25.974026
320 0.000112 0.006756 300.000000 26.086956
320 0.000140 0.131184 400.000000 26.315790
320 0.000095 0.147632 500.000000 26.178011
320 0.000036 0.132708 600.000000 26.086956
320 0.000022 0.113713 700.000000 26.022305
320 0.000017 0.099421 800.000000 26.058632
330 0.000232 0.010324 100.000000 25.641026
330 0.000129 0.006887 200.000000 25.974026
330 0.000115 0.009750 300.000000 26.086956
330 0.000109 0.158824 400.000000 26.143791
330 0.000045 0.154437 500.000000 26.178011
330 0.000034 0.133344 600.000000 26.086956
330 0.000012 0.114115 700.000000 26.022305
330 0.000008 0.099711 800.000000 26.058632
340 0.000170 0.008163 100.000000 25.641026
340 0.000077 0.006764 200.000000 25.974026
340 0.000133 0.020374 300.000000 26.086956
340 0.000083 0.184084 400.000000 26.143791
340 0.000024 0.154275 500.000000 26.178011
340 0.000038 0.132257 600.000000 25.974026
340 0.000022 0.113378 700.000000 26.022305
340 0.000013 0.099386 800.000000 26.058632
350 0.000096 0.009373 100.000000 25.641026
350 0.000108 0.010292 200.000000 25.974026
350 0.000133 0.087015 300.000000 26.086956
350 0.000075 0.183499 400.000000 26.143791
350 0.000062 0.157309 500.000000 26.041666
350 0.000048 0.131599 600.000000 25.974026
350 0.000036 0.113231 700.000000 25.925926
350 0.000025 0.099731 800.000000 26.143791
360 0.000100 0.007412 100.000000 25.641026
360 0.000085 0.009185 200.000000 25.974026
360 0.000130 0.208644 300.000000 26.086956
360 0.000078 0.183392 400.000000 26.143791
360 0.000070 0.156969 500.000000 26.041666
360 0.000051 0.131659 600.000000 25.862068
360 0.000043 0.113490 700.000000 26.022305
360 0.000030 0.100306 800.000000 26.143791
370 0.000046 0.009431 100.000000 25.641026
370 0.000087 0.011010 200.000000 25.974026
370 0.000071 0.209911 300.000000 26.086956
370 0.000033 0.190560 400.000000 25.974026
370 0.000084 0.157156 500.000000 25.906736
370 0.000048 0.131877 600.000000 25.862068
370 0.000037 0.113784 700.000000 26.022305
370 0.000026 0.100907 800.000000 26.143791
380 0.000036 0.010540 100.000000 25.641026
380 0.000144 0.025598 200.000000 25.974026
380 0.000068 0.244327 300.000000 26.086956
380 0.000046 0.191069 400.000000 25.974026
380 0.000072 0.157340 500.000000 25.906736
380 0.000052 0.132060 600.000000 25.862068
380 0.000037 0.114321 700.000000 26.022305
380 0.000027 0.101599 800.000000 26.143791
390 0.000149 0.021322 100.000000 25.641026
390 0.000158 0.182313 200.000000 25.974026
390 0.000073 0.244204 300.000000 26.086956
390 0.000105 0.195591 400.000000 25.974026
390 0.000081 0.157815 500.000000 25.773195
390 0.000061 0.132690 600.000000 25.862068
390 0.000046 0.115173 700.000000 26.022305
390 0.000042 0.102667 800.000000 26.143791
400 0.000093 0.016072 100.000000 25.641026
400 0.000152 0.312646 200.000000 25.974026
400 0.000088 0.244205 300.000000 25.862068
400 0.000110 0.195630 400.000000 25.806452
400 0.000072 0.158169 500.000000 25.773195
400 0.000058 0.133104 600.000000 25.862068
400 0.000044 0.115827 700.000000 26.119404
400 0.000042 0.103204 800.000000 26.229507
410 0.000160 0.016283 100.000000 25.641026
410 0.000094 0.366465 200.000000 25.974026
410 0.000062 0.254583 300.000000 25.862068
410 0.000104 0.196441 400.000000 25.806452
410 0.000067 0.158315 500.000000 25.773195
410 0.000051 0.133154 600.000000 25.974026
410 0.000036 0.116003 700.000000 26.119404
410 0.000039 0.102872 800.000000 26.229507
420 0.000333 0.051020 100.000000 25.641026
420 0.000112 0.366590 200.000000 25.641026
420 0.000117 0.261596 300.000000 25.862068
420 0.000083 0.197155 400.000000 25.641026
420 0.000060 0.158424 500.000000 25.773195
420 0.000046 0.133197 600.000000 25.974026
420 0.000033 0.115825 700.000000 26.119404
420 0.000027 0.102998 800.000000 26.143791
430 0.000159 0.416351 100.000000 25.641026
430 0.000056 0.366096 200.000000 25.641026
430 0.000182 0.260201 300.000000 25.641026
430 0.000137 0.197865 400.000000 25.641026
430 0.000103 0.160850 500.000000 25.773195
430 0.000082 0.137040 600.000000 25.974026
430 0.000071 0.120995 700.000000 26.119404
430 0.000050 0.109514 800.000000 26.143791
440 0.000281 0.625132 100.000000 25.641026
440 0.000104 0.366377 200.000000 25.641026
440 0.000154 0.261012 300.000000 25.641026
440 0.000099 0.197676 400.000000 25.641026
440 0.000077 0.159858 500.000000 25.773195
440 0.000059 0.135424 600.000000 26.086956
440 0.000057 0.118473 700.000000 26.119404
440 0.000040 0.106308 800.000000 26.143791
450 0.000111 0.683270 100.000000 25.000000
450 0.000182 0.356305 200.000000 25.641026
450 0.000204 0.245471 300.000000 25.641026
450 0.000134 0.187825 400.000000 25.641026
450 0.000099 0.154205 500.000000 25.773195
450 0.000078 0.133034 600.000000 26.086956
450 0.000076 0.117703 700.000000 26.119404
450 0.000062 0.108529 800.000000 26.058632
460 0.000145 0.683178 100.000000 25.000000
460 0.000325 0.364722 200.000000 25.316456
460 0.000224 0.247936 300.000000 25.423729
460 0.000155 0.190946 400.000000 25.641026
460 0.000122 0.158100 500.000000 25.906736
460 0.000091 0.137951 600.000000 26.086956
460 0.000075 0.124119 700.000000 26.119404
460 0.000061 0.116020 800.000000 25.974026
470 0.000103 0.263698 100.000000 25.000000
470 0.000347 0.155825 200.000000 25.316456
470 0.000227 0.111216 300.000000 25.423729
470 0.000165 0.092392 400.000000 25.641026
470 0.000125 0.083204 500.000000 25.906736
470 0.000103 0.078715 600.000000 26.086956
470 0.000075 0.076153 700.000000 26.119404
470 0.000051 0.076370 800.000000 25.889967
480 0.000359 0.135903 100.000000 25.000000
480 0.000338 0.078547 200.000000 25.316456
480 0.000194 0.063529 300.000000 25.423729
480 0.000144 0.059587 400.000000 25.641026
480 0.000107 0.059190 500.000000 26.041666
480 0.000089 0.059502 600.000000 26.086956
480 0.000070 0.060697 700.000000 26.119404
480 0.000016 0.063757 800.000000 25.806452
490 0.000287 0.041082 100.000000 25.000000
490 0.000264 0.026871 200.000000 25.316456
490 0.000151 0.033178 300.000000 25.423729
490 0.000107 0.038829 400.000000 25.806452
490 0.000080 0.042973 500.000000 26.041666
490 0.000075 0.043425 600.000000 26.200872
490 0.000057 0.047915 700.000000 26.022305
490 0.000028 0.048913 800.000000 25.723473
500 0.000534 0.068233 100.000000 25.000000
500 0.000281 0.033908 200.000000 25.000000
500 0.000170 0.041600 300.000000 25.423729
500 0.000124 0.046078 400.000000 25.806452
500 0.000099 0.049540 500.000000 26.041666
500 0.000067 0.051383 600.000000 26.200872
500 0.000054 0.054630 700.000000 25.925926
500 0.000034 0.055196 800.000000 25.559105
510 0.000617 0.060883 100.000000 25.000000
510 0.000300 0.041601 200.000000 25.000000
510 0.000196 0.048995 300.000000 25.423729
510 0.000137 0.052921 400.000000 25.974026
510 0.000111 0.055354 500.000000 26.178011
510 0.000075 0.057191 600.000000 26.086956
510 0.000041 0.060223 700.000000 25.830257
510 0.000037 0.058312 800.000000 25.396826
520 0.000317 0.031942 100.000000 24.390244
520 0.000117 0.025551 200.000000 25.000000
520 0.000080 0.028492 300.000000 25.641026
520 0.000061 0.030703 400.000000 25.974026
520 0.000049 0.030973 500.000000 26.178011
520 0.000041 0.031979 600.000000 26.086956
520 0.000050 0.034767 700.000000 25.735294
520 0.000089 0.030467 800.000000 25.236593
530 0.000229 0.023667 100.000000 24.390244
530 0.000087 0.028946 200.000000 25.000000
530 0.000055 0.029740 300.000000 25.641026
530 0.000050 0.030140 400.000000 25.974026
530 0.000040 0.028803 500.000000 26.178011
530 0.000036 0.030813 600.000000 26.086956
530 0.000074 0.033168 700.000000 25.641026
530 0.000091 0.024775 800.000000 25.078369
540 0.000041 0.034621 100.000000 24.390244
540 0.000037 0.025073 200.000000 25.316456
540 0.000048 0.020050 300.000000 25.862068
540 0.000053 0.017782 400.000000 26.143791
540 0.000051 0.016246 500.000000 26.178011
540 0.000050 0.016312 600.000000 25.974026
540 0.000122 0.018921 700.000000 25.454546
540 0.000115 0.014750 800.000000 24.844721
550 0.000072 0.031418 100.000000 24.390244
550 0.000045 0.022335 200.000000 25.316456
550 0.000060 0.017882 300.000000 26.086956
550 0.000059 0.015441 400.000000 26.315790
550 0.000056 0.013906 500.000000 26.178011
550 0.000073 0.014518 600.000000 25.862068
550 0.000131 0.017303 700.000000 25.362318
550 0.000114 0.016200 800.000000 24.464832
560 0.000106 0.032850 100.000000 24.390244
560 0.000069 0.020688 200.000000 25.641026
560 0.000081 0.016633 300.000000 26.086956
560 0.000061 0.013227 400.000000 26.315790
560 0.000056 0.012441 500.000000 26.178011
560 0.000112 0.013237 600.000000 25.751074
560 0.000145 0.016491 700.000000 25.179855
560 0.000119 0.018825 800.000000 24.024025
570 0.000078 0.023343 100.000000 25.000000
570 0.000071 0.016935 200.000000 25.974026
570 0.000077 0.014544 300.000000 26.315790
570 0.000053 0.011848 400.000000 26.315790
570 0.000055 0.013272 500.000000 26.178011
570 0.000128 0.019488 600.000000 25.641026
570 0.000136 0.016021 700.000000 25.000000
570 0.000114 0.020391 800.000000 23.598820
580 0.000041 0.016225 100.000000 25.000000
580 0.000059 0.012551 200.000000 25.974026
580 0.000061 0.011954 300.000000 26.315790
580 0.000058 0.011296 400.000000 26.490067
580 0.000056 0.012135 500.000000 26.041666
580 0.000141 0.018565 600.000000 25.531916
580 0.000132 0.016366 700.000000 24.734982
580 0.000107 0.022231 800.000000 23.054754
590 0.000022 0.014505 100.000000 25.641026
590 0.000057 0.012315 200.000000 26.315790
590 0.000054 0.011145 300.000000 26.548672
590 0.000058 0.010517 400.000000 26.315790
590 0.000079 0.011952 500.000000 26.041666
590 0.000154 0.018030 600.000000 25.316456
590 0.000126 0.018492 700.000000 24.305555
590 0.000106 0.024515 800.000000 22.662889
600 0.000038 0.014888 100.000000 25.641026
600 0.000075 0.015576 200.000000 26.315790
600 0.000047 0.012441 300.000000 26.548672
600 0.000041 0.012811 400.000000 26.315790
600 0.000118 0.014944 500.000000 25.773195
600 0.000157 0.017995 600.000000 25.104603
600 0.000124 0.019050 700.000000 23.809525
600 0.000095 0.024665 800.000000 22.222221
610 0.000069 0.016802 100.000000 25.641026
610 0.000079 0.016372 200.000000 26.666666
610 0.000053 0.013880 300.000000 26.548672
610 0.000053 0.016853 400.000000 26.143791
610 0.000144 0.024039 500.000000 25.641026
610 0.000144 0.018277 600.000000 24.793388
610 0.000121 0.021749 700.000000 23.178808
610 0.000087 0.025563 800.000000 21.798365
620 0.000079 0.010521 100.000000 26.315790
620 0.000075 0.011430 200.000000 26.666666
620 0.000066 0.011166 300.000000 26.548672
620 0.000062 0.012676 400.000000 25.974026
620 0.000166 0.021845 500.000000 25.380711
620 0.000146 0.019673 600.000000 24.390244
620 0.000119 0.025645 700.000000 22.653721
620 0.000087 0.026771 800.000000 21.505377
630 0.000093 0.014370 100.000000 26.315790
630 0.000059 0.012134 200.000000 26.666666
630 0.000064 0.011913 300.000000 26.315790
630 0.000101 0.015419 400.000000 25.806452
630 0.000179 0.021447 500.000000 25.000000
630 0.000140 0.021061 600.000000 23.904383
630 0.000115 0.027190 700.000000 22.082020
630 0.000091 0.026605 800.000000 21.164021
640 0.000123 0.019352 100.000000 26.315790
640 0.000054 0.012359 200.000000 26.666666
640 0.000046 0.014981 300.000000 26.086956
640 0.000149 0.016879 400.000000 25.477707
640 0.000179 0.021225 500.000000 24.752476
640 0.000136 0.022538 600.000000 23.166023
640 0.000102 0.027723 700.000000 21.538462
640 0.000087 0.026116 800.000000 20.725389
650 0.000097 0.018487 100.000000 26.315790
650 0.000060 0.014971 200.000000 26.315790
650 0.000057 0.019139 300.000000 25.862068
650 0.000179 0.028811 400.000000 25.157232
650 0.000167 0.021555 500.000000 24.271845
650 0.000134 0.025690 600.000000 22.471910
650 0.000093 0.028583 700.000000 21.084337
650 0.000086 0.025775 800.000000 20.304569
660 0.000077 0.014492 100.000000 26.315790
660 0.000069 0.013487 200.000000 25.974026
660 0.000068 0.016758 300.000000 25.641026
660 0.000206 0.026934 400.000000 24.844721
660 0.000169 0.023289 500.000000 23.809525
660 0.000130 0.029544 600.000000 21.818182
660 0.000096 0.029559 700.000000 20.771513
660 0.000079 0.020696 800.000000 19.851116
670 0.000035 0.016346 100.000000 25.641026
670 0.000045 0.017831 200.000000 25.974026
670 0.000150 0.024334 300.000000 25.210085
670 0.000223 0.026848 400.000000 24.390244
670 0.000156 0.024389 500.000000 23.041475
670 0.000125 0.029835 600.000000 21.201414
670 0.000098 0.028716 700.000000 20.348837
670 0.000079 0.022821 800.000000 19.417477
680 0.000058 0.011648 100.000000 25.641026
680 0.000019 0.024850 200.000000 25.641026
680 0.000187 0.027765 300.000000 24.793388
680 0.000203 0.026444 400.000000 23.952095
680 0.000152 0.026572 500.000000 22.222221
680 0.000108 0.030715 600.000000 20.689655
680 0.000094 0.028158 700.000000 19.886364
680 0.000128 0.019920 800.000000 19.093079
690 0.000055 0.020122 100.000000 25.641026
690 0.000046 0.026618 200.000000 25.316456
690 0.000230 0.038041 300.000000 24.390244
690 0.000197 0.026811 400.000000 23.529411
690 0.000149 0.029994 500.000000 21.459227
690 0.000102 0.031698 600.000000 20.202021
690 0.000090 0.027587 700.000000 19.444445
700 0.000117 0.014847 100.000000 25.000000
700 0.000146 0.020876 200.000000 24.691359
700 0.000278 0.034852 300.000000 24.000000
700 0.000206 0.030471 400.000000 22.857143
700 0.000154 0.036508 500.000000 20.833334
700 0.000115 0.034475 600.000000 19.867550
700 0.000093 0.025582 700.000000 18.970190
710 0.000035 0.022155 100.000000 25.000000
710 0.000241 0.029610 200.000000 24.390244
710 0.000291 0.034843 300.000000 23.622047
710 0.000194 0.031544 400.000000 21.978022
710 0.000138 0.036510 500.000000 20.161291
710 0.000107 0.033107 600.000000 19.417477
710 0.000165 0.026652 700.000000 18.567638
720 0.000064 0.035684 100.000000 24.390244
720 0.000313 0.054190 200.000000 23.809525
720 0.000271 0.035102 300.000000 23.076923
720 0.000193 0.036381 400.000000 21.164021
720 0.000126 0.038655 500.000000 19.607843
720 0.000110 0.033324 600.000000 18.987341
730 0.000051 0.036544 100.000000 23.809525
730 0.000333 0.053787 200.000000 23.529411
730 0.000246 0.035533 300.000000 22.556391
730 0.000170 0.037573 400.000000 20.304569
730 0.000110 0.036615 500.000000 19.230770
730 0.000093 0.030496 600.000000 18.518518
740 0.000202 0.037913 100.000000 23.809525
740 0.000383 0.051413 200.000000 22.988506
740 0.000237 0.038407 300.000000 21.739130
740 0.000171 0.041416 400.000000 19.704433
740 0.000119 0.037700 500.000000 18.867924
740 0.000118 0.028145 600.000000 18.072289
750 0.000481 0.037100 100.000000 23.255814
750 0.000423 0.050495 200.000000 22.471910
750 0.000254 0.044135 300.000000 20.833334
750 0.000165 0.046565 400.000000 19.047619
750 0.000126 0.039166 500.000000 18.518518
750 0.000188 0.031895 600.000000 17.751480
760 0.000577 0.094143 100.000000 22.727272
760 0.000374 0.052742 200.000000 21.978022
760 0.000241 0.050379 300.000000 20.000000
760 0.000145 0.047611 400.000000 18.604650
760 0.000122 0.037775 500.000000 18.050541
770 0.000636 0.093827 100.000000 22.222221
770 0.000354 0.054218 200.000000 21.505377
770 0.000217 0.052205 300.000000 19.230770
770 0.000131 0.045516 400.000000 18.181818
770 0.000106 0.035007 500.000000 17.605635
780 0.000548 0.093323 100.000000 21.739130
780 0.000264 0.053455 200.000000 20.833334
780 0.000162 0.047320 300.000000 18.518518
780 0.000100 0.039428 400.000000 17.857143
780 0.000183 0.028809 500.000000 17.241379
790 0.000411 0.091576 100.000000 21.276596
790 0.000160 0.050742 200.000000 19.801981
790 0.000076 0.039517 300.000000 17.964071
790 0.000052 0.030374 400.000000 17.543859
790 0.000146 0.032175 500.000000 16.891891
800 0.000248 0.047242 100.000000 20.833334
800 0.000102 0.027975 200.000000 18.867924
800 0.000027 0.020988 300.000000 17.441860
800 0.000031 0.015257 400.000000 17.167381
800 0.000095 0.024446 500.000000 16.666666
810 0.000117 0.005151 100.000000 20.408163
810 0.000046 0.004956 200.000000 18.018019
810 0.000025 0.002940 300.000000 17.142857
810 0.000013 0.004357 400.000000 16.806723
820 0.000079 0.012327 100.000000 19.607843
820 0.000029 0.009082 200.000000 17.241379
820 0.000052 0.005310 300.000000 16.853933
820 0.000330 0.013030 400.000000 16.393442
830 0.000104 0.016203 100.000000 18.518518
830 0.000054 0.012558 200.000000 16.666666
830 0.000059 0.008340 300.000000 16.574585
830 0.000042 0.026758 400.000000 16.129032
840 0.000099 0.018344 100.000000 17.241379
840 0.000088 0.012448 200.000000 16.129032
840 0.000070 0.009732 300.000000 16.304348
840 0.000072 0.031974 400.000000 15.873015
850 0.000040 0.013248 100.000000 16.393442
850 0.000091 0.007255 200.000000 15.873015
850 0.000055 0.009431 300.000000 15.957447
860 0.000074 0.008837 100.000000 15.625000
860 0.000095 0.007891 200.000000 15.625000
860 0.000061 0.012126 300.000000 15.625000
870 0.000082 0.008426 100.000000 14.925373
870 0.000105 0.007863 200.000000 15.503876
870 0.000473 0.027045 300.000000 15.384615
880 0.000064 0.009096 100.000000 14.705882
880 0.000078 0.009956 200.000000 15.503876
880 0.000051 0.035261 300.000000 15.306123
890 0.000105 0.011266 100.000000 14.705882
890 0.000096 0.014268 200.000000 15.625000
890 0.000142 0.044840 300.000000 15.306123
900 0.000124 0.010592 100.000000 14.925373
900 0.000080 0.014212 200.000000 15.625000
900 0.000120 0.045615 300.000000 15.306123
910 0.000161 0.010428 100.000000 14.925373
910 0.000067 0.015483 200.000000 15.503876
920 0.000150 0.010399 100.000000 15.384615
920 0.000056 0.014858 200.000000 15.503876
930 0.000158 0.011939 100.000000 15.625000
930 0.000249 0.015911 200.000000 15.503876
940 0.000109 0.011430 100.000000 15.873015
940 0.000676 0.036866 200.000000 15.384615
950 0.000104 0.016639 100.000000 16.129032
950 0.000062 0.056868 200.000000 15.384615
960 0.000095 0.012932 100.000000 16.129032
960 0.000228 0.061345 200.000000 15.384615
970 0.000092 0.013674 100.000000 15.873015
970 0.000193 0.062248 200.000000 15.384615
980 0.000045 0.012255 100.000000 15.625000
990 0.000032 0.011784 100.000000 15.151515
1000 0.001272 0.055679 100.000000 14.705882
1010 0.000037 0.091931 100.000000 14.492754
1020 0.000480 0.108635 100.000000 14.492754
1030 0.000398 0.110503 100.000000 14.705882
