0 0.000181 0.014805 100.000000 12.195122
0 0.000162 0.016308 200.000000 15.384615
0 0.000132 0.022656 300.000000 17.543859
0 0.000175 0.026964 400.000000 19.138756
0 0.000070 0.034153 500.000000 20.325203
0 0.000082 0.031046 600.000000 21.126760
0 0.000085 0.027970 700.000000 21.806854
0 0.000066 0.026356 800.000000 22.284122
10 0.000163 0.016056 100.000000 12.987013
10 0.000155 0.016398 200.000000 16.129032
10 0.000126 0.022227 300.000000 18.181818
10 0.000190 0.026809 400.000000 19.704433
10 0.000061 0.032956 500.000000 20.833334
10 0.000077 0.029057 600.000000 21.582733
10 0.000080 0.025602 700.000000 22.222221
10 0.000062 0.023621 800.000000 22.662889
20 0.000119 0.017115 100.000000 13.888889
20 0.000134 0.015401 200.000000 16.949152
20 0.000113 0.020382 300.000000 18.867924
20 0.000180 0.025384 400.000000 20.304569
20 0.000057 0.029891 500.000000 21.367521
20 0.000079 0.025531 600.000000 22.140221
20 0.000081 0.021524 700.000000 22.653721
20 0.000063 0.019550 800.000000 23.121387
30 0.000079 0.015916 100.000000 14.925373
30 0.000121 0.013825 200.000000 17.857143
30 0.000104 0.018107 300.000000 19.607843
30 0.000173 0.023623 400.000000 21.052631
30 0.000055 0.026761 500.000000 22.026432
30 0.000083 0.021573 600.000000 22.641510
30 0.000076 0.017452 700.000000 23.178808
30 0.000067 0.015700 800.000000 23.529411
40 0.000089 0.012815 100.000000 16.129032
40 0.000127 0.012094 200.000000 18.867924
40 0.000117 0.016535 300.000000 20.408163
40 0.000165 0.023377 400.000000 21.739130
40 0.000067 0.025041 500.000000 22.624434
40 0.000086 0.019459 600.000000 23.166023
40 0.000079 0.016400 700.000000 23.648649
40 0.000071 0.015599 800.000000 23.952095
50 0.000095 0.009066 100.000000 17.241379
50 0.000106 0.007630 200.000000 19.801981
50 0.000105 0.011289 300.000000 21.276596
50 0.000134 0.019616 400.000000 22.471910
50 0.000088 0.018997 500.000000 23.148148
50 0.000095 0.013875 600.000000 23.715416
50 0.000082 0.012580 700.000000 24.054983
50 0.000076 0.013751 800.000000 24.316109
60 0.000103 0.006860 100.000000 18.518518
60 0.000101 0.006421 200.000000 20.618557
60 0.000121 0.009737 300.000000 21.897810
60 0.000069 0.019843 400.000000 22.988506
60 0.000092 0.016776 500.000000 23.696682
60 0.000107 0.012700 600.000000 24.096386
60 0.000085 0.013140 700.000000 24.475525
60 0.000080 0.015242 800.000000 24.691359
70 0.000119 0.005499 100.000000 19.230770
70 0.000119 0.008101 200.000000 21.276596
70 0.000155 0.011639 300.000000 22.556391
70 0.000071 0.021828 400.000000 23.529411
70 0.000101 0.017017 500.000000 24.154589
70 0.000104 0.013610 600.000000 24.489796
70 0.000088 0.014285 700.000000 24.822695
70 0.000078 0.016411 800.000000 25.000000
80 0.000166 0.004797 100.000000 20.408163
80 0.000125 0.011674 200.000000 21.978022
80 0.000183 0.015435 300.000000 23.255814
80 0.000064 0.023507 400.000000 24.096386
80 0.000099 0.017726 500.000000 24.509804
80 0.000102 0.013256 600.000000 24.896265
80 0.000074 0.012526 700.000000 25.089605
80 0.000077 0.013767 800.000000 25.316456
90 0.000169 0.005561 100.000000 21.276596
90 0.000126 0.013043 200.000000 22.471910
90 0.000212 0.018275 300.000000 23.809525
90 0.000063 0.023184 400.000000 24.539877
90 0.000099 0.016969 500.000000 24.875622
90 0.000098 0.012626 600.000000 25.210085
90 0.000072 0.011969 700.000000 25.362318
90 0.000084 0.013308 800.000000 25.477707
100 0.000187 0.008844 100.000000 21.739130
100 0.000138 0.014799 200.000000 23.255814
100 0.000204 0.021683 300.000000 24.390244
100 0.000077 0.023375 400.000000 24.844721
100 0.000103 0.015153 500.000000 25.252525
100 0.000091 0.010417 600.000000 25.423729
100 0.000081 0.009907 700.000000 25.547445
100 0.000088 0.011230 800.000000 25.723473
110 0.000200 0.010990 100.000000 22.222221
110 0.000143 0.015006 200.000000 23.809525
110 0.000126 0.025726 300.000000 24.793388
110 0.000096 0.020966 400.000000 25.157232
110 0.000110 0.011404 500.000000 25.510204
110 0.000089 0.006220 600.000000 25.641026
110 0.000081 0.006584 700.000000 25.830257
110 0.000085 0.009404 800.000000 25.889967
120 0.000148 0.012218 100.000000 22.727272
120 0.000192 0.011907 200.000000 24.096386
120 0.000065 0.023529 300.000000 25.210085
120 0.000121 0.013923 400.000000 25.477707
120 0.000122 0.005480 500.000000 25.773195
120 0.000102 0.007165 600.000000 25.862068
120 0.000090 0.011304 700.000000 25.925926
120 0.000106 0.015573 800.000000 25.974026
130 0.000114 0.009556 100.000000 23.255814
130 0.000222 0.010144 200.000000 24.691359
130 0.000097 0.018010 300.000000 25.423729
130 0.000142 0.007694 400.000000 25.641026
130 0.000138 0.006283 500.000000 25.906736
130 0.000100 0.012715 600.000000 25.974026
130 0.000105 0.016754 700.000000 26.119404
130 0.000115 0.021846 800.000000 26.143791
140 0.000070 0.009463 100.000000 23.809525
140 0.000228 0.013355 200.000000 25.000000
140 0.000119 0.014179 300.000000 25.641026
140 0.000158 0.003476 400.000000 25.974026
140 0.000135 0.008530 500.000000 26.041666
140 0.000113 0.015011 600.000000 26.086956
140 0.000119 0.019448 700.000000 26.217228
140 0.000117 0.025349 800.000000 26.229507
150 0.000123 0.006255 100.000000 23.809525
150 0.000178 0.016981 200.000000 25.641026
150 0.000177 0.010564 300.000000 25.862068
150 0.000169 0.004728 400.000000 26.143791
150 0.000138 0.013522 500.000000 26.178011
150 0.000123 0.019383 600.000000 26.200872
150 0.000120 0.024120 700.000000 26.315790
150 0.000129 0.029547 800.000000 26.315790
160 0.000199 0.005317 100.000000 25.000000
160 0.000077 0.020049 200.000000 25.974026
160 0.000188 0.005974 300.000000 26.086956
160 0.000185 0.007791 400.000000 26.315790
160 0.000142 0.016103 500.000000 26.315790
160 0.000125 0.021593 600.000000 26.315790
160 0.000134 0.026338 700.000000 26.415094
160 0.000136 0.032672 800.000000 26.402639
170 0.000336 0.007124 100.000000 25.641026
170 0.000157 0.018517 200.000000 26.315790
170 0.000207 0.003542 300.000000 26.315790
170 0.000191 0.010069 400.000000 26.315790
170 0.000134 0.018788 500.000000 26.455027
170 0.000131 0.023402 600.000000 26.431719
170 0.000140 0.028904 700.000000 26.415094
170 0.000136 0.039436 800.000000 26.490067
180 0.000387 0.013672 100.000000 25.641026
180 0.000204 0.013232 200.000000 26.315790
180 0.000231 0.004020 300.000000 26.548672
180 0.000184 0.015906 400.000000 26.490067
180 0.000149 0.023194 500.000000 26.455027
180 0.000147 0.028008 600.000000 26.548672
180 0.000142 0.033978 700.000000 26.515152
180 0.000133 0.044060 800.000000 26.490067
190 0.000266 0.021518 100.000000 26.315790
190 0.000300 0.005507 200.000000 26.315790
190 0.000249 0.013072 300.000000 26.548672
190 0.000191 0.024300 400.000000 26.490067
190 0.000163 0.030554 500.000000 26.455027
190 0.000154 0.035435 600.000000 26.548672
190 0.000159 0.041171 700.000000 26.515152
190 0.000134 0.053566 800.000000 26.490067
200 0.000419 0.018141 100.000000 26.315790
200 0.000380 0.014644 200.000000 26.315790
200 0.000303 0.031497 300.000000 26.548672
200 0.000223 0.040859 400.000000 26.490067
200 0.000187 0.046381 500.000000 26.455027
200 0.000189 0.051700 600.000000 26.431719
200 0.000182 0.057570 700.000000 26.515152
200 0.000160 0.067666 800.000000 26.402639
210 0.000685 0.009069 100.000000 25.641026
210 0.000481 0.036378 200.000000 26.315790
210 0.000362 0.051244 300.000000 26.315790
210 0.000251 0.060212 400.000000 26.490067
210 0.000231 0.064269 500.000000 26.455027
210 0.000224 0.070144 600.000000 26.431719
210 0.000207 0.078652 700.000000 26.415094
210 0.000190 0.084024 800.000000 26.402639
220 0.000803 0.029266 100.000000 25.641026
220 0.000524 0.052321 200.000000 26.315790
220 0.000358 0.064454 300.000000 26.315790
220 0.000270 0.070467 400.000000 26.315790
220 0.000245 0.074083 500.000000 26.455027
220 0.000219 0.080227 600.000000 26.431719
220 0.000194 0.089641 700.000000 26.415094
220 0.000185 0.092983 800.000000 26.315790
230 0.000707 0.029225 100.000000 25.641026
230 0.000437 0.046131 200.000000 26.315790
230 0.000284 0.053898 300.000000 26.315790
230 0.000224 0.057525 400.000000 26.315790
230 0.000203 0.060297 500.000000 26.455027
230 0.000204 0.064950 600.000000 26.431719
230 0.000164 0.075292 700.000000 26.415094
230 0.000164 0.077513 800.000000 26.315790
240 0.000292 0.005562 100.000000 25.641026
240 0.000212 0.007961 200.000000 25.974026
240 0.000135 0.012049 300.000000 26.315790
240 0.000123 0.013169 400.000000 26.315790
240 0.000132 0.016636 500.000000 26.315790
240 0.000130 0.027054 600.000000 26.431719
240 0.000116 0.039025 700.000000 26.315790
240 0.000107 0.038692 800.000000 26.229507
250 0.000298 0.004143 100.000000 25.641026
250 0.000203 0.008879 200.000000 25.974026
250 0.000117 0.013111 300.000000 26.315790
250 0.000126 0.013850 400.000000 26.315790
250 0.000129 0.018682 500.000000 26.315790
250 0.000133 0.034764 600.000000 26.315790
250 0.000120 0.040068 700.000000 26.315790
250 0.000102 0.039749 800.000000 26.229507
260 0.000219 0.004362 100.000000 25.641026
260 0.000138 0.002939 200.000000 25.974026
260 0.000106 0.003613 300.000000 26.315790
260 0.000113 0.005184 400.000000 26.315790
260 0.000102 0.009969 500.000000 26.315790
260 0.000097 0.037707 600.000000 26.315790
260 0.000100 0.034735 700.000000 26.315790
260 0.000091 0.033130 800.000000 26.143791
270 0.000203 0.006806 100.000000 25.641026
270 0.000098 0.003839 200.000000 25.974026
270 0.000091 0.003584 300.000000 26.315790
270 0.000093 0.002937 400.000000 26.315790
270 0.000113 0.004559 500.000000 26.315790
270 0.000089 0.035806 600.000000 26.315790
270 0.000091 0.031942 700.000000 26.217228
270 0.000078 0.029768 800.000000 26.143791
280 0.000157 0.012450 100.000000 25.641026
280 0.000095 0.009322 200.000000 25.974026
280 0.000075 0.010399 300.000000 26.315790
280 0.000097 0.007979 400.000000 26.315790
280 0.000100 0.021406 500.000000 26.315790
280 0.000087 0.034842 600.000000 26.315790
280 0.000082 0.030196 700.000000 26.217228
280 0.000065 0.027177 800.000000 26.058632
290 0.000112 0.012050 100.000000 25.641026
290 0.000082 0.011712 200.000000 25.974026
290 0.000080 0.011629 300.000000 26.315790
290 0.000085 0.007644 400.000000 26.315790
290 0.000098 0.031826 500.000000 26.315790
290 0.000087 0.035061 600.000000 26.200872
290 0.000076 0.030469 700.000000 26.119404
290 0.000058 0.027561 800.000000 26.058632
300 0.000100 0.014195 100.000000 25.641026
300 0.000085 0.015208 200.000000 25.974026
300 0.000077 0.013920 300.000000 26.315790
300 0.000083 0.010106 400.000000 26.315790
300 0.000074 0.042242 500.000000 26.315790
300 0.000084 0.035179 600.000000 26.200872
300 0.000072 0.030295 700.000000 26.119404
300 0.000055 0.026865 800.000000 26.058632
310 0.000092 0.020217 100.000000 25.641026
310 0.000058 0.021146 200.000000 25.974026
310 0.000071 0.019097 300.000000 26.086956
310 0.000089 0.019530 400.000000 26.315790
310 0.000069 0.042912 500.000000 26.178011
310 0.000070 0.035708 600.000000 26.200872
310 0.000056 0.030313 700.000000 26.022305
310 0.000051 0.026354 800.000000 26.058632
320 0.000142 0.016939 100.000000 25.641026
320 0.000052 0.020889 200.000000 25.974026
320 0.000080 0.017282 300.000000 26.086956
320 0.000086 0.041158 400.000000 26.315790
320 0.000083 0.042680 500.000000 26.178011
320 0.000068 0.035554 600.000000 26.086956
320 0.000051 0.030274 700.000000 26.022305
320 0.000051 0.026394 800.000000 26.058632
330 0.000073 0.016661 100.000000 25.641026
330 0.000091 0.016643 200.000000 25.974026
330 0.000091 0.011542 300.000000 26.086956
330 0.000082 0.052902 400.000000 26.143791
330 0.000090 0.042406 500.000000 26.178011
330 0.000075 0.035669 600.000000 26.086956
330 0.000056 0.031197 700.000000 26.022305
330 0.000055 0.027774 800.000000 26.058632
340 0.000083 0.016202 100.000000 25.641026
340 0.000093 0.013617 200.000000 25.974026
340 0.000122 0.009865 300.000000 26.086956
340 0.000077 0.052735 400.000000 26.143791
340 0.000096 0.042511 500.000000 26.178011
340 0.000076 0.036042 600.000000 25.974026
340 0.000061 0.031712 700.000000 26.022305
340 0.000058 0.028485 800.000000 26.058632
350 0.000064 0.015826 100.000000 25.641026
350 0.000128 0.012844 200.000000 25.974026
350 0.000129 0.019861 300.000000 26.086956
350 0.000097 0.052889 400.000000 26.143791
350 0.000088 0.042878 500.000000 26.041666
350 0.000071 0.036603 600.000000 25.974026
350 0.000065 0.032399 700.000000 25.925926
350 0.000060 0.029283 800.000000 26.143791
360 0.000161 0.012199 100.000000 25.641026
360 0.000180 0.007434 200.000000 25.974026
360 0.000152 0.053177 300.000000 26.086956
360 0.000129 0.053440 400.000000 26.143791
360 0.000098 0.044158 500.000000 26.041666
360 0.000076 0.038981 600.000000 25.862068
360 0.000070 0.035056 700.000000 26.022305
360 0.000066 0.032780 800.000000 26.143791
370 0.000177 0.013522 100.000000 25.641026
370 0.000130 0.008517 200.000000 25.974026
370 0.000100 0.070287 300.000000 26.086956
370 0.000106 0.053367 400.000000 25.974026
370 0.000089 0.043482 500.000000 25.906736
370 0.000065 0.037667 600.000000 25.862068
370 0.000067 0.033243 700.000000 26.022305
370 0.000058 0.030733 800.000000 26.143791
380 0.000153 0.013163 100.000000 25.641026
380 0.000177 0.008395 200.000000 25.974026
380 0.000089 0.070013 300.000000 26.086956
380 0.000107 0.053049 400.000000 25.974026
380 0.000083 0.043224 500.000000 25.906736
380 0.000069 0.036941 600.000000 25.862068
380 0.000063 0.032453 700.000000 26.022305
380 0.000067 0.029822 800.000000 26.143791
390 0.000200 0.011608 100.000000 25.641026
390 0.000160 0.052930 200.000000 25.974026
390 0.000115 0.069826 300.000000 26.086956
390 0.000097 0.052793 400.000000 25.974026
390 0.000069 0.042703 500.000000 25.773195
390 0.000065 0.036013 600.000000 25.862068
390 0.000057 0.031433 700.000000 26.022305
390 0.000063 0.028512 800.000000 26.143791
400 0.000175 0.009091 100.000000 25.641026
400 0.000144 0.078830 200.000000 25.974026
400 0.000114 0.069772 300.000000 25.862068
400 0.000081 0.052695 400.000000 25.806452
400 0.000057 0.042376 500.000000 25.773195
400 0.000054 0.035371 600.000000 25.862068
400 0.000048 0.030684 700.000000 26.119404
400 0.000062 0.027601 800.000000 26.229507
410 0.000051 0.012815 100.000000 25.641026
410 0.000073 0.104939 200.000000 25.974026
410 0.000086 0.070159 300.000000 25.862068
410 0.000069 0.052792 400.000000 25.806452
410 0.000044 0.041796 500.000000 25.773195
410 0.000047 0.034630 600.000000 25.974026
410 0.000042 0.029632 700.000000 26.119404
410 0.000054 0.025993 800.000000 26.229507
420 0.000210 0.009657 100.000000 25.641026
420 0.000100 0.104641 200.000000 25.641026
420 0.000098 0.070057 300.000000 25.862068
420 0.000073 0.052557 400.000000 25.641026
420 0.000060 0.041887 500.000000 25.773195
420 0.000052 0.034842 600.000000 25.974026
420 0.000058 0.030102 700.000000 26.119404
420 0.000061 0.027064 800.000000 26.143791
430 0.000122 0.106377 100.000000 25.641026
430 0.000088 0.105365 200.000000 25.641026
430 0.000074 0.071224 300.000000 25.641026
430 0.000046 0.053105 400.000000 25.641026
430 0.000040 0.042311 500.000000 25.773195
430 0.000032 0.035224 600.000000 25.974026
430 0.000043 0.030221 700.000000 26.119404
430 0.000053 0.026028 800.000000 26.143791
440 0.000145 0.158429 100.000000 25.641026
440 0.000099 0.105658 200.000000 25.641026
440 0.000069 0.071299 300.000000 25.641026
440 0.000041 0.052861 400.000000 25.641026
440 0.000038 0.042400 500.000000 25.773195
440 0.000028 0.035307 600.000000 26.086956
440 0.000049 0.030222 700.000000 26.119404
440 0.000056 0.026081 800.000000 26.143791
450 0.000083 0.209699 100.000000 25.000000
450 0.000101 0.105559 200.000000 25.641026
450 0.000072 0.070820 300.000000 25.641026
450 0.000040 0.052677 400.000000 25.641026
450 0.000043 0.042068 500.000000 25.773195
450 0.000037 0.034972 600.000000 26.086956
450 0.000053 0.029813 700.000000 26.119404
450 0.000055 0.026133 800.000000 26.058632
460 0.000090 0.210498 100.000000 25.000000
460 0.000065 0.107667 200.000000 25.316456
460 0.000037 0.072656 300.000000 25.423729
460 0.000029 0.054825 400.000000 25.641026
460 0.000020 0.045035 500.000000 25.906736
460 0.000033 0.038125 600.000000 26.086956
460 0.000042 0.032332 700.000000 26.119404
460 0.000035 0.027508 800.000000 25.974026
470 0.000102 0.056105 100.000000 25.000000
470 0.000053 0.033029 200.000000 25.316456
470 0.000028 0.023288 300.000000 25.423729
470 0.000023 0.019484 400.000000 25.641026
470 0.000017 0.017139 500.000000 25.906736
470 0.000034 0.015506 600.000000 26.086956
470 0.000050 0.011702 700.000000 26.119404
470 0.000052 0.008748 800.000000 25.889967
480 0.000104 0.057100 100.000000 25.000000
480 0.000040 0.033790 200.000000 25.316456
480 0.000025 0.023405 300.000000 25.423729
480 0.000017 0.020346 400.000000 25.641026
480 0.000019 0.017759 500.000000 26.041666
480 0.000040 0.015578 600.000000 26.086956
480 0.000045 0.011354 700.000000 26.119404
480 0.000069 0.008476 800.000000 25.806452
490 0.000142 0.011350 100.000000 25.000000
490 0.000075 0.007677 200.000000 25.316456
490 0.000035 0.004486 300.000000 25.423729
490 0.000042 0.004289 400.000000 25.806452
490 0.000045 0.002855 500.000000 26.041666
490 0.000057 0.001811 600.000000 26.200872
490 0.000057 0.004821 700.000000 26.022305
490 0.000102 0.020042 800.000000 25.723473
500 0.000075 0.020102 100.000000 25.000000
500 0.000024 0.012757 200.000000 25.000000
500 0.000022 0.010597 300.000000 25.423729
500 0.000024 0.010531 400.000000 25.806452
500 0.000044 0.009261 500.000000 26.041666
500 0.000053 0.006397 600.000000 26.200872
500 0.000043 0.003898 700.000000 25.925926
500 0.000121 0.018350 800.000000 25.559105
510 0.000007 0.019629 100.000000 25.000000
510 0.000037 0.013836 200.000000 25.000000
510 0.000019 0.014183 300.000000 25.423729
510 0.000034 0.013232 400.000000 25.974026
510 0.000046 0.012402 500.000000 26.178011
510 0.000056 0.008035 600.000000 26.086956
510 0.000066 0.004687 700.000000 25.830257
510 0.000128 0.017648 800.000000 25.396826
520 0.000057 0.018958 100.000000 24.390244
520 0.000044 0.011885 200.000000 25.000000
520 0.000022 0.013317 300.000000 25.641026
520 0.000040 0.012312 400.000000 25.974026
520 0.000053 0.010829 500.000000 26.178011
520 0.000055 0.006059 600.000000 26.086956
520 0.000082 0.003184 700.000000 25.735294
520 0.000141 0.018968 800.000000 25.236593
530 0.000033 0.016683 100.000000 24.390244
530 0.000032 0.014643 200.000000 25.000000
530 0.000027 0.015959 300.000000 25.641026
530 0.000046 0.014552 400.000000 25.974026
530 0.000046 0.011832 500.000000 26.178011
530 0.000048 0.007538 600.000000 26.086956
530 0.000103 0.019592 700.000000 25.641026
530 0.000130 0.019478 800.000000 25.078369
540 0.000017 0.011059 100.000000 24.390244
540 0.000021 0.010476 200.000000 25.316456
540 0.000034 0.011846 300.000000 25.862068
540 0.000053 0.010949 400.000000 26.143791
540 0.000056 0.007032 500.000000 26.178011
540 0.000048 0.003552 600.000000 25.974026
540 0.000136 0.020319 700.000000 25.454546
540 0.000128 0.023631 800.000000 24.844721
550 0.000061 0.009298 100.000000 24.390244
550 0.000022 0.012227 200.000000 25.316456
550 0.000046 0.011933 300.000000 26.086956
550 0.000054 0.011141 400.000000 26.315790
550 0.000067 0.006275 500.000000 26.178011
550 0.000080 0.003069 600.000000 25.862068
550 0.000147 0.020848 700.000000 25.362318
550 0.000122 0.025717 800.000000 24.464832
560 0.000082 0.009666 100.000000 24.390244
560 0.000014 0.014610 200.000000 25.641026
560 0.000040 0.014072 300.000000 26.086956
560 0.000053 0.012602 400.000000 26.315790
560 0.000055 0.007171 500.000000 26.178011
560 0.000092 0.003764 600.000000 25.751074
560 0.000157 0.021181 700.000000 25.179855
560 0.000125 0.026386 800.000000 24.024025
570 0.000033 0.011357 100.000000 25.000000
570 0.000029 0.014358 200.000000 25.974026
570 0.000056 0.012583 300.000000 26.315790
570 0.000058 0.009390 400.000000 26.315790
570 0.000056 0.004576 500.000000 26.178011
570 0.000128 0.023051 600.000000 25.641026
570 0.000149 0.024324 700.000000 25.000000
570 0.000134 0.030608 800.000000 23.598820
580 0.000037 0.009871 100.000000 25.000000
580 0.000050 0.012018 200.000000 25.974026
580 0.000064 0.010465 300.000000 26.315790
580 0.000070 0.005625 400.000000 26.490067
580 0.000058 0.002511 500.000000 26.041666
580 0.000160 0.024270 600.000000 25.531916
580 0.000147 0.028586 700.000000 24.734982
580 0.000139 0.035595 800.000000 23.054754
590 0.000031 0.013778 100.000000 25.641026
590 0.000061 0.011791 200.000000 26.315790
590 0.000074 0.009934 300.000000 26.548672
590 0.000085 0.004826 400.000000 26.315790
590 0.000100 0.004097 500.000000 26.041666
590 0.000178 0.026318 600.000000 25.316456
590 0.000146 0.032607 700.000000 24.305555
590 0.000143 0.038958 800.000000 22.662889
600 0.000087 0.014704 100.000000 25.641026
600 0.000061 0.010968 200.000000 26.315790
600 0.000092 0.008199 300.000000 26.548672
600 0.000081 0.004401 400.000000 26.315790
600 0.000132 0.006544 500.000000 25.773195
600 0.000193 0.029151 600.000000 25.104603
600 0.000152 0.036530 700.000000 23.809525
600 0.000146 0.041124 800.000000 22.222221
610 0.000044 0.018939 100.000000 25.641026
610 0.000077 0.014784 200.000000 26.666666
610 0.000073 0.009791 300.000000 26.548672
610 0.000063 0.004657 400.000000 26.143791
610 0.000152 0.028194 500.000000 25.641026
610 0.000169 0.029505 600.000000 24.793388
610 0.000154 0.036182 700.000000 23.178808
610 0.000132 0.038226 800.000000 21.798365
620 0.000063 0.017656 100.000000 26.315790
620 0.000078 0.014518 200.000000 26.666666
620 0.000081 0.007827 300.000000 26.548672
620 0.000065 0.004068 400.000000 25.974026
620 0.000186 0.029155 500.000000 25.380711
620 0.000167 0.032838 600.000000 24.390244
620 0.000153 0.039466 700.000000 22.653721
620 0.000124 0.038222 800.000000 21.505377
630 0.000120 0.012423 100.000000 26.315790
630 0.000108 0.009973 200.000000 26.666666
630 0.000112 0.003494 300.000000 26.315790
630 0.000123 0.004264 400.000000 25.806452
630 0.000213 0.032128 500.000000 25.000000
630 0.000167 0.038260 600.000000 23.904383
630 0.000161 0.044500 700.000000 22.082020
630 0.000125 0.039595 800.000000 21.164021
640 0.000105 0.013988 100.000000 26.315790
640 0.000098 0.010247 200.000000 26.666666
640 0.000087 0.004240 300.000000 26.086956
640 0.000153 0.005417 400.000000 25.477707
640 0.000215 0.033662 500.000000 24.752476
640 0.000171 0.039929 600.000000 23.166023
640 0.000154 0.043832 700.000000 21.538462
640 0.000118 0.037957 800.000000 20.725389
650 0.000118 0.013014 100.000000 26.315790
650 0.000097 0.006828 200.000000 26.315790
650 0.000066 0.003449 300.000000 25.862068
650 0.000197 0.036195 400.000000 25.157232
650 0.000194 0.037270 500.000000 24.271845
650 0.000177 0.043863 600.000000 22.471910
650 0.000147 0.043836 700.000000 21.084337
650 0.000114 0.036762 800.000000 20.304569
660 0.000119 0.014163 100.000000 26.315790
660 0.000133 0.004892 200.000000 25.974026
660 0.000104 0.004041 300.000000 25.641026
660 0.000233 0.038004 400.000000 24.844721
660 0.000194 0.041845 500.000000 23.809525
660 0.000183 0.048222 600.000000 21.818182
660 0.000143 0.044248 700.000000 20.771513
660 0.000109 0.034932 800.000000 19.851116
670 0.000183 0.010323 100.000000 25.641026
670 0.000134 0.004203 200.000000 25.974026
670 0.000162 0.007618 300.000000 25.210085
670 0.000266 0.041204 400.000000 24.390244
670 0.000199 0.047270 500.000000 23.041475
670 0.000186 0.051927 600.000000 21.201414
670 0.000143 0.044743 700.000000 20.348837
670 0.000250 0.035260 800.000000 19.417477
680 0.000134 0.009519 100.000000 25.641026
680 0.000095 0.003569 200.000000 25.641026
680 0.000204 0.047378 300.000000 24.793388
680 0.000255 0.042532 400.000000 23.952095
680 0.000197 0.047584 500.000000 22.222221
680 0.000173 0.049291 600.000000 20.689655
680 0.000127 0.041673 700.000000 19.886364
680 0.000212 0.027709 800.000000 19.093079
690 0.000082 0.012341 100.000000 25.641026
690 0.000034 0.007009 200.000000 25.316456
690 0.000246 0.046965 300.000000 24.390244
690 0.000209 0.042149 400.000000 23.529411
690 0.000187 0.046329 500.000000 21.459227
690 0.000150 0.045089 600.000000 20.202021
690 0.000111 0.037438 700.000000 19.444445
700 0.000136 0.007747 100.000000 25.000000
700 0.000132 0.006380 200.000000 24.691359
700 0.000284 0.048375 300.000000 24.000000
700 0.000200 0.047094 400.000000 22.857143
700 0.000193 0.050942 500.000000 20.833334
700 0.000148 0.045858 600.000000 19.867550
700 0.000169 0.037223 700.000000 18.970190
710 0.000064 0.006033 100.000000 25.000000
710 0.000164 0.006263 200.000000 24.390244
710 0.000302 0.048918 300.000000 23.622047
710 0.000204 0.048000 400.000000 21.978022
710 0.000184 0.050668 500.000000 20.161291
710 0.000133 0.043924 600.000000 19.417477
710 0.000244 0.032524 700.000000 18.567638
720 0.000052 0.006502 100.000000 24.390244
720 0.000280 0.069506 200.000000 23.809525
720 0.000280 0.052785 300.000000 23.076923
720 0.000219 0.052829 400.000000 21.164021
720 0.000179 0.052500 500.000000 19.607843
720 0.000128 0.043965 600.000000 18.987341
730 0.000015 0.008569 100.000000 23.809525
730 0.000352 0.069706 200.000000 23.529411
730 0.000257 0.055110 300.000000 22.556391
730 0.000218 0.055569 400.000000 20.304569
730 0.000164 0.051408 500.000000 19.230770
730 0.000117 0.041395 600.000000 18.518518
740 0.000153 0.017639 100.000000 23.809525
740 0.000365 0.069815 200.000000 22.988506
740 0.000226 0.055880 300.000000 21.739130
740 0.000204 0.055443 400.000000 19.704433
740 0.000148 0.048833 500.000000 18.867924
740 0.000136 0.037044 600.000000 18.072289
750 0.000310 0.010988 100.000000 23.255814
750 0.000430 0.072328 200.000000 22.471910
750 0.000255 0.062000 300.000000 20.833334
750 0.000222 0.060882 400.000000 19.047619
750 0.000154 0.050755 500.000000 18.518518
750 0.000274 0.036186 600.000000 17.751480
760 0.000512 0.136669 100.000000 22.727272
760 0.000392 0.077288 200.000000 21.978022
760 0.000277 0.067742 300.000000 20.000000
760 0.000212 0.062875 400.000000 18.604650
760 0.000145 0.050435 500.000000 18.050541
770 0.000689 0.137971 100.000000 22.222221
770 0.000378 0.082890 200.000000 21.505377
770 0.000284 0.074043 300.000000 19.230770
770 0.000201 0.063886 400.000000 18.181818
770 0.000138 0.049148 500.000000 17.605635
780 0.000602 0.137292 100.000000 21.739130
780 0.000270 0.080030 200.000000 20.833334
780 0.000236 0.067818 300.000000 18.518518
780 0.000159 0.056119 400.000000 17.857143
780 0.000139 0.041535 500.000000 17.241379
790 0.000593 0.137149 100.000000 21.276596
790 0.000249 0.079254 200.000000 19.801981
790 0.000203 0.065434 300.000000 17.964071
790 0.000129 0.051923 400.000000 17.543859
790 0.000285 0.038756 500.000000 16.891891
800 0.000396 0.006114 100.000000 20.833334
800 0.000191 0.015885 200.000000 18.867924
800 0.000147 0.015773 300.000000 17.441860
800 0.000089 0.012349 400.000000 17.167381
800 0.000221 0.011703 500.000000 16.666666
810 0.000146 0.004185 100.000000 20.408163
810 0.000127 0.006086 200.000000 18.018019
810 0.000098 0.007012 300.000000 17.142857
810 0.000058 0.005077 400.000000 16.806723
820 0.000071 0.006092 100.000000 19.607843
820 0.000093 0.004891 200.000000 17.241379
820 0.000085 0.003954 300.000000 16.853933
820 0.000058 0.003239 400.000000 16.393442
830 0.000064 0.009542 100.000000 18.518518
830 0.000064 0.007929 200.000000 16.666666
830 0.000080 0.002442 300.000000 16.574585
830 0.000257 0.014969 400.000000 16.129032
840 0.000067 0.014877 100.000000 17.241379
840 0.000075 0.009625 200.000000 16.129032
840 0.000089 0.004808 300.000000 16.304348
840 0.000197 0.017216 400.000000 15.873015
850 0.000077 0.011573 100.000000 16.393442
850 0.000085 0.004900 200.000000 15.873015
850 0.000086 0.002165 300.000000 15.957447
860 0.000152 0.008302 100.000000 15.625000
860 0.000140 0.003191 200.000000 15.625000
860 0.000084 0.002791 300.000000 15.625000
870 0.000189 0.007353 100.000000 14.925373
870 0.000151 0.003825 200.000000 15.503876
870 0.000101 0.003421 300.000000 15.384615
880 0.000192 0.004785 100.000000 14.705882
880 0.000133 0.003926 200.000000 15.503876
880 0.000257 0.015084 300.000000 15.306123
890 0.000171 0.005654 100.000000 14.705882
890 0.000126 0.005394 200.000000 15.625000
890 0.000312 0.021667 300.000000 15.306123
900 0.000128 0.005133 100.000000 14.925373
900 0.000112 0.007807 200.000000 15.625000
900 0.000258 0.026682 300.000000 15.306123
910 0.000113 0.008026 100.000000 14.925373
910 0.000114 0.010674 200.000000 15.503876
920 0.000143 0.009379 100.000000 15.384615
920 0.000107 0.013118 200.000000 15.503876
930 0.000228 0.009254 100.000000 15.625000
930 0.000126 0.015474 200.000000 15.503876
940 0.000195 0.012956 100.000000 15.873015
940 0.000062 0.024159 200.000000 15.384615
950 0.000180 0.013805 100.000000 16.129032
950 0.000463 0.039775 200.000000 15.384615
960 0.000174 0.016987 100.000000 16.129032
960 0.000383 0.041312 200.000000 15.384615
970 0.000195 0.016439 100.000000 15.873015
970 0.000335 0.042725 200.000000 15.384615
980 0.000120 0.014166 100.000000 15.625000
990 0.000128 0.012666 100.000000 15.151515
1000 0.000191 0.012296 100.000000 14.705882
1010 0.001107 0.058796 100.000000 14.492754
1020 0.000919 0.058487 100.000000 14.492754
1030 0.000857 0.066527 100.000000 14.705882
