20.000000 0.000524
40.000000 0.000384
60.000000 0.000283
80.000000 0.000204
100.000000 0.000195
120.000000 0.000191
140.000000 0.000181
160.000000 0.000179
180.000000 0.000164
200.000000 0.000162
220.000000 0.000160
240.000000 0.000150
260.000000 0.000150
280.000000 0.000144
300.000000 0.000136
320.000000 0.000130
340.000000 0.000126
360.000000 0.000122
380.000000 0.000122
400.000000 0.000121
420.000000 0.000114
440.000000 0.000108
460.000000 0.000105
480.000000 0.000106
500.000000 0.000105
520.000000 0.000102
540.000000 0.000102
560.000000 0.000100
580.000000 0.000097
600.000000 0.000096
620.000000 0.000096
640.000000 0.000096
660.000000 0.000091
680.000000 0.000090
700.000000 0.000089
720.000000 0.000090
740.000000 0.000086
760.000000 0.000084
780.000000 0.000084
800.000000 0.000085
820.000000 0.000081
840.000000 0.000080
860.000000 0.000079
880.000000 0.000080
900.000000 0.000077
920.000000 0.000079
940.000000 0.000077
960.000000 0.000077
980.000000 0.000076
1000.000000 0.000075
1020.000000 0.000076
1040.000000 0.000077
1060.000000 0.000074
1080.000000 0.000072
1100.000000 0.000073
1120.000000 0.000071
1140.000000 0.000071
1160.000000 0.000068
1180.000000 0.000067
1200.000000 0.000067
1220.000000 0.000068
1240.000000 0.000067
1260.000000 0.000067
1280.000000 0.000068
1300.000000 0.000067
1320.000000 0.000068
1340.000000 0.000067
1360.000000 0.000070
1380.000000 0.000068
1400.000000 0.000069
1420.000000 0.000069
1440.000000 0.000072
1460.000000 0.000070
1480.000000 0.000071
1500.000000 0.000070
1520.000000 0.000071
1540.000000 0.000071
1560.000000 0.000073
1580.000000 0.000072
1600.000000 0.000072
1620.000000 0.000073
1640.000000 0.000075
1660.000000 0.000075
1680.000000 0.000075
1700.000000 0.000076
1720.000000 0.000078
1740.000000 0.000077
1760.000000 0.000077
1780.000000 0.000078
1800.000000 0.000079
1820.000000 0.000079
1840.000000 0.000079
1860.000000 0.000079
1880.000000 0.000081
1900.000000 0.000082
1920.000000 0.000082
1940.000000 0.000082
1960.000000 0.000083
1980.000000 0.000084
2000.000000 0.000085
2020.000000 0.000083
2040.000000 0.000081
2060.000000 0.000080
2080.000000 0.000078
2100.000000 0.000077
2120.000000 0.000076
2140.000000 0.000074
2160.000000 0.000073
2180.000000 0.000069
2200.000000 0.000068
2220.000000 0.000067
2240.000000 0.000065
2260.000000 0.000063
2280.000000 0.000061
2300.000000 0.000058
2320.000000 0.000057
2340.000000 0.000055
2360.000000 0.000054
2380.000000 0.000052
2400.000000 0.000058
2420.000000 0.000071
