20.000000 0.113173
40.000000 0.105295
60.000000 0.101705
80.000000 0.099829
100.000000 0.098150
120.000000 0.097215
140.000000 0.096524
160.000000 0.096799
180.000000 0.098016
200.000000 0.098182
220.000000 0.098510
240.000000 0.099076
260.000000 0.100321
280.000000 0.101505
300.000000 0.101889
320.000000 0.102638
340.000000 0.103797
360.000000 0.105109
380.000000 0.105900
400.000000 0.106807
420.000000 0.108131
440.000000 0.108981
460.000000 0.109179
480.000000 0.108571
500.000000 0.108089
520.000000 0.106200
540.000000 0.104243
560.000000 0.102455
580.000000 0.100858
600.000000 0.099156
620.000000 0.099284
640.000000 0.097911
660.000000 0.096751
680.000000 0.095490
700.000000 0.094414
720.000000 0.094863
740.000000 0.093885
760.000000 0.093181
780.000000 0.092663
800.000000 0.092922
820.000000 0.092245
840.000000 0.091627
860.000000 0.091342
880.000000 0.091871
900.000000 0.091668
920.000000 0.091630
940.000000 0.092665
960.000000 0.092675
980.000000 0.092878
1000.000000 0.093202
1020.000000 0.094551
1040.000000 0.095398
1060.000000 0.096560
1080.000000 0.097835
1100.000000 0.098656
1120.000000 0.099019
1140.000000 0.098956
1160.000000 0.098908
1180.000000 0.098940
1200.000000 0.098948
1220.000000 0.099160
1240.000000 0.099122
1260.000000 0.099390
1280.000000 0.099643
1300.000000 0.099998
1320.000000 0.100158
1340.000000 0.100602
1360.000000 0.100861
1380.000000 0.101241
1400.000000 0.100703
1420.000000 0.100503
1440.000000 0.100152
1460.000000 0.100541
1480.000000 0.100096
1500.000000 0.099941
1520.000000 0.099662
1540.000000 0.100073
1560.000000 0.099676
1580.000000 0.099553
1600.000000 0.099398
1620.000000 0.099926
1640.000000 0.099909
1660.000000 0.100197
1680.000000 0.100426
1700.000000 0.100711
1720.000000 0.101485
1740.000000 0.101926
1760.000000 0.102610
1780.000000 0.103312
1800.000000 0.104351
1820.000000 0.105238
1840.000000 0.106225
1860.000000 0.107499
1880.000000 0.109190
1900.000000 0.111026
1920.000000 0.113324
1940.000000 0.116389
1960.000000 0.119830
1980.000000 0.122194
2000.000000 0.122948
2020.000000 0.122364
2040.000000 0.121002
2060.000000 0.119486
2080.000000 0.118198
2100.000000 0.117512
2120.000000 0.116551
2140.000000 0.115479
2160.000000 0.114462
2180.000000 0.113240
2200.000000 0.112365
2220.000000 0.111256
2240.000000 0.110015
2260.000000 0.108752
2280.000000 0.107431
2300.000000 0.106120
2320.000000 0.105030
2340.000000 0.103624
2360.000000 0.102505
2380.000000 0.100639
2400.000000 0.099058
2420.000000 0.097726
