0.000000 -0.000000 0.000000 0.000000
-0.140643 2.574964 -0.075542 2.577937
-0.281220 5.148987 -0.188660 5.154810
-0.421837 7.724036 -0.263160 7.733747
-0.562431 10.298960 -0.442154 10.307050
-0.701879 12.869650 -0.566176 12.882870
-0.854664 15.479570 -0.755738 15.519660
-1.011589 18.173180 -0.903990 18.236280
-1.171840 20.913680 -1.053584 20.994270
-1.334841 23.709530 -1.229339 23.806080
-1.487044 26.544710 -1.393538 26.650510
-1.633363 29.422930 -1.551471 29.552750
-1.768976 32.357140 -1.683537 32.491450
-1.929780 35.330970 -1.741468 35.548530
-2.126953 38.471510 -1.906338 38.666280
-2.329940 41.561110 -2.129950 41.746180
-2.535885 44.597900 -2.352095 44.761970
-2.728914 47.592750 -2.528053 47.744640
-2.937935 50.537730 -2.784357 50.681890
-3.130185 53.464980 -2.969421 53.592870
-3.310922 56.350390 -3.215780 56.472600
-3.511313 59.225400 -3.429685 59.325670
-3.703384 62.006320 -3.713302 62.069520
-3.912602 64.697860 -3.980014 64.714980
-4.114442 67.264550 -4.239701 67.237520
-4.313021 69.714240 -4.440159 69.652450
-4.514875 72.037350 -4.674163 71.909030
-4.709494 74.175390 -4.878683 73.992900
-4.891889 76.138280 -5.032050 75.892760
-5.039038 77.925340 -5.249973 77.631310
-5.159772 79.592300 -5.415470 79.255830
-5.235209 81.135380 -5.454968 80.757230
-5.207469 82.555940 -5.262225 82.127600
-5.029560 83.885300 -5.068762 83.439590
-4.680938 85.118200 -4.761991 84.662310
-4.130089 86.200010 -4.248185 85.741560
-3.393066 87.095580 -3.544537 86.631800
-2.508137 87.820100 -2.690232 87.395560
-1.511055 88.343490 -1.722927 87.979290
-0.450022 88.747950 -0.667315 88.422090
0.676345 89.023150 0.456498 88.702930
1.832910 89.277150 1.634098 88.965060
3.089762 89.418990 2.925824 89.142170
4.475771 89.556060 4.346931 89.303480
5.974572 89.621010 5.886014 89.413270
7.614093 89.671530 7.575726 89.522160
9.420230 89.707860 9.434551 89.629130
11.388370 89.721450 11.446440 89.726620
13.505010 89.738680 13.614600 89.779970
15.773680 89.805260 15.928300 89.923070
18.156510 89.929480 18.326350 90.083190
20.581930 90.082780 20.761170 90.292200
23.034320 90.227690 23.210140 90.485250
25.478370 90.365000 25.646450 90.625570
27.909920 90.499220 28.078710 90.790820
30.340320 90.588890 30.494150 90.961360
32.740690 90.598330 32.882860 91.069110
35.110390 90.529620 35.241240 91.057720
37.430830 90.386730 37.545080 90.962400
39.683630 90.176290 39.782660 90.840430
41.863240 89.910310 41.944790 90.635590
43.959460 89.634420 44.007250 90.421030
45.922800 89.378560 45.923200 90.219280
47.726310 89.193250 47.669320 90.082510
49.366470 89.121130 49.274210 90.081490
50.939410 89.191540 50.840530 90.163520
52.464070 89.450930 52.344820 90.499750
53.889450 89.945260 53.749660 90.987430
55.133190 90.660970 54.941090 91.716500
56.158450 91.620300 55.927660 92.712360
56.967930 92.764920 56.723040 93.874250
57.539920 94.061200 57.313830 95.177010
57.927200 95.446880 57.712790 96.582430
58.277310 96.884370 58.045770 98.039450
58.589460 98.403450 58.291970 99.599450
58.940360 100.002400 58.623330 101.232400
59.343230 101.692600 59.003600 102.973800
59.798800 103.499800 59.452260 104.822300
60.309140 105.392300 59.933450 106.743100
60.819120 107.363700 60.427830 108.766900
61.355080 109.477800 60.949540 110.915200
61.874140 111.669200 61.424120 113.148300
62.417580 113.964900 61.940620 115.489900
62.973720 116.373200 62.484210 117.931200
63.512460 118.836400 63.059060 120.395500
64.057360 121.342700 63.548820 122.925300
64.655860 123.876700 64.105370 125.481100
65.262090 126.422600 64.698600 128.031800
65.864770 128.941000 65.236530 130.525700
66.510510 131.382800 65.823380 133.017700
67.135460 133.867500 66.389620 135.465800
67.748220 136.262500 66.911650 137.895500
68.311480 138.668800 67.392840 140.318000
68.830800 141.066900 67.843960 142.716400
69.359830 143.451000 68.340900 145.089900
69.844620 145.829800 68.756790 147.496400
70.257380 148.240700 69.189350 149.887000
70.634070 150.615300 69.555340 152.277400
70.952630 153.048800 69.804040 154.716200
71.236680 155.482600 70.012300 157.172700
71.430750 157.958600 70.176810 159.646300
71.592060 160.420500 70.409000 162.097600
71.705560 162.889100 70.529580 164.587100
71.811250 165.386800 70.636870 167.059600
71.901490 167.846500 70.720580 169.538600
71.944200 170.358200 70.731820 172.056800
71.944230 172.867000 70.763610 174.554200
71.880770 175.411200 70.698170 177.121600
71.759300 177.947700 70.579790 179.641600
71.629380 180.489300 70.403160 182.204000
71.495820 183.069400 70.223630 184.768000
71.389860 185.611000 70.088220 187.320500
71.229200 188.181800 69.920880 189.869100
71.075770 190.694700 69.738240 192.383800
70.908190 193.208300 69.533210 194.886000
70.732240 195.676300 69.339750 197.334300
70.587330 197.902600 69.146560 199.448200
70.462020 200.022200 68.970560 201.563600
70.336670 202.141700 68.845800 203.681700
70.211280 204.261000 68.688590 205.797400
70.085900 206.379000 68.580220 207.916800
69.986060 208.445300 68.531380 209.924500
70.007780 210.375700 68.542840 211.844100
70.026080 212.295900 68.544420 213.774700
70.017620 214.252400 68.543470 215.732100
70.013230 216.217200 68.529930 217.722400
69.972110 218.270700 68.503660 219.793000
69.934360 220.317400 68.463170 221.799100
69.972850 222.305500 68.426230 223.821600
69.981630 224.353700 68.368480 225.858700
69.981870 226.399100 68.317930 227.921500
69.949190 228.454500 68.236630 229.956200
69.907170 230.454300 68.170010 231.943200
69.859830 232.418200 68.085590 233.869800
69.810200 234.247600 67.996470 235.645900
69.754960 235.896800 67.901750 237.243900
69.602960 237.437200 67.725040 238.771200
69.315000 238.920100 67.439690 240.232400
68.846420 240.276600 67.002840 241.583100
68.166090 241.479400 66.285670 242.738900
67.318270 242.492800 65.425240 243.719900
66.332240 243.344200 64.404490 244.500100
65.260110 243.991900 63.341510 245.131500
64.140300 244.474300 62.197830 245.592700
62.867510 244.772700 60.873150 245.841900
61.458940 244.926000 59.428240 245.949400
59.947420 244.952000 57.889100 246.020400
58.335370 244.902100 56.239420 245.979200
56.595980 244.824000 54.449320 245.923500
54.694040 244.743800 52.489830 245.821400
52.650420 244.604800 50.403700 245.711400
50.451970 244.390700 48.116570 245.631500
48.058070 244.235000 45.671310 245.518000
45.515050 244.100900 43.094620 245.427500
42.921790 243.969200 40.502460 245.313200
40.316590 243.840300 37.887100 245.247900
37.706940 243.722400 35.269030 245.115000
35.094890 243.629800 32.665230 244.949000
32.472950 243.489000 30.031450 244.744600
29.851950 243.348200 27.430820 244.541600
27.264200 243.258500 24.860140 244.390500
24.724050 243.174900 22.325370 244.302000
22.210390 243.091000 19.826850 244.199300
19.736330 242.979500 17.372400 244.081000
17.311070 242.850400 14.954190 243.879600
14.901790 242.682800 12.571100 243.582400
12.542000 242.455300 10.234420 243.342900
10.258080 242.218100 7.988953 243.043700
8.077281 241.997300 5.858188 242.808400
6.032146 241.805400 3.852847 242.639600
4.114420 241.647100 1.984022 242.475900
2.325909 241.523700 0.241526 242.320400
0.684853 241.422100 -1.346455 242.205200
-0.804697 241.361800 -2.780736 242.090400
-2.147061 241.322400 -4.071591 242.044500
-3.335045 241.321100 -5.203298 242.041800
-4.362696 241.347700 -6.171884 242.078800
-5.195608 241.375100 -6.930084 242.127600
-5.787975 241.411000 -7.124133 242.141900
-6.148943 241.435700 -7.432726 242.206900
-6.347609 241.453500 -7.432726 242.206900
-6.441034 241.457400 -7.551741 242.219800
-6.441440 241.456100 -7.551741 242.219800
-6.439927 241.462600 -7.551741 242.219800
-6.440440 241.482800 -7.551741 242.219800
-6.480607 241.498100 -7.551741 242.219800
-6.560264 241.507700 -7.551741 242.219800
-6.742488 241.516100 -7.643175 242.199700
-7.099251 241.541700 -7.718858 242.203500
-7.627305 241.597900 -7.842283 242.210300
-8.293171 241.705000 -7.914835 242.228100
-9.050632 241.890800 -7.943248 242.235200
-9.863606 242.207700 -7.951978 242.238200
-10.727660 242.661600 -7.966619 242.245600
-11.566170 243.294100 -7.996000 242.267600
-12.317670 244.121800 -8.040450 242.318700
-12.969870 245.164100 -8.107973 242.434500
-13.469580 246.441200 -8.224524 242.708700
-13.828110 247.877300 -8.317991 243.174400
-14.057520 249.558000 -8.414358 243.795200
-14.176210 251.405900 -8.494999 244.545600
-14.264690 253.405000 -8.541689 245.386900
-14.328890 255.544200 -8.568722 246.320400
-14.399650 257.837600 -8.606711 247.346100
-14.471380 260.263200 -8.661524 248.438200
-14.561590 262.807800 -8.733054 249.619100
-14.652820 265.491700 -8.795606 250.947500
-14.739760 268.254400 -8.854229 252.406500
-14.858340 271.134800 -8.898861 254.035700
-14.973530 274.134700 -8.951238 255.828600
-15.069550 277.175700 -9.049647 257.777400
-15.175210 280.293600 -9.135192 259.869100
-15.297230 283.446400 -9.226175 262.105900
-15.436590 286.619600 -9.352551 264.488300
-15.585790 289.810900 -9.518832 266.985500
-15.736240 292.959600 -9.735670 269.620400
-15.885310 296.071900 -9.900917 272.353600
-16.046970 299.165600 -10.042940 275.190800
-16.219660 302.246300 -10.245690 278.151100
-16.389710 305.314100 -10.436390 281.176600
-16.559690 308.378300 -10.678210 284.258500
-16.709350 311.458900 -10.953280 287.399400
-16.839300 314.563300 -11.155630 290.554300
-16.972270 317.709200 -11.388970 293.744200
-17.118400 320.893100 -11.639220 296.902700
-17.281700 324.127200 -11.846350 300.019400
-17.454380 327.375400 -12.060700 303.119800
-17.614190 330.593900 -12.254010 306.197000
-17.775860 333.802500 -12.447550 309.273000
-17.959610 336.995200 -12.623400 312.335700
-18.128440 340.134300 -12.788300 315.409200
-18.295640 343.191900 -13.004350 318.500400
-18.453080 346.169000 -13.270370 321.622500
-18.632610 349.056200 -13.480360 324.794800
-18.817710 351.841100 -13.781890 327.998900
-18.986450 354.488400 -14.021340 331.242100
-19.124870 356.982400 -14.275770 334.466700
-19.220930 359.289500 -14.545350 337.662200
-19.310450 361.377700 -14.739180 340.868400
-19.390050 363.254000 -14.928860 344.025800
-19.458340 364.945900 -15.156700 347.102900
-19.552440 366.417400 -15.574170 350.075600
-19.716910 367.755600 -16.034460 352.963300
-19.992010 369.044200 -16.723930 355.701800
-20.413100 370.267200 -17.691450 358.218100
-20.994480 371.390500 -18.907120 360.461800
-21.767920 372.412000 -20.379670 362.313200
-22.740410 373.381300 -21.973570 363.775600
-23.931400 374.199500 -23.528370 364.921400
-25.311900 374.775400 -25.196260 365.416100
-26.849130 375.102700 -26.717760 365.684400
-28.541320 375.088500 -28.097930 365.610000
-30.331610 374.930400 -29.423050 365.497000
-32.178580 374.714400 -30.723610 365.304300
-34.124600 374.519300 -31.998180 365.165600
-36.192510 374.312000 -33.264180 365.032900
-38.360350 374.089000 -34.607820 364.903400
-40.674090 373.890900 -35.984520 364.793000
-43.125350 373.717400 -37.467650 364.696700
-45.733890 373.570600 -39.013220 364.609200
-48.422050 373.450300 -40.680650 364.546800
-51.153580 373.336900 -42.435530 364.449300
-53.919190 373.217300 -44.284180 364.371800
-56.668140 373.082400 -46.187220 364.262500
-59.399580 372.949600 -48.229710 364.124400
-62.128270 372.797100 -50.366220 363.977900
-64.827270 372.599800 -52.631120 363.832600
-67.509200 372.402100 -55.039190 363.619500
-70.186170 372.208700 -57.594190 363.434200
-72.845340 372.028400 -60.259870 363.204200
-75.495320 371.886100 -62.973880 363.058700
-78.116050 371.787300 -65.734940 362.953100
-80.717850 371.718500 -68.490940 362.856100
-83.311780 371.694800 -71.227970 362.884400
-85.842710 371.709900 -73.959490 362.893700
-88.215690 371.734100 -76.682130 362.882000
-90.402660 371.755300 -79.372730 362.897200
-92.376860 371.747200 -82.064790 362.832500
-94.181170 371.700000 -84.728780 362.777900
-95.954170 371.610100 -87.383150 362.613800
-97.692900 371.484000 -89.999480 362.319300
-99.428840 371.332400 -92.582250 362.002100
-101.212400 371.150100 -95.173470 361.804200
-103.049100 370.929900 -97.717790 361.453300
-104.963700 370.712900 -100.128400 361.146800
-106.999900 370.469800 -102.362700 360.882600
-109.147400 370.218500 -104.398300 360.658600
-111.413900 369.990500 -106.229700 360.504500
-113.850400 369.787500 -108.006900 360.352900
-116.381500 369.587900 -109.749800 360.179300
-119.079000 369.402000 -111.478400 360.018900
-121.870500 369.312400 -113.250000 359.969800
-124.798000 369.251000 -115.081600 359.916100
-127.749200 369.222000 -116.976600 359.882900
-130.738100 369.191300 -118.978000 359.826200
-133.724900 369.151000 -121.119000 359.787000
-136.693200 369.116700 -123.332600 359.705400
-139.640200 369.026200 -125.756300 359.597200
-142.545400 368.909400 -128.238100 359.476600
-145.452900 368.800400 -130.910400 359.340700
-148.326000 368.653700 -133.648300 359.161700
-151.184500 368.483700 -136.543800 358.920500
-154.029500 368.306700 -139.473400 358.713900
-156.834000 368.110800 -142.444700 358.460900
-159.601600 367.929800 -145.430300 358.185300
-162.352900 367.769700 -148.383200 357.927100
-165.025300 367.622800 -151.346100 357.712100
-167.587100 367.473600 -154.252100 357.502000
-169.989700 367.347100 -157.158300 357.341100
-172.229800 367.237400 -160.048500 357.166200
-174.255000 367.118500 -162.895500 356.920800
-176.113500 366.976300 -165.748600 356.683400
-177.851600 366.825100 -168.560300 356.395000
-179.482200 366.619100 -171.318600 355.979300
-181.041000 366.257200 -173.989800 355.291100
-182.506900 365.700900 -176.520900 354.317200
-183.830900 364.922700 -178.715100 352.915700
-184.967900 363.901900 -180.457500 351.161200
-185.900600 362.645300 -181.762500 349.290500
-186.575700 361.163300 -182.594600 347.350200
-186.999600 359.497900 -183.059100 345.511000
-187.152300 357.675600 -183.200300 343.727900
-187.206000 355.773500 -183.232800 342.059600
-187.197400 353.800900 -183.213100 340.452500
-187.078300 351.712900 -183.094500 338.872800
-186.904300 349.515700 -182.972000 337.324200
-186.700200 347.199500 -182.825500 335.792600
-186.441500 344.761700 -182.660000 334.239700
-186.138100 342.245600 -182.465400 332.635400
-185.836200 339.600700 -182.286900 330.957700
-185.558800 336.870000 -182.103400 329.192900
-185.300200 334.088400 -181.914500 327.321700
-185.053400 331.295700 -181.738200 325.375800
-184.825700 328.513100 -181.539200 323.340900
-184.626700 325.706700 -181.355700 321.182700
-184.418100 322.895600 -181.185600 318.905300
-184.219300 320.049800 -181.020400 316.499000
-184.077900 317.187100 -180.902900 313.996100
-183.933200 314.300800 -180.753900 311.384500
-183.761600 311.460200 -180.587000 308.670000
-183.601800 308.616200 -180.389100 305.894100
-183.458100 305.794900 -180.193400 303.090800
-183.343100 303.000200 -180.038400 300.303200
-183.261300 300.211900 -179.885200 297.501700
-183.178800 297.450000 -179.728300 294.691100
-183.090500 294.684900 -179.596300 291.852400
-182.927300 291.908300 -179.363200 288.998500
-182.766600 289.099200 -179.125000 286.122500
-182.613800 286.267300 -178.887700 283.273500
-182.441900 283.385600 -178.663700 280.432800
-182.300400 280.490600 -178.474100 277.610000
-182.149900 277.557000 -178.331000 274.801200
-182.001400 274.627800 -178.131300 272.024400
-181.823500 271.689000 -177.888500 269.258800
-181.638500 268.767800 -177.665800 266.499600
-181.424600 265.787800 -177.452400 263.747900
-181.219800 262.838200 -177.257100 260.940100
-181.009300 259.844900 -177.019500 258.133500
-180.770400 256.828000 -176.721500 255.267400
-180.561000 253.860400 -176.485700 252.391000
-180.372700 250.908200 -176.215800 249.461800
-180.191000 247.979500 -175.991100 246.545100
-180.025600 245.104800 -175.791300 243.608200
-179.890000 242.301100 -175.625200 240.679000
-179.765100 239.629200 -175.414500 237.722700
-179.603400 237.077700 -175.167600 234.754300
-179.486600 234.610600 -174.953000 231.797100
-179.426200 232.293500 -174.828400 228.756300
-179.384800 230.153000 -174.753400 225.772300
-179.372900 228.203000 -174.692100 222.810200
-179.353200 226.445600 -174.598200 219.862100
-179.284500 224.889700 -174.380500 216.978300
-179.159500 223.520400 -174.111800 214.150000
-178.892900 222.222300 -173.550700 211.492100
-178.440800 221.019500 -172.630900 209.065800
-177.799300 219.912400 -171.339600 206.928200
-176.993100 218.868700 -169.878400 205.064000
-175.953700 217.908600 -168.194000 203.642300
-174.646400 217.098800 -166.493500 202.567000
-173.037500 216.423500 -164.827600 201.833000
-171.242400 215.987700 -163.254200 201.423700
-169.251700 215.748100 -161.843300 201.253300
-167.160900 215.651300 -160.502400 201.198700
-164.983800 215.579200 -159.199000 201.164600
-162.753200 215.542200 -157.932300 201.169600
-160.419600 215.517400 -156.616200 201.174400
-157.986900 215.494400 -155.234700 201.185300
-155.493900 215.476600 -153.746800 201.199200
-152.924600 215.528800 -152.078200 201.261800
-150.250300 215.556200 -150.289200 201.292700
-147.567100 215.656900 -148.319000 201.342100
-144.855900 215.751900 -146.239300 201.460700
-142.145800 215.896800 -144.098400 201.610000
-139.455100 216.087400 -141.889400 201.812300
-136.768400 216.330800 -139.611200 202.040900
-134.103700 216.562300 -137.206900 202.267900
-131.505400 216.803000 -134.750400 202.473100
-128.992800 217.018200 -132.226100 202.707200
-126.584900 217.191000 -129.583900 202.892600
-124.357100 217.330100 -126.904100 203.075800
-122.326100 217.418900 -124.201000 203.181000
-120.463500 217.466200 -121.484000 203.222400
-118.653600 217.497200 -118.785200 203.242700
-116.849600 217.495900 -116.077300 203.269800
-115.067800 217.514000 -113.399100 203.248900
-113.324000 217.535300 -110.759200 203.267300
-111.616000 217.623100 -108.209200 203.372300
-109.927700 217.875300 -105.768700 203.659400
-108.290900 218.301300 -103.524000 204.163800
-106.749500 218.945400 -101.551700 204.887000
-105.349200 219.793800 -99.883970 205.805800
-104.115500 220.834900 -98.480760 206.966800
-103.036000 222.051200 -97.283510 208.307200
-102.179100 223.400100 -96.210170 209.738000
-101.543200 224.848700 -95.440520 211.318000
-101.115700 226.383800 -94.943360 212.947400
-100.830600 227.968600 -94.589450 214.623500
-100.531100 229.501100 -94.216480 216.273700
-100.252100 231.017900 -93.805130 217.904600
-99.883990 232.463500 -93.367050 219.488500
-99.425550 233.824100 -92.754980 220.973900
-98.775880 234.872900 -91.879430 222.337400
-98.086100 235.806300 -90.920210 223.633500
-97.174270 236.468700 -89.651390 224.586300
-96.254150 236.931100 -88.252930 225.329100
-95.283150 237.358800 -86.721140 225.861300
-94.185080 237.674800 -85.175860 226.227500
-92.955310 237.898800 -83.654900 226.486500
-91.596850 238.102700 -82.160970 226.682300
-90.074690 238.248300 -80.707410 226.803200
-88.387450 238.391700 -79.388220 226.907100
-86.486290 238.540100 -78.216420 227.002500
-84.443490 238.650800 -77.080060 227.082500
-82.253860 238.746800 -76.024080 227.149600
-79.940140 238.872300 -74.982120 227.215600
-77.539590 239.011100 -73.872990 227.293600
-75.087440 239.150700 -72.661760 227.341900
-72.574930 239.313900 -71.334020 227.398100
-69.991910 239.446400 -69.859870 227.454700
-67.351620 239.548800 -68.222280 227.519000
-64.666360 239.657700 -66.387270 227.620000
-61.998030 239.808800 -64.391550 227.725000
-59.311750 239.952600 -62.250960 227.869200
-56.701950 240.109100 -59.987900 228.014500
-54.151130 240.267600 -57.597680 228.158400
-51.625940 240.427100 -55.172560 228.327200
-49.127390 240.564300 -52.682900 228.506400
-46.665870 240.712700 -50.130640 228.720500
-44.240570 240.886300 -47.513550 228.949400
-41.878960 241.088900 -44.847920 229.150400
-39.649020 241.312800 -42.172540 229.412900
-37.552430 241.539400 -39.496990 229.626300
-35.488740 241.743100 -36.853020 229.856600
-33.456700 241.939000 -34.298450 230.078300
-31.533090 242.124800 -31.758360 230.274500
-29.764560 242.287900 -29.258000 230.444800
-28.172420 242.408100 -26.772240 230.551100
-26.747170 242.468900 -24.335040 230.560000
-25.460260 242.473300 -21.933160 230.521300
-24.318710 242.437400 -19.655310 230.323400
-23.324200 242.322300 -17.526670 230.087600
-22.483780 242.186900 -15.468480 229.792000
-21.843230 242.069500 -13.458830 229.362500
-21.357270 241.937100 -11.562070 228.794300
-20.874950 241.791000 -10.401130 228.390300
-20.410090 241.641000 -8.733218 227.983100
-19.938580 241.453200 -7.265354 227.535400
-19.330890 241.150500 -6.015401 226.953100
-18.603550 240.674100 -5.037246 226.196200
-17.817550 240.000300 -4.223013 225.459600
-17.047940 239.130000 -3.582600 224.750300
-16.371440 238.041100 -3.147680 224.097000
-15.819140 236.731500 -2.917955 223.556900
-15.431720 235.164300 -2.805759 223.068500
-15.160930 233.366900 -2.728784 222.578600
-14.985430 231.359800 -2.693759 222.092500
-14.879450 229.166100 -2.666513 221.543200
-14.834570 226.783800 -2.652245 220.791100
-14.805910 224.227300 -2.626555 219.864700
-14.776150 221.503700 -2.598424 218.791300
-14.726190 218.625200 -2.568218 217.590400
-14.646810 215.602400 -2.528439 216.268500
-14.509690 212.459600 -2.459933 214.785800
-14.353480 209.201300 -2.365413 213.102200
-14.179740 205.869600 -2.233362 211.218200
-13.962380 202.478800 -2.078001 209.148100
-13.739120 199.045100 -1.888953 206.895200
-13.514930 195.572200 -1.741829 204.462900
-13.275440 192.054900 -1.599692 201.851500
-13.052000 188.499600 -1.484258 199.080700
-12.854570 184.884700 -1.258320 196.157300
-12.675140 181.220200 -1.096555 193.100000
-12.508030 177.502000 -0.961088 189.920200
-12.341190 173.718700 -0.814404 186.631900
-12.175010 169.898000 -0.630866 183.281200
-12.018250 166.028100 -0.471869 179.872000
-11.841350 162.134100 -0.355183 176.424200
-11.655180 158.220500 -0.173261 172.934300
-11.466580 154.287300 0.007895 169.406200
-11.281310 150.320000 0.232162 165.831000
-11.057620 146.379100 0.420194 162.205200
-10.815240 142.443600 0.603334 158.521100
-10.570550 138.517900 0.893064 154.789000
-10.333980 134.639100 1.139251 150.999900
-10.123240 130.785800 1.424972 147.174700
-9.914350 127.027500 1.716413 143.299500
-9.696148 123.395700 2.010583 139.415000
-9.493383 119.914400 2.290889 135.500300
-9.310280 116.607700 2.535068 131.570800
-9.151332 113.442300 2.742169 127.595700
-9.017561 110.482000 2.946620 123.660100
-8.888960 107.744800 3.151399 119.731300
-8.774269 105.222900 3.288911 115.805200
-8.679794 102.918000 3.436283 111.941400
-8.504861 100.812800 3.765189 108.119600
-8.163715 98.919720 4.457275 104.460500
-7.618518 97.243660 5.582023 101.073800
-6.858427 95.725240 7.292567 98.104900
-5.899838 94.392380 9.336296 95.568540
-4.759829 93.253900 11.403550 93.281240
-3.450087 92.348760 13.790050 91.647830
-1.973871 91.691730 16.204690 90.559670
-0.436803 91.261860 18.573620 89.917230
1.138073 91.026340 20.800790 89.636860
2.751248 90.881970 22.831580 89.497460
4.431705 90.766140 24.700960 89.415730
6.211745 90.683570 26.430020 89.364580
8.081090 90.578530 28.106980 89.300040
10.076580 90.469280 29.740770 89.232450
12.205890 90.365360 31.333790 89.200910
14.489810 90.290310 32.942370 89.155290
16.910510 90.321490 34.560950 89.191790
19.453620 90.459650 36.145450 89.291280
22.045730 90.671110 37.741860 89.410700
24.644280 90.895340 39.371170 89.534060
27.207850 91.064010 41.088920 89.640450
29.764780 91.130150 42.896700 89.673770
32.287690 91.085550 44.809530 89.630830
34.803420 90.937800 46.850500 89.515900
37.325120 90.728940 49.021870 89.300910
39.896170 90.508470 51.351350 89.138310
42.547960 90.289960 53.805010 88.945890
45.244630 90.097810 56.372980 88.771790
47.943020 89.903610 58.978830 88.580980
50.617990 89.629730 61.561310 88.322260
53.252150 89.185630 64.092480 87.897880
55.814150 88.557720 66.568190 87.285320
58.313300 87.791630 68.973800 86.543700
60.805470 86.920740 71.361200 85.725380
63.322020 85.994100 73.749530 84.852120
65.833720 85.055040 76.201430 83.970410
68.406220 84.080780 78.727580 83.066850
70.998610 83.045350 81.252120 82.086610
73.578520 81.879280 83.721790 80.982110
76.170160 80.586970 86.140770 79.824270
78.819830 79.219290 88.516260 78.613190
81.480420 77.842690 90.848450 77.401020
84.108690 76.469870 93.159860 76.183820
86.695220 75.055290 95.491600 74.889510
89.188920 73.556030 97.777210 73.510040
91.573040 71.968490 100.017300 71.989060
93.850380 70.285940 102.238700 70.344900
96.020560 68.521450 104.437700 68.606160
98.103890 66.740880 106.617800 66.775840
100.107700 65.034010 108.848100 64.871880
101.996900 63.459780 111.155700 62.968780
103.764900 62.070330 113.511100 61.128050
105.408600 60.801050 115.856100 59.326900
107.003200 59.530310 118.161000 57.501200
108.589500 58.247390 120.426900 55.700910
110.134700 56.970520 122.638600 53.904110
111.717500 55.637520 124.822200 52.113420
113.353400 54.247110 126.928100 50.298440
115.077800 52.831180 129.044100 48.603420
116.904200 51.439420 131.079800 47.018190
118.836800 50.054850 133.016400 45.616490
120.853600 48.602090 134.757900 44.313580
122.938000 47.083700 136.426400 43.112470
125.092700 45.485300 138.075700 41.911720
127.330000 43.820780 139.702800 40.701180
129.637600 42.087830 141.318200 39.496720
131.967100 40.344760 142.995800 38.247850
134.297900 38.609850 144.734800 36.934890
136.621900 36.849050 146.522500 35.576050
138.949900 35.131110 148.388400 34.175110
141.293500 33.464730 150.338100 32.775810
143.603900 31.795640 152.395200 31.306750
145.871800 30.121580 154.492300 29.768010
148.133300 28.418200 156.668300 28.124840
150.347600 26.750990 158.914800 26.425070
152.506100 25.137140 161.235400 24.677070
154.521200 23.603510 163.537900 22.910070
156.409800 22.104300 165.833200 21.109980
158.102600 20.729550 168.094900 19.284830
159.605700 19.470090 170.330100 17.460810
161.034400 18.328640 172.529100 15.625120
162.527500 17.369930 174.922600 14.090950
164.102000 16.690040 177.527600 13.022390
165.725700 16.231240 180.247800 12.279730
167.465400 15.980230 182.957900 11.866700
169.275300 15.912810 185.614100 11.728980
171.157200 15.957740 188.090100 11.759530
173.098700 15.972680 190.446900 11.715300
175.120500 15.945180 192.537200 11.648490
177.167200 15.872150 194.444100 11.528450
179.305300 15.756280 196.239500 11.410740
181.477000 15.604010 197.994200 11.255950
183.703700 15.412020 199.697800 11.119850
185.980700 15.238130 201.399100 10.965830
188.280500 15.072990 203.172000 10.855470
190.577500 14.896800 204.998600 10.703140
192.894300 14.714610 206.888500 10.548450
195.244200 14.510220 208.851500 10.340350
197.633500 14.283820 210.872200 10.139240
200.090000 14.030130 212.935800 9.913670
202.592100 13.785300 215.087700 9.682529
205.104900 13.534110 217.267000 9.472273
207.640700 13.310070 219.516700 9.291065
210.148900 13.111090 221.794800 9.074689
212.697300 12.915740 224.102900 8.934411
215.224700 12.737830 226.400000 8.765274
217.808000 12.513180 228.730600 8.547996
220.389500 12.282700 231.083200 8.275648
223.037500 12.068550 233.492800 8.014318
225.699900 11.872960 235.975400 7.850783
228.380800 11.657570 238.483800 7.634458
231.063800 11.400770 241.009000 7.393381
233.768800 11.157120 243.537800 7.193590
236.452700 10.908570 246.060700 6.972733
239.115400 10.628320 248.588200 6.694195
241.756200 10.390980 251.136500 6.506329
244.376200 10.177670 253.719900 6.295640
246.942400 9.977031 256.325100 6.108231
249.503100 9.796410 258.979300 5.876691
251.962400 9.616742 261.649300 5.679267
254.329800 9.452561 264.340700 5.458924
256.557200 9.297183 267.026100 5.276530
258.681500 9.140396 269.738900 5.037305
260.487900 8.870715 272.411000 4.806395
262.171000 8.558198 275.064900 4.436996
263.852900 8.246051 277.659200 3.992504
265.533700 7.934305 280.232600 3.469828
267.212200 7.623220 282.732800 2.879640
268.719700 7.309828 285.134000 2.052734
269.768600 7.040605 287.483100 1.403450
270.654800 6.869143 289.786300 1.012123
271.433400 6.780906 291.946500 0.689067
272.188300 6.798910 294.038800 0.754590
272.939800 6.915555 295.741200 0.953802
273.674100 7.139266 297.381300 1.438582
274.435500 7.486302 298.927200 2.160414
275.206100 8.021776 300.342200 3.110412
275.841400 9.123003 301.426600 4.419473
276.399700 10.403880 302.163600 5.554826
276.938800 11.672800 302.585600 6.478099
277.461700 12.927990 302.847900 7.291273
277.969300 14.165350 303.079400 8.022888
278.402000 15.600760 303.243700 8.766559
278.675500 17.540870 303.341100 9.519746
278.887100 19.689590 303.427000 10.303620
279.050300 22.004090 303.484100 11.169130
279.153100 24.513040 303.542400 12.147680
279.310000 27.147550 303.644200 13.550560
279.492000 29.910160 303.754500 14.935930
279.682000 32.722430 303.911400 16.298040
279.891600 35.618700 304.040300 17.642440
280.117300 38.587970 304.170100 18.963840
280.340800 41.563150 304.377200 20.653490
280.553900 44.602790 304.553700 22.655140
280.757500 47.669170 304.737900 24.875370
280.966700 50.717990 304.951800 27.247090
281.189800 53.763250 305.191300 29.787070
281.387500 56.840290 305.451900 32.455320
281.609200 59.915920 305.717600 35.233200
281.892800 62.993940 306.036400 38.050430
282.168100 66.061440 306.391500 40.970040
282.386200 69.137860 306.632200 43.927310
282.581400 72.205720 306.898800 46.922630
282.741100 75.260420 307.148100 49.962390
282.945600 78.300480 307.400700 53.020240
283.185400 81.322840 307.679800 56.052040
283.441700 84.363870 307.973800 59.106180
283.683800 87.353300 308.263700 62.162250
283.940100 90.352150 308.579000 65.235350
284.231300 93.355260 308.913800 68.291000
284.541900 96.345100 309.271600 71.360330
284.938000 99.320580 309.699300 74.394110
285.395000 102.259500 310.197800 77.427480
285.844100 105.163200 310.690900 80.430890
286.321900 108.053700 311.240800 83.430960
286.793800 110.912200 311.776900 86.395080
287.216900 113.736500 312.225000 89.420210
287.630900 116.518500 312.697400 92.356070
288.058700 119.219300 313.136500 95.349980
288.448800 121.780900 313.711600 98.290170
288.846400 124.280600 314.175200 101.267200
289.285300 126.630100 314.662700 104.215400
289.743500 128.835400 315.273100 107.113500
290.213000 130.821100 315.925500 109.963900
290.683600 132.626000 316.692200 112.756900
291.166200 134.262000 317.484800 115.529400
291.580800 135.832500 318.319500 118.216200
291.961700 137.426400 318.974500 120.935500
292.194000 139.020100 319.352300 123.578000
292.237900 140.604400 319.372000 126.149300
291.762300 142.158200 319.013900 128.603600
290.662500 143.578100 318.458800 130.870700
289.562400 144.964600 317.432300 132.802300
288.468100 146.318100 316.201300 134.336300
287.386000 147.641500 314.863400 135.561000
286.399400 148.976200 313.475700 136.482200
284.571900 149.919400 312.040100 137.244900
282.598600 150.835500 310.576200 137.969300
280.553400 151.805400 309.153800 138.675300
278.418500 152.847000 307.716700 139.373400
276.187000 153.972900 306.170200 140.199000
273.848800 155.201700 304.594700 141.043200
271.423500 156.516000 303.040800 141.869900
268.909500 157.880900 301.527300 142.705900
266.393100 159.278800 300.037900 143.523200
263.831700 160.712200 298.505000 144.379900
261.343100 162.229400 296.704600 145.493500
258.927700 163.839100 294.877700 146.720700
256.567900 165.515700 293.022100 148.075200
254.220600 167.219800 291.090400 149.523500
251.812400 168.915300 288.990500 150.960500
249.342900 170.564800 286.775300 152.476100
246.829700 172.171100 284.425000 153.989200
244.268800 173.728400 281.982200 155.493300
241.687800 175.211100 279.487700 156.950600
239.066600 176.646400 276.913500 158.405500
236.435100 178.027700 274.323900 159.689600
233.828600 179.391700 271.743400 161.015700
231.251200 180.752600 269.209100 162.400600
228.707700 182.113100 266.672700 163.841100
226.214900 183.484500 264.098700 165.296100
223.769900 184.811700 261.480200 166.688600
221.367300 186.107100 258.852800 168.133000
219.059200 187.344000 256.223800 169.556600
216.843700 188.521200 253.569500 170.895900
214.730300 189.612200 250.931700 172.299400
212.761600 190.600600 248.311400 173.674600
210.934100 191.518800 245.679000 174.965400
209.293500 192.364900 243.138900 176.350300
207.831400 193.113300 240.600200 177.701000
206.576700 193.798300 238.089800 178.995100
205.539900 194.395600 235.676800 180.301200
204.729700 194.901600 233.412400 181.770500
204.122300 195.321500 232.022900 182.789100
203.546300 195.745200 230.038900 184.312100
203.042900 196.282400 228.188100 185.800900
202.515700 196.788100 226.471800 187.168700
201.945400 197.325500 224.908300 188.484400
201.195300 198.000000 223.531800 189.698700
200.227400 198.808500 222.268400 190.744700
199.076800 199.760000 221.166700 191.652000
197.730700 200.791700 220.231600 192.397400
196.253000 201.872000 219.462900 192.963600
194.623700 202.967100 218.858500 193.387500
192.619800 204.117900 218.260600 193.778600
190.615300 205.269000 217.636300 194.168000
188.611600 206.419500 217.007000 194.539300
186.608000 207.569800 216.330800 194.935000
184.604500 208.720100 215.453700 195.432500
182.452000 209.923800 214.343000 196.026500
180.162600 211.202300 213.062400 196.791100
177.855000 212.473600 211.592600 197.636800
175.554100 213.761200 210.019300 198.570700
173.260900 215.031900 208.312600 199.540500
171.006800 216.296100 206.338600 200.739600
168.770100 217.549300 204.330200 201.879600
166.635700 218.725900 202.334900 203.040700
164.640400 219.823800 200.329200 204.181800
162.800000 220.792300 198.307300 205.294500
161.109900 221.618400 196.108400 206.407600
159.510500 222.334400 193.712700 207.469200
157.845500 222.860900 191.220100 208.318200
156.181300 223.202900 188.638800 208.851400
154.511100 223.364000 186.029000 209.084400
152.786900 223.350100 183.444300 209.073300
150.969000 223.245000 180.884300 208.970100
149.048400 223.060600 178.455800 208.797800
146.999200 222.886700 176.186900 208.629200
144.811400 222.709100 174.113700 208.480400
142.452400 222.507300 172.237200 208.370700
139.985700 222.307100 170.488000 208.270900
137.342300 222.162600 168.741400 208.224800
134.568800 222.029900 167.041500 208.186700
131.695500 221.932100 165.362800 208.159700
128.711000 221.803000 163.637700 208.117100
125.647300 221.650100 161.816200 208.069100
122.615400 221.500000 159.885400 208.008000
119.543800 221.309500 157.827600 207.926200
116.511500 221.102100 155.632100 207.827700
113.516800 220.903600 153.264100 207.729400
110.545200 220.708000 150.791900 207.583200
107.636200 220.532300 148.145900 207.461900
104.717200 220.373700 145.369400 207.342100
101.840600 220.218600 142.495600 207.199900
98.994700 220.067300 139.511000 207.063500
96.181550 219.895100 136.445300 206.912700
93.438620 219.686500 133.412700 206.747000
90.855460 219.500600 130.340800 206.551300
88.388610 219.326300 127.306900 206.363800
86.123680 219.157800 124.313900 206.132000
84.049970 219.045300 121.338000 206.036700
82.152880 219.016300 118.425700 206.159000
80.388010 219.115100 115.504100 206.258900
78.664760 219.366200 112.664600 206.714900
77.016290 219.796000 109.925400 207.500800
75.461480 220.446100 107.337300 208.534900
74.069090 221.411200 105.025500 210.022000
72.862850 222.604000 103.228600 211.873100
71.841850 224.015300 101.835700 213.901700
71.023420 225.699900 100.899700 215.958000
70.421670 227.540000 100.336600 217.944700
70.034550 229.518400 100.047700 219.803100
69.813760 231.610700 99.875740 221.550900
69.670080 233.800300 99.876770 223.283000
69.603690 236.022800 99.917690 224.977500
69.545910 238.342600 99.942230 226.657000
69.499400 240.719700 100.010300 228.350300
69.469400 243.192800 100.072900 230.036400
69.384530 245.776400 100.063000 231.767800
69.232580 248.432800 100.016000 233.632300
69.094640 251.146000 99.981840 235.558000
68.950990 253.982700 99.963020 237.560300
68.811860 256.917100 99.962210 239.651400
68.650580 259.920100 99.948540 241.834200
68.462200 263.082100 99.942500 244.044200
68.288560 266.252800 99.907530 246.353200
68.096650 269.464100 99.841640 248.717600
67.903830 272.683000 99.790440 251.180200
67.721470 275.872400 99.775710 253.754700
67.525460 279.043300 99.704250 256.398200
67.317450 282.219100 99.601170 259.093500
67.111650 285.343500 99.538360 261.917600
66.901350 288.508400 99.475740 264.840300
66.688140 291.652400 99.408220 267.826900
66.478800 294.782200 99.338080 270.974800
66.289190 297.878200 99.317890 274.129900
66.078070 300.944500 99.188830 277.323600
65.826270 304.008500 99.020380 280.526400
65.573590 307.018200 98.912170 283.704000
65.274710 310.032300 98.729540 286.855200
64.924470 313.030600 98.525320 290.009900
64.540610 315.995300 98.306320 293.115300
64.089990 318.947600 98.002670 296.255300
63.671720 321.903700 97.662750 299.368800
63.304260 324.895900 97.384050 302.472700
62.967580 327.898100 97.187000 305.551400
62.699080 330.909200 97.051990 308.603200
62.553590 333.929000 96.952180 311.653500
62.402330 336.963400 96.876750 314.650400
62.266570 340.021300 96.853110 317.664200
62.116500 343.035800 96.767120 320.663300
61.993500 346.032900 96.710370 323.633100
61.866370 348.989100 96.673980 326.601600
61.760870 351.857800 96.726130 329.568000
61.679290 354.611700 96.757670 332.561400
61.586300 357.261400 96.769480 335.559900
61.550600 359.776900 96.825300 338.563000
61.577240 362.145700 96.916950 341.565300
61.603020 364.290800 97.068150 344.579400
61.628690 366.323100 97.164200 347.611800
61.649880 368.352400 97.352880 350.604000
61.624730 370.355800 97.580860 353.571800
61.511180 372.339500 97.466370 356.510900
61.271590 374.388200 97.259070 359.353900
60.966710 376.528400 96.914080 362.070400
60.637150 378.796200 96.661860 364.694300
60.324540 381.208000 96.396470 367.180400
60.065570 383.741300 96.235340 369.528000
59.884830 386.413700 96.159020 371.658300
59.789830 389.195600 96.148260 373.679100
59.765420 392.106700 96.182780 375.693100
59.766400 395.121300 96.238840 377.683200
59.728620 398.268800 96.243080 379.657600
59.673270 401.492900 96.284860 381.707300
59.575390 404.694600 96.291660 383.855500
59.425140 407.916600 96.263840 386.131900
59.267000 411.104300 96.217460 388.548600
59.084670 414.257800 96.112780 391.074700
58.913680 417.417100 96.087560 393.734900
58.748810 420.528100 96.039780 396.501500
58.574140 423.604200 96.047920 399.396100
58.437200 426.635400 95.978160 402.389700
58.286850 429.523300 95.942840 405.519200
58.117570 432.280500 95.868650 408.719100
57.924100 434.902000 95.685900 411.894600
57.663190 437.382700 95.478560 415.092400
57.368250 439.710400 95.200490 418.250700
57.036690 441.889000 94.837780 421.365400
56.656850 443.874800 94.358890 424.468800
56.323860 445.645400 93.871980 427.524500
56.148660 447.270100 93.611600 430.574100
56.616130 448.530800 93.761380 433.580700
57.333540 449.649800 94.504570 436.349100
58.025620 450.723300 95.856830 438.733600
58.683230 451.752100 97.585860 440.685200
59.300760 452.745900 99.639520 442.084400
60.051910 453.493100 101.779400 443.030500
61.232100 453.863600 103.921300 443.529300
62.575150 454.072200 105.937000 443.687800
64.075560 454.193600 107.735600 443.770000
65.729870 454.237800 109.369500 443.726300
67.536180 454.320400 110.773100 443.732800
69.481920 454.413600 112.103700 443.759700
71.568440 454.517900 113.382300 443.782100
73.783230 454.637300 114.604700 443.793200
76.158670 454.789800 115.775100 443.829700
78.646770 454.943100 116.905800 443.871100
81.225870 455.115600 118.155100 443.920000
83.916780 455.302300 119.514900 443.974500
86.702020 455.456700 121.021200 444.014300
89.526350 455.578300 122.676700 444.029500
92.412350 455.733700 124.484900 444.070900
95.328570 455.895400 126.432800 444.108000
98.249890 456.054300 128.522600 444.131100
101.184100 456.224200 130.741500 444.165600
104.093100 456.393100 133.122600 444.214500
106.998900 456.525600 135.615700 444.247500
109.897200 456.654500 138.201400 444.256900
112.749700 456.816600 140.899200 444.306200
115.610200 456.965500 143.687600 444.368500
118.400100 457.099300 146.514600 444.412500
121.145900 457.258900 149.405600 444.428300
123.876500 457.448100 152.325700 444.488000
126.583800 457.666500 155.250700 444.607900
129.241600 457.972700 158.176800 444.893100
131.877300 458.360200 161.072700 445.221500
134.472300 458.810900 163.951800 445.638500
137.047800 459.328100 166.822100 446.064200
139.578900 459.909300 169.631900 446.590000
142.082300 460.548100 172.440500 447.159500
144.536100 461.240400 175.143600 447.861500
146.935100 462.035700 177.775500 448.655000
149.323900 462.890800 180.394600 449.452000
151.645200 463.789700 182.963900 450.329600
153.953700 464.746000 185.471600 451.256800
156.216300 465.719100 187.952100 452.222000
158.442000 466.755000 190.367100 453.261800
160.610800 467.844100 192.760200 454.335600
162.721500 468.976400 195.086100 455.479000
164.765200 470.136200 197.370500 456.670200
166.772400 471.335900 199.562800 457.957500
168.632200 472.526000 201.718800 459.268600
170.346500 473.697400 203.832700 460.656400
171.909300 474.797000 205.912600 462.011300
173.302800 475.783300 208.029400 463.314300
174.556500 476.625400 210.101200 464.632400
175.656700 477.273900 212.294400 465.720000
176.667400 477.791400 214.529100 466.660300
177.693700 478.199200 216.792100 467.452600
178.769200 478.445200 219.101700 467.878700
179.820200 478.560500 221.430400 468.096100
180.911200 478.531600 223.634700 467.965400
182.068600 478.323700 225.672100 467.550200
183.262200 477.935100 227.450300 466.846100
184.488300 477.285200 228.936400 466.005400
185.759400 476.306800 230.116000 465.068300
187.077400 475.006900 230.997600 464.147900
188.478700 473.464500 231.735900 463.289900
189.953700 471.703500 232.430600 462.434600
191.518900 469.725200 233.088300 461.548700
193.208300 467.608400 233.726200 460.706900
195.017400 465.320900 234.383000 459.835600
196.863700 462.933100 235.060900 458.874800
198.729100 460.522700 235.812400 457.866500
200.614200 458.121400 236.634300 456.750000
202.510500 455.730200 237.592600 455.468600
204.411000 453.358300 238.706600 453.996800
206.321800 451.001000 239.952300 452.333700
208.222000 448.665100 241.331500 450.504700
210.114400 446.337900 242.826600 448.480800
211.976500 444.014500 244.426500 446.306500
213.836200 441.706600 246.192900 443.996800
215.683700 439.420500 248.003800 441.594500
217.555600 437.143300 249.880900 439.208100
219.471300 434.824100 251.759800 436.816200
221.450500 432.447100 253.677300 434.454700
223.466700 430.017100 255.550500 432.072500
225.486700 427.604100 257.403600 429.682500
227.506500 425.191500 259.237600 427.305100
229.526100 422.779100 261.090200 424.955200
231.545400 420.367100 262.960500 422.647400
233.564400 417.955300 264.822000 420.348800
235.559300 415.588300 266.661800 418.064500
237.436800 413.389000 268.499900 415.771100
238.780200 411.507400 270.358900 413.416600
239.937800 409.690800 272.056900 410.843600
241.095100 407.877000 273.794000 408.219700
242.251200 406.068000 275.364200 405.504000
243.408000 404.262500 276.440500 402.563100
244.011000 402.484000 277.068200 399.498200
244.001400 400.839200 276.998400 396.389400
243.616800 399.284000 276.221500 393.363300
242.890100 397.828700 274.879300 390.598100
241.873600 396.462000 273.184000 388.299000
240.631500 395.201500 271.548500 386.676900
239.221600 394.033800 269.861700 385.355300
237.618600 392.957600 268.057400 384.206500
235.793400 391.994800 266.120800 383.300000
233.764600 391.138800 264.115200 382.557500
231.526900 390.407500 262.279200 382.046500
229.101900 389.773400 260.662100 381.702100
226.502900 389.204300 259.083400 381.412400
223.725900 388.759000 257.466600 381.212700
220.797800 388.372500 255.769800 381.040000
217.710700 387.983400 254.002800 380.898700
214.530600 387.607200 252.174100 380.751600
211.281800 387.245500 250.240500 380.645000
207.989900 386.906600 248.177400 380.491000
204.658000 386.595500 245.973600 380.369500
201.286800 386.304300 243.618300 380.253300
197.918900 386.031200 241.110100 380.165700
194.555800 385.786300 238.446100 380.098900
191.207200 385.554600 235.630600 380.061200
187.886200 385.358400 232.676100 379.997700
184.599200 385.187900 229.564700 379.987100
181.348200 385.028900 226.362600 379.906300
178.125300 384.880300 223.094900 379.815600
174.940200 384.732200 219.786300 379.754200
171.787000 384.605200 216.440900 379.691100
168.667500 384.479200 213.057700 379.658900
165.610000 384.375800 209.679400 379.705400
162.651900 384.300900 206.307800 379.641600
159.841600 384.253100 202.951200 379.657500
157.212800 384.244100 199.623300 379.666300
154.757500 384.238100 196.331700 379.760500
152.465500 384.177300 193.076600 379.751700
150.349500 384.033300 189.853400 379.625200
148.462800 383.774700 186.684300 379.284700
146.861800 383.342900 183.643100 378.470300
145.493000 382.652100 180.816000 377.174600
144.342900 381.710300 178.385700 375.337800
143.476000 380.548800 176.500800 373.078000
142.885900 379.215000 175.249500 370.581700
142.512900 377.743300 174.474300 368.088000
142.317800 376.136600 174.056000 365.689900
142.188100 374.395800 173.822600 363.423600
142.147200 372.567400 173.701400 361.319400
142.122900 370.607400 173.596100 359.428500
142.117600 368.494900 173.515200 357.775500
142.130800 366.233800 173.469200 356.246800
142.204400 363.814600 173.457600 354.761200
142.299400 361.231000 173.477600 353.314900
142.415300 358.474700 173.509900 351.860500
142.582500 355.558100 173.541300 350.350500
142.739700 352.539000 173.574400 348.741200
142.891900 349.439100 173.607900 347.004600
143.064500 346.281300 173.665100 345.185500
143.227100 343.091000 173.720700 343.236200
143.425200 339.887400 173.792500 341.135000
143.616200 336.700500 173.841100 338.884700
143.795900 333.502200 173.914000 336.477700
144.005700 330.337500 173.974400 333.904100
144.230000 327.130600 174.040400 331.159700
144.419100 323.896200 174.080200 328.254000
144.587400 320.591100 174.118200 325.248000
144.754600 317.239000 174.123800 322.162200
144.941900 313.833000 174.179300 319.017500
145.157300 310.363000 174.214400 315.842000
145.368500 306.861100 174.262700 312.653600
145.569800 303.322100 174.304300 309.480200
145.779600 299.781500 174.326600 306.297600
145.995800 296.224300 174.336200 303.142500
146.232800 292.723700 174.408200 299.942000
146.466500 289.221500 174.505600 296.717300
146.685200 285.746000 174.597400 293.425000
146.893800 282.281200 174.758600 290.090100
147.103700 278.834100 174.815400 286.695700
147.309200 275.380000 174.941500 283.239900
147.469000 272.014900 174.982700 279.751600
147.644100 268.640500 175.028200 276.222900
147.828000 265.287400 175.101400 272.698500
148.018700 262.011300 175.174800 269.157300
148.191600 258.776500 175.216400 265.668700
148.362500 255.568000 175.229100 262.179600
148.542700 252.484800 175.246700 258.720200
148.699400 249.530100 175.284600 255.265500
148.855100 246.697000 175.313100 251.831800
149.012000 244.059600 175.373000 248.392800
149.177500 241.565300 175.477800 245.040800
149.354100 239.240800 175.547000 241.681200
149.518500 237.141100 175.665400 238.341800
149.688400 235.241100 175.839700 235.079300
149.831600 233.536700 175.944900 231.861500
149.906300 232.004900 175.922100 228.670800
149.838700 230.619900 175.568200 225.625500
149.635100 229.344100 175.053000 222.730700
149.241300 228.150200 174.022200 220.097600
148.716100 227.039600 172.857400 217.745900
148.000700 226.008200 171.585800 215.663000
147.075700 225.048900 170.009300 213.965100
145.937600 224.217300 168.283100 212.782300
144.564400 223.496400 166.568300 211.955400
143.010800 222.963900 164.933900 211.462900
141.316600 222.568700 163.425800 211.196300
139.454500 222.334500 162.043400 211.077100
137.425000 222.166300 160.751300 211.026100
135.205500 222.050100 159.492100 211.023500
132.804000 221.961500 158.262400 211.036000
130.267400 221.919300 157.004300 211.067700
127.508700 221.882500 155.669100 211.102700
124.622700 221.854300 154.254100 211.136300
121.664000 221.830100 152.699800 211.190200
118.657200 221.763300 151.054100 211.194600
115.641600 221.685500 149.312400 211.194900
112.627300 221.570300 147.433100 211.189100
109.673500 221.356100 145.395700 211.173700
106.754900 221.166500 143.171300 211.146800
103.815900 220.977200 140.765600 211.136700
100.933900 220.822800 138.228000 211.125800
98.075460 220.656000 135.467900 211.133200
95.253020 220.487500 132.580700 211.083700
92.486910 220.344500 129.620900 211.065800
89.875370 220.223200 126.612800 211.007100
87.458400 220.103100 123.595200 211.057300
85.308900 219.940400 120.577600 211.049100
83.404740 219.814900 117.616000 211.123800
81.811460 219.719400 114.694000 211.190600
80.386560 219.682400 111.764500 211.169700
79.003730 219.767200 108.920000 211.162900
77.660700 220.007600 106.153300 211.887800
76.371580 220.406400 103.484000 212.793300
75.155860 220.960300 101.068500 214.133200
74.011040 221.726500 98.965740 215.675100
72.923470 222.715600 97.135790 217.253600
71.978870 223.872400 95.834120 218.963600
71.184520 225.266700 95.008010 220.673700
70.559680 226.755300 94.491420 222.176200
70.106430 228.212400 94.204090 223.567300
69.780350 229.717400 94.010180 224.929500
69.611080 231.273600 93.961890 226.288100
69.507330 232.885000 93.944250 227.630400
69.413710 234.508900 93.995090 228.959300
69.343880 236.144900 94.039550 230.331500
69.165330 237.775100 93.998460 231.798500
68.850580 239.377200 93.815510 233.274000
68.411010 240.827300 93.476290 234.839700
67.727420 242.111200 92.762440 236.278400
66.803100 243.182900 91.928710 237.548000
65.701790 244.107800 90.816100 238.606000
64.448250 244.782200 89.478770 239.417100
63.080800 245.260000 87.993110 240.042200
61.580750 245.474700 86.402510 240.379800
60.021940 245.545100 84.775790 240.555600
58.373630 245.501300 83.138320 240.647600
56.557790 245.387700 81.509560 240.760700
54.575700 245.267600 79.994310 240.832500
52.422320 245.171900 78.531750 240.908800
50.087930 245.081900 77.108850 240.964700
47.581640 245.008900 75.663510 241.032000
44.918970 244.937600 74.233790 241.083800
42.122820 244.817200 72.776320 241.111400
39.164720 244.672400 71.255990 241.142000
36.057060 244.510700 69.693260 241.187600
32.840100 244.318200 68.041830 241.186300
29.595440 244.119000 66.220150 241.212300
26.356030 243.938500 64.231700 241.254100
23.136280 243.778100 62.073930 241.291800
19.923890 243.574600 59.735380 241.322900
16.771670 243.333700 57.225230 241.306800
13.661940 243.082500 54.559440 241.265900
10.666390 242.818300 51.758510 241.245300
7.814747 242.555200 48.797660 241.143800
5.139292 242.325200 45.683140 241.106500
2.679849 242.118700 42.458300 241.052400
0.450309 241.930700 39.205080 241.026200
-1.528966 241.776000 35.962460 240.925300
-3.228819 241.670700 32.735280 240.997100
-4.618300 241.633500 29.521320 241.189900
-5.727634 241.635600 26.364170 241.307000
-6.594910 241.676300 23.275650 241.732100
-7.316062 241.736500 20.322160 242.288700
-7.999830 241.824600 18.443410 242.709900
-8.668434 241.971800 15.858810 243.641900
-9.310473 242.159800 14.258490 244.271300
-10.040280 242.489600 12.139900 245.357700
-10.900630 242.986700 10.344840 246.541500
-11.788840 243.696900 8.916515 247.774700
-12.605680 244.629900 7.917119 249.020400
-13.325190 245.805400 7.304961 250.148100
-13.876090 247.212100 7.020732 251.126000
-14.262280 248.903900 6.896154 251.916400
-14.456720 250.843200 6.861426 252.613500
-14.534350 252.994100 6.876448 253.299700
-14.597030 255.350200 6.878805 253.973500
-14.667090 257.910700 6.898876 254.660200
-14.735990 260.649600 6.909295 255.529800
-14.849520 263.575900 6.937308 256.573500
-14.957480 266.729800 6.969739 257.717400
-15.059630 270.015600 6.999497 258.980200
-15.182710 273.477200 6.995410 260.412000
-15.303150 277.021400 7.007200 262.018400
-15.440230 280.658500 7.003760 263.811000
-15.590580 284.351600 7.009583 265.806700
-15.764490 288.068200 7.027374 268.011500
-15.946800 291.811700 6.994775 270.421900
-16.099940 295.543400 7.033909 273.030300
-16.260060 299.308400 7.043649 275.806500
-16.425310 303.105800 6.993441 278.798000
-16.590140 306.893300 7.000468 281.981400
-16.756680 310.705900 6.938088 285.300900
-16.910250 314.536100 6.906373 288.781700
-17.062160 318.371600 6.812921 292.328800
-17.211700 322.183300 6.791473 295.985500
-17.359600 325.995800 6.755803 299.652400
-17.503240 329.777900 6.696537 303.369400
-17.652950 333.537700 6.696603 307.091200
-17.803470 337.274400 6.690371 310.811500
-17.965510 340.928300 6.690121 314.572500
-18.139020 344.467400 6.577392 318.353300
-18.309560 347.827300 6.486059 322.125800
-18.498430 351.069300 6.463999 325.924100
-18.657830 354.177800 6.393608 329.735700
-18.779270 357.113600 6.439787 333.545100
-18.870160 359.864000 6.459592 337.328300
-18.946200 362.402300 6.511017 341.121800
-18.990920 364.711200 6.537326 344.878800
-19.050610 366.784400 6.598993 348.608300
-19.150770 368.599600 6.398532 352.286300
-19.288630 370.232600 6.285657 355.862600
-19.600770 371.746300 5.597924 359.246300
-20.181060 373.134000 4.460774 362.335900
-21.046240 374.352900 2.816218 365.043500
-22.127780 375.353800 0.819826 367.351500
-23.457040 376.098400 -1.431930 369.130500
-24.934490 376.556700 -4.004738 369.876100
-26.555040 376.670400 -6.454751 370.065800
-28.276760 376.521700 -8.687119 369.864400
-30.056280 376.231600 -10.638430 369.526000
-31.975970 375.881500 -12.364680 369.228200
-34.041570 375.538800 -13.948550 368.989600
-36.312400 375.174700 -15.473440 368.757100
-38.740670 374.815500 -16.970050 368.563100
-41.349510 374.513500 -18.453340 368.378000
-44.097790 374.260800 -19.940100 368.280400
-47.011360 374.040700 -21.487790 368.220100
-50.040150 373.823900 -23.062820 368.125500
-53.185680 373.618900 -24.726670 368.042100
-56.406270 373.421900 -26.465530 367.964700
-59.653410 373.251300 -28.323880 367.875300
-62.943060 373.083600 -30.306890 367.785900
-66.219570 372.909300 -32.477430 367.677600
-69.486870 372.732000 -34.825650 367.585300
-72.726120 372.532900 -37.332650 367.467600
-75.949990 372.348800 -40.007170 367.348800
-79.132360 372.198800 -42.818180 367.270600
-82.276670 372.085900 -45.785010 367.208400
-85.318380 372.021300 -48.859320 367.088700
-88.202870 371.999200 -52.042310 367.149600
-90.927450 371.989600 -55.283720 367.217000
-93.555550 371.974900 -58.545450 367.287500
-96.169310 371.894100 -61.839270 367.279700
-98.735200 371.699400 -65.116680 367.134900
-101.335900 371.405700 -68.366610 366.799600
-104.006100 371.090100 -71.590970 366.440000
-106.771100 370.792200 -74.785170 366.068900
-109.682200 370.477800 -77.933570 365.687200
-112.739100 370.228500 -81.051030 365.479100
-115.931600 370.036400 -84.034120 365.281800
-119.286600 369.828600 -86.864720 365.215600
-122.729500 369.724600 -89.548860 365.153400
-126.288700 369.671200 -92.171290 365.118700
-129.839700 369.662300 -94.771380 365.123400
-133.385600 369.650900 -97.349210 365.119100
-136.894400 369.634000 -99.988700 365.156700
-140.398100 369.514400 -102.701000 365.056700
-143.862100 369.340500 -105.540100 364.896600
-147.327600 369.166400 -108.484500 364.748400
-150.737000 368.971100 -111.619500 364.573700
-154.158600 368.781900 -114.865200 364.444900
-157.533900 368.539100 -118.240500 364.225800
-160.863100 368.281900 -121.740500 364.019500
-164.185700 368.025000 -125.285500 363.770000
-167.432800 367.748600 -128.830600 363.477100
-170.642400 367.488400 -132.349100 363.233000
-173.841400 367.227100 -135.852000 362.927500
-177.023700 366.951400 -139.323000 362.605900
-180.244500 366.730400 -142.785500 362.322400
-183.473900 366.580900 -146.225300 362.066100
-186.744800 366.472000 -149.646200 361.940200
-190.033500 366.367300 -153.057200 361.804100
-193.355400 366.250500 -156.426700 361.698000
-196.716900 366.188600 -159.764300 361.570800
-200.121200 366.182600 -163.071500 361.566400
-203.540500 366.199800 -166.326000 361.589900
-206.952700 366.227500 -169.524300 361.553300
-210.347900 366.285500 -172.735800 361.600600
-213.706200 366.365900 -175.945800 361.622900
-217.009500 366.481900 -179.170300 361.711500
-220.179700 366.654500 -182.411100 361.817500
-223.191200 366.879000 -185.690200 362.029700
-226.097000 367.114900 -188.987900 362.241900
-228.814800 367.345400 -192.313000 362.468800
-231.386300 367.584000 -195.682700 362.715600
-233.712600 367.887700 -199.071900 363.136700
-235.782000 368.275800 -202.456400 363.660500
-237.675400 368.737900 -205.767800 364.448100
-239.369400 369.206200 -209.033100 365.346600
-240.923900 369.617600 -212.281800 366.165100
-242.343700 369.946600 -215.474700 366.859400
-243.617800 370.200700 -218.544500 367.459400
-244.859400 370.340600 -221.505500 367.754300
-246.077300 370.391700 -224.359900 367.958600
-247.267700 370.379800 -227.045200 367.870000
-248.493500 370.333700 -229.540800 367.773800
-249.783700 370.306600 -231.807300 367.678700
-251.078800 370.299200 -233.855600 367.677100
-252.358200 370.349900 -235.737400 367.672700
-253.632100 370.436500 -237.438300 367.748700
-254.850600 370.581800 -238.993500 367.841900
-255.940600 370.729900 -240.381800 368.047900
-256.915700 370.895600 -241.621600 368.326800
-257.880300 371.026600 -242.856500 368.431700
-258.825300 371.074700 -244.057800 368.383400
-259.790200 371.036700 -245.242400 368.306600
-260.853800 370.865000 -246.468700 368.047600
-261.981300 370.525600 -247.707600 367.679500
-263.149900 369.955400 -248.852700 367.100200
-264.334300 369.128800 -249.904200 366.379700
-265.453200 367.983800 -250.777000 365.459200
-266.451000 366.525200 -251.458200 364.492200
-267.251800 364.723800 -251.921300 363.557500
-267.949500 362.709300 -252.237400 362.630800
-268.506500 360.485200 -252.486100 361.703400
-268.941500 358.026800 -252.662400 360.782200
-269.220400 355.348600 -252.791400 359.796000
-269.448800 352.477300 -252.908900 358.710300
-269.718000 349.407100 -253.046600 357.500100
-269.985700 346.177700 -253.174400 356.164000
-270.257600 342.841000 -253.301100 354.664900
-270.518100 339.408900 -253.441200 353.012800
-270.754500 335.850800 -253.579900 351.200000
-270.955500 332.279200 -253.705200 349.201300
-271.100700 328.699800 -253.852400 347.022000
-271.205200 325.126400 -253.956200 344.680300
-271.267700 321.587300 -253.986600 342.119500
-271.275200 318.070500 -254.018300 339.382700
-271.222900 314.582000 -253.996600 336.447100
-271.120000 311.120600 -253.930700 333.327400
-270.978000 307.683800 -253.799200 330.060600
-270.782700 304.265600 -253.652000 326.705900
-270.528600 300.853100 -253.390000 323.254500
-270.242000 297.429400 -253.114400 319.687900
-269.919600 293.989900 -252.856300 316.153300
-269.545200 290.528500 -252.499400 312.591800
-269.141700 287.042100 -252.132400 309.070100
-268.688300 283.528200 -251.730200 305.575800
-268.188900 279.998100 -251.253700 302.119500
-267.644900 276.438400 -250.752700 298.684900
-267.060700 272.864800 -250.217600 295.287100
-266.415600 269.267600 -249.624500 291.920600
-265.703700 265.659900 -248.982400 288.573200
-264.933700 262.028500 -248.265600 285.241900
-264.083600 258.356100 -247.518200 281.897600
-263.198600 254.694500 -246.731900 278.540100
-262.249500 251.044300 -245.867500 275.171600
-261.237300 247.429800 -244.913500 271.795500
-260.189300 243.839800 -243.941400 268.399400
-259.094000 240.246100 -242.882500 264.999500
-257.955600 236.666200 -241.762700 261.581800
-256.772700 233.104800 -240.628400 258.146400
-255.531300 229.548500 -239.416300 254.701600
-254.248400 226.028100 -238.186300 251.244200
-252.919100 222.544000 -236.819200 247.781100
-251.574800 219.079600 -235.436700 244.282300
-250.208800 215.633800 -234.055100 240.798400
-248.823500 212.212300 -232.639800 237.323400
-247.396200 208.816100 -231.185200 233.880400
-245.924600 205.438400 -229.690600 230.456600
-244.407500 202.096000 -228.156000 227.043900
-242.864900 198.761700 -226.569900 223.656100
-241.279000 195.474400 -224.915700 220.295200
-239.649300 192.235800 -223.232900 216.939800
-237.983200 189.035400 -221.513000 213.637900
-236.298900 185.858800 -219.764300 210.361200
-234.588400 182.702700 -218.004800 207.111000
-232.835600 179.589900 -216.174300 203.902400
-231.009300 176.491000 -214.298200 200.745100
-229.111700 173.245900 -212.409400 197.599600
-227.176300 170.021800 -210.507000 194.460000
-225.177100 166.838100 -208.547800 191.366800
-223.121100 163.678300 -206.520300 188.315100
-221.021800 160.583500 -204.466600 185.319900
-218.906700 157.528200 -202.396700 182.365300
-216.758300 154.516100 -200.304200 179.438000
-214.598900 151.542200 -198.214800 176.529800
-212.419400 148.613400 -196.083900 173.658000
-210.228200 145.723000 -193.904700 170.824900
-207.984500 142.875200 -191.660300 167.956300
-205.709300 140.044600 -189.308700 165.034500
-203.367700 137.252600 -186.890500 162.179300
-200.986900 134.476000 -184.440100 159.326800
-198.545200 131.709700 -181.962700 156.508900
-196.059300 128.939500 -179.477400 153.736900
-193.510200 126.196800 -176.920300 151.060500
-190.897300 123.468900 -174.353900 148.409000
-188.227400 120.762000 -171.804300 145.793000
-185.497000 118.076800 -169.196200 143.245200
-182.724000 115.414700 -166.615800 140.717400
-179.874900 112.756200 -163.939900 138.277000
-176.963500 110.129700 -161.235400 135.851800
-174.022700 107.478800 -158.550100 133.389800
-171.062700 104.830200 -155.816200 130.960100
-168.072200 102.205400 -153.019700 128.540800
-165.063500 99.572080 -150.217700 126.094100
-162.094200 96.925240 -147.380800 123.638000
-159.158100 94.245620 -144.570900 121.106100
-156.222000 91.591220 -141.721500 118.591900
-153.302600 88.949020 -138.858900 116.044500
-150.415700 86.290970 -135.986400 113.470600
-147.525700 83.616700 -133.093700 110.858700
-144.616800 80.967880 -130.151200 108.249600
-141.680000 78.334030 -127.138100 105.685200
-138.744900 75.701910 -124.163800 103.054000
-135.803000 73.066790 -121.189700 100.400000
-132.863800 70.434610 -118.193300 97.772030
-129.933000 67.796650 -115.176600 95.182950
-127.009300 65.165490 -112.160000 92.610410
-124.094300 62.565200 -109.185600 90.015350
-121.185800 59.961850 -106.234600 87.420650
-118.275800 57.358150 -103.299400 84.819000
-115.383500 54.746480 -100.360900 82.203330
-112.487100 52.132910 -97.455600 79.549660
-109.563100 49.507800 -94.511590 76.932070
-106.649400 46.882310 -91.539610 74.347230
-103.717200 44.240620 -88.567880 71.748820
-100.776700 41.607720 -85.571190 69.194620
-97.815960 38.955960 -82.617090 66.590830
-94.863170 36.299440 -79.672120 64.003150
-91.884440 33.643060 -76.736160 61.436200
-88.909720 30.989760 -73.791370 58.879730
-85.917480 28.322680 -70.849470 56.317440
-82.929050 25.668410 -67.892020 53.783680
-79.941980 23.038030 -64.911610 51.255710
-76.962720 20.421650 -61.931750 48.713610
-74.007520 17.823510 -58.933480 46.171250
-71.092400 15.226900 -55.971840 43.578640
-68.209240 12.634500 -53.000920 40.955630
-65.354250 10.051970 -50.003790 38.358870
-62.542350 7.481356 -47.025730 35.729300
-59.754040 4.927046 -44.071340 33.045760
-57.009180 2.422195 -41.089300 30.397580
-54.340090 0.009828 -38.108030 27.725860
-51.766990 -2.296378 -35.114190 25.090210
-49.260900 -4.526641 -32.116950 22.484870
-46.853800 -6.677798 -29.159030 19.859310
-44.569730 -8.685225 -26.139960 17.349070
-42.404320 -10.528340 -23.139730 14.878960
-40.364200 -12.198710 -20.080600 12.505870
-38.389800 -13.695430 -17.017630 10.213440
-36.423220 -15.003710 -13.806650 8.170388
-34.423200 -16.097900 -10.511120 6.359705
-32.364650 -16.913830 -7.010342 5.234295
-30.265120 -17.411740 -3.572941 4.319442
-28.163420 -17.604910 -0.177951 4.047830
-26.110560 -17.459960 3.127577 4.333147
-24.143360 -16.987220 6.221272 5.009179
-22.296980 -16.217800 8.927395 6.232743
-20.604650 -15.231400 11.307000 7.648185
-19.008910 -14.153640 13.401150 9.129232
-17.427180 -13.090130 15.364540 10.537060
-15.874640 -12.069320 17.287350 11.840600
-14.363580 -11.106930 19.266840 12.912880
-12.922670 -10.242620 20.995920 14.261390
-11.574780 -9.466819 22.840600 15.323600
-10.317910 -8.788752 24.619370 16.430830
-9.188230 -8.193104 26.426840 17.378900
-8.211014 -7.716742 28.203080 18.326650
-7.426664 -7.335419 29.963190 19.256580
-6.732949 -7.004384 31.637370 20.236550
-6.081177 -6.624412 33.280030 21.224920
-5.489078 -6.233971 34.786720 22.342840
-4.934984 -5.802268 36.222570 23.479680
-4.339961 -5.285216 37.545110 24.637190
-3.697865 -4.592905 38.689490 25.802650
-3.037676 -3.769289 39.627510 26.987470
-2.408137 -2.790908 40.383590 28.142540
-1.801721 -1.625169 40.918780 29.233170
-1.269630 -0.215074 41.295210 30.178590
-0.812186 1.417145 41.496360 30.964350
-0.577413 3.304554 41.619800 31.721330
-0.470925 5.426109 41.657970 32.457540
-0.476637 7.694492 41.662480 33.162000
-0.570738 10.119870 41.629390 33.874180
-0.648451 12.686750 41.602100 34.712900
-0.748385 15.378500 41.570290 35.701600
-0.860824 18.191740 41.507980 36.788300
-0.998219 21.084400 41.458840 37.989090
-1.176238 24.100490 41.357270 39.364680
-1.395968 27.224660 41.212760 40.921450
-1.640741 30.420880 41.071870 42.676600
-1.879320 33.664680 40.917770 44.645210
-2.150183 36.923590 40.669980 46.797140
-2.397389 40.249040 40.472710 49.109720
-2.638864 43.594280 40.234470 51.565610
-2.848280 46.962570 39.939570 54.153010
-3.041372 50.356970 39.770110 56.881880
-3.212653 53.820380 39.565640 59.707450
-3.380992 57.307360 39.358350 62.626150
-3.567609 60.834770 39.124770 65.680770
-3.786600 64.385720 38.930570 68.815740
-3.981904 67.973540 38.726360 72.035110
-4.173959 71.565920 38.504150 75.265940
-4.396788 75.106490 38.242020 78.545600
-4.593996 78.623730 37.931250 81.861750
-4.800834 82.136440 37.613840 85.191670
-5.016400 85.597270 37.428680 88.571480
-5.214554 89.008160 37.217940 91.973570
-5.369648 92.435540 36.995790 95.427840
-5.524006 95.827610 36.805790 98.928060
