0 0.000140 0.004849 100.000000 6.289308
0 0.000033 0.005482 200.000000 6.666667
0 0.000032 0.004985 300.000000 7.194244
0 0.000029 0.005593 400.000000 7.312614
0 0.000039 0.007046 500.000000 7.587254
10 0.000172 0.002464 100.000000 6.211180
10 0.000035 0.007403 200.000000 6.666667
10 0.000034 0.007395 300.000000 7.194244
10 0.000038 0.008084 400.000000 7.299270
10 0.000047 0.009817 500.000000 7.575758
20 0.000126 0.004320 100.000000 6.134969
20 0.000043 0.007485 200.000000 6.666667
20 0.000045 0.006635 300.000000 7.194244
20 0.000046 0.006449 400.000000 7.299270
20 0.000043 0.008587 500.000000 7.552870
30 0.000104 0.004980 100.000000 5.952381
30 0.000061 0.008230 200.000000 6.688963
30 0.000057 0.006757 300.000000 7.211538
30 0.000049 0.006371 400.000000 7.312614
30 0.000045 0.008617 500.000000 7.541478
40 0.000100 0.005053 100.000000 5.847953
40 0.000050 0.007197 200.000000 6.734007
40 0.000049 0.005818 300.000000 7.246377
40 0.000043 0.005588 400.000000 7.326007
40 0.000045 0.007655 500.000000 7.518797
50 0.000089 0.004614 100.000000 5.847953
50 0.000048 0.004341 200.000000 6.779661
50 0.000039 0.004535 300.000000 7.281553
50 0.000042 0.004965 400.000000 7.366483
50 0.000050 0.006353 500.000000 7.485030
60 0.000128 0.005655 100.000000 5.988024
60 0.000063 0.003888 200.000000 6.896552
60 0.000044 0.002239 300.000000 7.352941
60 0.000037 0.002085 400.000000 7.434944
60 0.000044 0.003113 500.000000 7.429420
70 0.000162 0.005285 100.000000 6.211180
70 0.000090 0.003853 200.000000 7.042253
70 0.000056 0.002048 300.000000 7.481297
70 0.000045 0.001780 400.000000 7.518797
70 0.000045 0.002302 500.000000 7.418397
80 0.000171 0.005566 100.000000 6.451613
80 0.000068 0.004652 200.000000 7.220217
80 0.000054 0.002621 300.000000 7.614213
80 0.000043 0.002156 400.000000 7.619048
80 0.000045 0.003131 500.000000 7.440476
90 0.000167 0.006175 100.000000 6.711410
90 0.000059 0.005327 200.000000 7.380074
90 0.000039 0.003465 300.000000 7.751938
90 0.000038 0.003397 400.000000 7.722008
90 0.000043 0.005054 500.000000 7.440476
100 0.000099 0.002964 100.000000 6.896552
100 0.000045 0.002227 200.000000 7.518797
100 0.000026 0.003900 300.000000 7.832898
100 0.000034 0.004919 400.000000 7.797271
100 0.000023 0.005881 500.000000 7.342144
110 0.000057 0.002758 100.000000 6.896552
110 0.000052 0.005027 200.000000 7.547170
110 0.000039 0.006917 300.000000 7.894737
110 0.000044 0.007996 400.000000 7.858546
120 0.000032 0.002957 100.000000 6.849315
120 0.000071 0.004927 200.000000 7.575758
120 0.000042 0.007384 300.000000 7.894737
120 0.000040 0.008195 400.000000 7.905138
130 0.000044 0.007719 100.000000 6.849315
130 0.000090 0.008789 200.000000 7.575758
130 0.000047 0.010532 300.000000 7.812500
130 0.000058 0.010769 400.000000 7.920792
140 0.000046 0.009264 100.000000 6.896552
140 0.000108 0.009534 200.000000 7.633588
140 0.000047 0.011714 300.000000 7.751938
140 0.000066 0.012028 400.000000 7.936508
150 0.000069 0.008289 100.000000 6.993007
150 0.000108 0.010371 200.000000 7.662835
150 0.000052 0.012492 300.000000 7.712082
150 0.000063 0.012992 400.000000 7.968128
160 0.000119 0.006389 100.000000 7.042253
160 0.000110 0.010991 200.000000 7.722008
160 0.000061 0.013024 300.000000 7.712082
160 0.000065 0.013691 400.000000 7.984032
170 0.000176 0.005223 100.000000 7.142857
170 0.000107 0.008027 200.000000 7.782101
170 0.000078 0.009883 300.000000 7.731959
170 0.000068 0.010855 400.000000 8.000000
180 0.000175 0.002725 100.000000 7.246377
180 0.000101 0.005912 200.000000 7.843137
180 0.000072 0.007943 300.000000 7.772021
180 0.000052 0.008739 400.000000 8.000000
190 0.000159 0.002624 100.000000 7.407407
190 0.000103 0.006906 200.000000 7.936508
190 0.000060 0.008770 300.000000 7.832898
190 0.000049 0.009541 400.000000 8.032128
200 0.000139 0.005742 100.000000 7.575758
200 0.000090 0.008509 200.000000 8.064516
200 0.000049 0.009446 300.000000 7.915567
200 0.000045 0.010802 400.000000 8.064516
210 0.000137 0.010110 100.000000 7.812500
210 0.000096 0.011908 200.000000 8.163265
210 0.000062 0.012331 300.000000 7.978724
210 0.000059 0.013733 400.000000 8.080808
220 0.000138 0.010775 100.000000 8.000000
220 0.000080 0.013310 200.000000 8.264462
220 0.000053 0.013818 300.000000 8.021390
220 0.000070 0.014177 400.000000 8.016032
230 0.000133 0.014560 100.000000 8.064516
230 0.000085 0.015482 200.000000 8.298756
230 0.000048 0.016399 300.000000 8.064516
230 0.000052 0.016756 400.000000 7.782101
240 0.000092 0.015035 100.000000 8.130081
240 0.000070 0.016021 200.000000 8.368201
240 0.000040 0.016629 300.000000 8.108109
240 0.000035 0.016794 400.000000 7.575758
250 0.000095 0.014091 100.000000 8.196721
250 0.000058 0.014608 200.000000 8.438819
250 0.000056 0.014728 300.000000 8.174387
260 0.000151 0.013432 100.000000 8.333333
260 0.000070 0.014870 200.000000 8.510638
260 0.000069 0.014835 300.000000 8.264462
270 0.000185 0.013175 100.000000 8.333333
270 0.000074 0.015426 200.000000 8.438819
270 0.000066 0.015132 300.000000 8.310249
280 0.000174 0.012487 100.000000 8.403361
280 0.000050 0.015251 200.000000 8.230453
280 0.000073 0.014081 300.000000 8.333333
290 0.000171 0.015419 100.000000 8.403361
290 0.000045 0.016550 200.000000 8.130081
290 0.000075 0.015984 300.000000 8.333333
300 0.000116 0.013564 100.000000 8.403361
300 0.000043 0.013199 200.000000 8.064516
300 0.000065 0.013031 300.000000 8.310249
310 0.000112 0.014069 100.000000 8.403361
310 0.000060 0.013569 200.000000 8.000000
310 0.000069 0.015254 300.000000 8.287292
320 0.000093 0.013023 100.000000 8.474576
320 0.000056 0.012529 200.000000 8.000000
320 0.000062 0.014906 300.000000 8.241758
330 0.000053 0.010620 100.000000 8.474576
330 0.000044 0.009794 200.000000 8.032128
330 0.000053 0.012701 300.000000 8.196721
340 0.000041 0.008541 100.000000 8.474576
340 0.000068 0.007631 200.000000 8.000000
340 0.000075 0.010545 300.000000 8.064516
350 0.000058 0.009666 100.000000 8.403361
350 0.000040 0.010451 200.000000 8.000000
350 0.000069 0.011395 300.000000 7.751938
360 0.000042 0.010069 100.000000 8.474576
360 0.000048 0.010948 200.000000 8.032128
360 0.000053 0.012347 300.000000 7.425743
370 0.000053 0.011562 100.000000 8.547009
370 0.000081 0.012366 200.000000 8.130081
380 0.000047 0.006758 100.000000 8.547009
380 0.000073 0.007829 200.000000 8.196721
390 0.000062 0.007503 100.000000 8.333333
390 0.000069 0.007921 200.000000 8.230453
400 0.000105 0.006053 100.000000 7.936508
400 0.000063 0.006740 200.000000 8.230453
410 0.000095 0.006502 100.000000 7.692307
410 0.000062 0.007523 200.000000 8.230453
420 0.000073 0.005581 100.000000 7.575758
420 0.000060 0.007584 200.000000 8.196721
430 0.000091 0.004570 100.000000 7.518797
430 0.000071 0.007943 200.000000 8.163265
440 0.000103 0.006843 100.000000 7.518797
440 0.000074 0.011463 200.000000 8.064516
450 0.000085 0.008093 100.000000 7.518797
450 0.000100 0.012543 200.000000 7.968128
460 0.000101 0.007142 100.000000 7.518797
460 0.000108 0.011191 200.000000 7.751938
470 0.000094 0.008716 100.000000 7.575758
470 0.000087 0.010656 200.000000 7.272727
480 0.000112 0.009103 100.000000 7.575758
480 0.000084 0.012571 200.000000 6.756757
490 0.000098 0.006616 100.000000 7.692307
500 0.000098 0.007642 100.000000 7.874016
510 0.000119 0.008799 100.000000 8.064516
520 0.000147 0.010517 100.000000 8.333333
530 0.000152 0.011685 100.000000 8.547009
540 0.000148 0.012502 100.000000 8.771930
550 0.000122 0.011824 100.000000 8.849558
560 0.000138 0.013995 100.000000 8.771930
570 0.000127 0.016359 100.000000 8.620689
580 0.000115 0.011192 100.000000 8.403361
590 0.000143 0.009649 100.000000 8.000000
600 0.000112 0.012026 100.000000 6.993007
610 0.000070 0.011934 100.000000 6.060606
