-0.000000 0.000000 0.000000 0.000000
-0.031067 2.888054 0.017776 2.887678
-0.064585 5.738958 0.042696 5.716174
-0.101303 8.535486 0.066273 8.505604
-0.142195 11.339520 0.063249 11.263090
-0.184906 14.041360 0.016651 13.985670
-0.236713 16.743090 -0.046290 16.674650
-0.293743 19.414190 -0.142151 19.333590
-0.351775 22.037930 -0.196138 21.939570
-0.412104 24.615430 -0.269392 24.480270
-0.469077 27.080370 -0.380346 26.913350
-0.537729 29.454710 -0.474504 29.262000
-0.609883 31.753310 -0.567632 31.532240
-0.707028 33.962280 -0.699453 33.736650
-0.822501 36.085730 -0.832968 35.805080
-0.935694 38.111240 -0.960726 37.794050
-1.022967 40.037480 -1.059375 39.716710
-1.107347 41.890890 -1.133217 41.505510
-1.156523 43.592390 -1.232752 43.146090
-1.165281 45.110470 -1.245540 44.600970
-1.139704 46.435620 -1.236986 45.859120
-1.077742 47.567320 -1.189486 46.905200
-1.006263 48.450880 -1.095469 47.742170
-0.897746 49.232390 -0.962056 48.509370
-0.757712 49.986150 -0.824830 49.256810
-0.562625 50.707270 -0.624778 49.974040
-0.317219 51.420200 -0.407364 50.704680
0.000274 52.129820 -0.309308 50.949860
0.427978 52.800310 0.098038 51.619830
0.965237 53.472800 0.605762 52.271720
1.658262 54.153430 1.262948 52.926790
2.612681 54.789880 2.159357 53.545440
3.766145 55.335410 3.263558 54.097920
5.103719 55.721430 4.545115 54.545560
6.612372 55.902800 5.991500 54.794740
8.209580 55.971350 7.560662 54.916040
9.933246 55.981820 9.255800 54.980870
11.755010 55.963040 11.043250 54.947920
13.673080 55.883300 12.932280 54.922670
15.697980 55.779010 14.928350 54.851820
17.784720 55.672100 17.002790 54.789330
19.978240 55.590270 19.163540 54.739330
22.167140 55.510110 21.362990 54.719120
24.373310 55.484540 23.559240 54.721340
26.568060 55.472620 25.764690 54.713120
28.777650 55.510270 27.975430 54.752890
30.985590 55.548590 30.178810 54.842980
33.207400 55.613480 32.395730 54.920660
35.442520 55.709300 34.627170 55.030340
37.704740 55.826600 36.878200 55.183040
40.002200 55.976310 39.155180 55.359780
42.339510 56.141300 41.479910 55.525090
44.713720 56.343910 43.857950 55.755180
47.122240 56.605330 46.220950 56.030630
49.540680 56.921620 48.633650 56.373950
51.989070 57.297260 51.066320 56.780500
54.343180 57.698510 53.448410 57.233080
56.645460 58.120330 55.750490 57.681280
58.876010 58.567270 58.002960 58.172630
61.013190 59.021080 60.170980 58.656540
63.055930 59.468430 62.241550 59.097180
65.032810 59.902180 64.236050 59.554840
66.922080 60.298360 66.152210 59.975840
68.724720 60.677920 67.975920 60.345150
70.449950 61.033000 69.740180 60.703030
72.086540 61.346730 71.403910 61.023960
73.701140 61.657010 73.012540 61.355440
75.335240 61.944750 74.634840 61.680270
76.992600 62.291350 76.279790 62.007200
78.692590 62.691950 77.971150 62.404720
80.453400 63.179850 79.683280 62.899260
82.265790 63.740490 81.472950 63.476780
84.194030 64.399810 83.339740 64.134940
86.224450 65.153770 85.318480 64.922250
88.357870 65.993410 87.400040 65.759510
90.502450 66.907090 89.535050 66.710710
92.609040 67.903710 91.646550 67.703540
94.633120 68.920130 93.684000 68.725340
96.583420 69.912990 95.654060 69.730930
98.435050 70.883890 97.564390 70.740220
100.212200 71.816210 99.347870 71.679670
101.905500 72.735820 101.114900 72.521390
103.511500 73.620900 102.761700 73.388520
105.060100 74.482340 104.343600 74.226260
106.565000 75.343110 105.835800 75.116870
108.028900 76.228830 107.295500 76.015740
109.484600 77.160920 108.731700 76.956780
111.012500 78.171090 110.210900 77.973190
112.582900 79.246780 111.740800 79.065320
114.228600 80.425890 113.314100 80.259040
115.947600 81.729260 114.977100 81.567360
117.700100 83.151090 116.727200 82.933150
119.523000 84.685210 118.487500 84.472660
121.433400 86.292660 120.324300 86.089410
123.377700 87.978210 122.262900 87.757180
125.311100 89.753620 124.188900 89.529990
127.275600 91.596860 126.105600 91.368840
129.224500 93.463900 128.060000 93.237060
131.149100 95.403230 129.976300 95.147950
133.059000 97.419260 131.891000 97.147250
134.953900 99.488560 133.767000 99.210910
136.852800 101.578900 135.639400 101.316000
138.768400 103.700800 137.534400 103.421600
140.668600 105.771500 139.408600 105.528700
142.593300 107.805600 141.334900 107.585200
144.499400 109.783900 143.220700 109.596600
146.448400 111.754000 145.117800 111.596500
148.396300 113.639400 147.082100 113.483500
150.376300 115.438400 149.016900 115.355700
152.404100 117.222400 151.001000 117.179500
154.478600 118.989300 152.984000 119.011000
156.645400 120.724500 155.083500 120.807700
158.905800 122.432200 157.255500 122.582200
161.194700 124.063600 159.486100 124.269500
163.498700 125.601900 161.775300 125.907200
165.800800 127.092000 164.075700 127.434500
168.046900 128.527100 166.316200 128.895900
170.193100 129.881700 168.474600 130.310800
172.320500 131.175000 170.618400 131.634000
174.354500 132.418200 172.655600 132.927600
176.353200 133.630800 174.635300 134.174600
178.293700 134.777800 176.606800 135.352100
180.174800 135.863800 178.501700 136.458900
181.990300 136.890800 180.355700 137.473100
183.746700 137.844100 182.138800 138.428700
185.502900 138.752600 183.892100 139.318900
187.316700 139.650000 185.676600 140.233600
189.197800 140.526600 187.541100 141.099400
191.166700 141.381000 189.478500 141.940000
193.245000 142.204500 191.520800 142.762700
195.460000 143.026300 193.672300 143.596800
197.772100 143.833600 195.969200 144.381500
200.145100 144.607400 198.309000 145.195000
202.692400 145.397600 200.792500 145.974400
205.249500 146.171900 203.300800 146.849300
207.860900 146.926000 205.889300 147.711000
210.549200 147.643600 208.532200 148.515600
213.300400 148.348200 211.277300 149.189400
216.084100 149.048900 214.060500 149.869200
218.860300 149.726200 216.854000 150.508100
221.644800 150.382100 219.642600 151.149400
224.412100 151.021800 222.435300 151.752900
227.167600 151.643200 225.198300 152.395300
229.918900 152.230300 227.925200 153.007600
232.689500 152.785800 230.673300 153.592400
235.449300 153.313200 233.436500 154.148100
238.199800 153.803200 236.192100 154.649900
240.934200 154.256400 238.926600 155.094100
243.668800 154.668400 241.667900 155.525400
246.368400 155.041200 244.379700 155.900000
249.069800 155.358200 247.072300 156.276000
251.725900 155.632800 249.725900 156.605000
254.402400 155.881300 252.402600 156.864900
257.042800 156.089700 255.048700 157.088100
259.660100 156.224000 257.675500 157.269800
262.271700 156.315800 260.280700 157.371700
264.865700 156.356900 262.884500 157.451200
267.459400 156.359600 265.467000 157.452600
270.039500 156.343700 268.053400 157.462400
272.588200 156.330000 270.613300 157.460800
275.056200 156.330100 273.108300 157.442800
277.448400 156.359600 275.532800 157.467300
279.738200 156.429500 277.853000 157.546900
281.938200 156.520200 280.082300 157.674500
284.012100 156.634000 282.198900 157.785300
285.967000 156.761600 284.184600 157.921500
287.810800 156.898300 286.061700 158.096300
289.549300 157.041600 287.822600 158.271100
291.199000 157.180400 289.503700 158.446300
292.759600 157.324200 291.085200 158.624700
294.237400 157.467800 292.582800 158.800100
295.702000 157.617000 294.034800 158.971700
297.209000 157.765400 295.521400 159.154500
298.767900 157.889400 297.057800 159.283100
300.432800 158.016900 298.680200 159.435500
302.189300 158.141600 300.411000 159.550700
304.038500 158.267800 302.225900 159.618800
305.995200 158.405700 304.146400 159.784700
308.048700 158.531900 306.164200 159.908700
310.174500 158.661100 308.267700 160.060900
312.381400 158.771100 310.441700 160.165400
314.676200 158.867600 312.706400 160.315100
317.037300 158.975500 315.039300 160.428600
319.477900 159.096700 317.450800 160.535800
321.983300 159.231700 319.940400 160.617700
324.556700 159.385400 322.493700 160.725600
327.199000 159.561700 325.111400 160.906800
329.888000 159.763100 327.773100 161.185200
332.606500 159.992500 330.468300 161.491000
335.346200 160.242300 333.202000 161.740300
338.087800 160.502200 335.938200 162.042800
340.808300 160.751300 338.666000 162.305100
343.520500 160.989100 341.364200 162.611300
346.223500 161.227200 344.063400 162.913300
348.906500 161.474100 346.745300 163.107800
351.590100 161.717700 349.424700 163.396500
354.273100 161.969400 352.092500 163.713400
356.966000 162.239900 354.767000 164.025600
359.666600 162.550200 357.453400 164.372500
362.375700 162.896300 360.144800 164.798000
365.062800 163.323000 362.814100 165.286500
367.727000 163.850800 365.458800 165.872000
370.348600 164.475400 368.077400 166.515600
372.964400 165.138700 370.682300 167.168400
375.599800 165.826700 373.288600 167.902100
378.229900 166.566100 375.899600 168.698200
380.801800 167.357500 378.471700 169.528100
383.318400 168.171800 380.988200 170.361200
385.808200 169.013900 383.462700 171.275600
388.246500 169.856400 385.916900 172.090900
390.650800 170.695000 388.338900 172.947900
393.014800 171.503500 390.710700 173.750600
395.404400 172.284100 393.053000 174.637200
397.780400 173.063700 394.638300 175.108500
400.205400 173.874000 396.998000 176.000100
402.725900 174.699400 399.423200 176.852200
405.238700 175.529800 401.917500 177.627900
407.810400 176.369600 404.454400 178.505800
410.380800 177.246300 407.021800 179.329200
412.944100 178.091800 409.565600 180.276900
415.502100 178.907300 412.087700 181.190900
417.987000 179.722000 414.589700 182.096200
420.400700 180.499000 417.037000 182.911500
422.723500 181.229600 419.396000 183.734100
424.970600 181.953100 421.648900 184.531800
427.191300 182.654700 423.845500 185.351300
429.364900 183.330700 426.032200 186.069500
431.542400 184.015100 428.201200 186.726800
433.709700 184.706100 430.363500 187.371900
435.894400 185.396800 432.562600 187.996100
437.987000 186.094800 434.684200 188.736000
439.976500 186.775400 436.743200 189.432900
441.889500 187.423200 438.704100 190.134500
443.709700 188.041300 440.582100 190.804600
445.449300 188.641500 442.356200 191.430800
447.056300 189.201200 444.040000 191.940600
448.590500 189.739900 445.609500 192.536400
450.015000 190.249300 447.107000 193.064000
451.352700 190.721500 448.047400 193.375200
452.596100 191.161200 449.377100 193.863700
453.710200 191.550200 450.571100 194.398600
454.731200 191.911400 451.647700 194.882200
455.653200 192.246800 452.636900 195.321400
456.505300 192.533700 453.569900 195.631600
457.319300 192.826200 454.410600 195.937500
458.109900 193.111500 455.225200 196.222300
458.896600 193.410900 456.018200 196.491400
459.697700 193.760100 456.778700 196.841300
460.531700 194.165900 457.580600 197.182700
461.370300 194.631800 458.392700 197.624500
462.158600 195.139900 459.169800 198.177000
462.899600 195.612800 459.702200 198.507100
463.586200 195.962000 460.489600 198.933000
464.354300 196.273600 461.262300 199.183100
465.139400 196.550800 461.988400 199.471000
465.948600 196.799800 462.762900 199.722000
466.714000 197.006300 463.579800 199.932900
467.409700 197.209000 464.381600 200.138200
468.004600 197.427000 465.079800 200.380300
468.491000 197.643300 465.675000 200.672100
468.884200 197.788300 466.185200 200.888500
469.204000 197.984300 466.452400 201.056100
469.473000 198.134800 466.670400 201.221900
469.708700 198.262200 466.864400 201.375300
469.857800 198.400100 466.957500 201.579900
469.984600 198.505100 467.016000 201.659200
470.093200 198.600100 467.165300 201.779900
