0.000000 -0.000000 0.000000 0.000000
0.287920 2.986691 0.196272 2.983046
0.971569 5.887651 0.894012 5.880150
2.050498 8.646240 1.952598 8.641256
3.483068 11.215600 3.797240 10.453050
5.252124 13.530580 6.681585 10.445790
7.315983 15.554830 7.636105 10.614810
9.617499 17.248350 4.832876 10.233590
12.138440 18.605410 3.635201 11.076400
14.845670 19.655580 5.838379 12.999670
17.710960 20.442900 8.288730 14.700260
20.708720 20.958900 10.994060 16.167280
23.853650 21.214680 13.909630 17.462930
27.127230 21.215640 17.045360 18.521120
30.502910 21.029600 20.315430 19.472830
33.942320 20.718590 23.711910 20.272790
37.526800 20.278900 27.318400 21.015170
41.305500 19.746480 31.152990 21.596730
45.281370 19.137530 35.175570 22.326600
49.442010 18.473180 39.393400 23.033670
53.784140 17.768220 43.791460 23.779240
58.319700 17.046980 48.368380 24.595930
63.045640 16.314830 53.145500 25.414380
67.933580 15.564290 58.044260 26.332560
72.949570 14.807080 63.071920 27.295370
78.112070 14.037650 68.256350 28.207780
83.403150 13.249300 73.547590 29.214120
88.827470 12.428430 78.994150 30.179530
94.384170 11.569350 84.562110 31.208580
100.052700 10.639880 90.240250 32.225940
105.791000 9.611618 96.040610 33.077050
111.620600 8.486629 101.932200 34.021380
117.518200 7.246929 107.925800 34.831150
123.481700 5.883248 114.043800 35.365800
129.500400 4.402279 120.254800 35.822480
135.583700 2.806947 126.551600 36.190260
141.730400 1.132152 132.940100 36.474200
147.930500 -0.644931 139.401600 36.760940
154.181200 -2.533182 145.948100 36.996830
160.473700 -4.525316 152.569800 37.145220
166.825700 -6.614701 159.272200 37.336110
173.224500 -8.806086 166.054000 37.396970
179.671400 -11.085600 172.909100 37.398460
186.169900 -13.447970 179.841600 37.299360
192.708700 -15.908790 186.850800 37.337900
199.295800 -18.474840 193.912100 37.219990
205.877000 -21.127230 201.023500 37.103740
212.474400 -23.878960 208.161000 36.764790
219.085400 -26.695130 215.334400 36.408260
225.674300 -29.566300 222.515700 35.933470
232.258400 -32.511370 229.696500 35.293650
238.826600 -35.515520 236.880900 34.550220
245.357100 -38.591140 244.056500 33.859630
251.842400 -41.746310 251.247900 33.520510
258.295100 -44.977770 258.463800 33.145480
264.734000 -48.300070 265.670200 32.199250
271.174400 -51.720410 272.919300 31.309760
277.658000 -55.253110 280.265100 30.366750
284.188500 -58.892510 287.694700 29.347690
290.770400 -62.649290 295.232100 28.275720
297.421200 -66.505210 302.846400 27.105910
304.114100 -70.451700 310.554600 25.908520
310.871400 -74.512450 318.363300 24.624610
317.638300 -78.729880 326.236000 23.234690
324.412000 -83.100090 334.094200 21.407160
331.147700 -87.570510 341.972200 19.610260
337.838900 -92.151540 349.891400 17.893960
344.489200 -96.836160 357.834300 16.122120
351.109400 -101.590900 365.783200 14.294330
357.680900 -106.441100 373.746200 12.499740
364.205100 -111.363100 381.652300 10.505170
370.654300 -116.349400 389.605100 8.744640
377.044400 -121.373300 397.509100 7.189731
383.353100 -126.497900 405.163900 8.137821
389.648900 -131.627300 412.383600 7.929915
395.838500 -136.824400 414.975300 7.305474
401.977500 -142.068800 420.193400 7.177788
408.063900 -147.386100 428.031900 5.329576
414.119900 -152.725600 435.655700 2.667460
420.140100 -158.070100 443.248600 0.045500
426.135700 -163.442300 450.667700 -3.025257
432.096100 -168.831000 458.214600 -4.797416
438.042000 -174.202900 465.658800 -7.767939
444.039200 -179.520000 472.835300 -11.304010
450.064000 -184.791600 480.164400 -14.533240
456.158000 -189.992400 487.599000 -17.526760
462.246200 -195.183000 494.953800 -20.677760
468.350900 -200.337600 502.280400 -23.868630
474.468300 -205.478700 509.559800 -27.163750
480.606000 -210.588600 516.956400 -30.172370
486.757700 -215.677000 524.355400 -33.172480
492.916600 -220.757600 531.744600 -36.194790
499.072200 -225.827000 539.143000 -39.166100
505.239000 -230.914300 546.451700 -42.392880
511.393900 -235.996900 553.807500 -45.486720
517.549300 -241.076200 561.130000 -48.665510
523.710600 -246.155700 568.621900 -51.440140
529.865100 -251.222800 575.980000 -54.516460
536.037700 -256.292500 583.407700 -57.463230
542.213600 -261.366100 590.735800 -60.663450
548.376000 -266.436600 598.169300 -63.565970
554.549300 -271.525400 605.555500 -66.645810
560.720400 -276.614600 612.945600 -69.707260
566.895900 -281.702100 620.268700 -72.943650
573.077300 -286.787100 627.724800 -75.860560
579.254000 -291.852900 635.128400 -78.861830
585.438300 -296.913900 642.185400 -82.615060
591.610800 -301.938300 649.513100 -85.736190
597.802700 -306.948800 656.797800 -88.962740
604.002400 -311.952300 664.010900 -92.351670
610.204100 -316.963500 671.195200 -95.822150
616.401400 -321.978100 678.586000 -98.815730
622.606700 -326.989100 685.869200 -102.078500
628.813800 -331.994200 693.153100 -105.319900
635.032400 -336.999800 700.477900 -108.507300
641.237400 -341.988600 707.738300 -111.790300
647.445400 -346.968600 714.886600 -115.302700
653.662300 -351.935500 722.093600 -118.674600
659.877900 -356.880600 729.384000 -121.842800
666.112000 -361.828900 736.716600 -124.953300
672.350500 -366.769500 744.005700 -128.156300
678.587600 -371.720300 751.387900 -131.126300
684.819800 -376.684200 758.714100 -134.262300
691.040800 -381.648800 766.017400 -137.434500
697.271000 -386.614300 773.343800 -140.577300
703.506500 -391.568600 780.364200 -144.334200
709.744100 -396.517700 787.633800 -147.583800
715.983900 -401.433800 794.717100 -151.184200
722.229600 -406.329600 801.778200 -154.804100
728.498300 -411.207700 808.981800 -158.143500
734.766400 -416.073400 816.107100 -161.645000
741.047900 -420.934000 823.484300 -164.595200
747.328900 -425.791700 830.748500 -167.799300
753.611600 -430.654100 837.945900 -171.158000
759.909100 -435.497600 845.091000 -174.634500
766.234600 -440.329500 852.348100 -177.912700
772.573000 -445.140400 859.670600 -181.033700
778.917600 -449.932200 867.036900 -184.030600
785.270600 -454.711000 874.190300 -187.506400
791.604400 -459.487600 881.490000 -190.608700
797.914000 -464.271400 888.742300 -193.787800
804.202800 -469.044800 896.053300 -196.763900
810.490200 -473.819600 903.299300 -199.902400
816.791500 -478.590500 910.586800 -202.951300
823.116400 -483.340400 917.791000 -206.218700
829.464500 -488.061400 924.929100 -209.631300
835.854100 -492.776100 932.207100 -212.687500
842.262300 -497.485400 939.653600 -215.484500
848.682700 -502.196400 947.129700 -218.217100
855.114700 -506.913500 954.536200 -221.121700
861.557000 -511.637000 962.018100 -223.919800
868.011600 -516.355400 969.510500 -226.721800
874.441900 -521.049300 976.907800 -229.672400
880.882200 -525.706500 984.060900 -233.139000
887.323800 -530.307900 991.295100 -236.367300
893.755000 -534.861900 998.534400 -239.476500
900.174200 -539.374300 1005.790000 -242.475800
906.591000 -543.848100 1003.305000 -241.633900
912.989900 -548.291900 996.018900 -238.865300
919.400600 -552.731200 998.395500 -239.899600
925.806600 -557.125700 995.746200 -239.400200
932.226300 -561.535200 998.161400 -240.364600
938.632500 -565.932700 1005.341000 -243.313000
945.057500 -570.322000 1012.590000 -246.137500
951.507700 -574.710200 1019.656000 -249.426700
957.980400 -579.074900 1026.928000 -252.285200
964.464000 -583.424600 1034.134000 -255.214000
970.963300 -587.758200 1041.489000 -257.875700
977.455300 -592.093300 1048.798000 -260.624800
983.961700 -596.421100 1056.118000 -263.381500
990.461700 -600.766400 1063.394000 -266.260600
996.966300 -605.096100 1070.607000 -269.275400
1003.471000 -609.407800 1073.209000 -269.743900
1009.973000 -613.695400 1079.607000 -268.846200
1016.458000 -617.959200 1086.921000 -271.465400
1022.925000 -622.217200 1094.275000 -273.893500
1029.367000 -626.452700 1101.519000 -276.538900
1035.804000 -630.641600 1108.710000 -279.249500
1042.231000 -634.798800 1115.932000 -281.808300
1048.656000 -638.946200 1122.886000 -284.966500
1055.084000 -643.051500 1130.042000 -287.622300
1061.525000 -647.144100 1137.286000 -290.035100
1067.966000 -651.185500 1144.451000 -292.448000
1074.401000 -655.235300 1151.671000 -294.844600
1080.840000 -659.293400 1158.832000 -297.423000
1087.270000 -663.328400 1166.020000 -299.876900
1093.718000 -667.347400 1173.230000 -302.263200
1100.195000 -671.340900 1180.392000 -304.854000
1106.668000 -675.317100 1187.665000 -307.072600
1113.157000 -679.272000 1194.895000 -309.424400
1119.659000 -683.201000 1202.181000 -311.594100
1126.198000 -687.131900 1209.540000 -313.593300
1132.753000 -691.046400 1216.897000 -315.631900
1139.341000 -694.955400 1224.312000 -317.558200
1145.954000 -698.852200 1231.635000 -319.869300
1152.585000 -702.740800 1239.068000 -321.845500
1159.229000 -706.637800 1246.494000 -323.905200
1165.886000 -710.538400 1253.890000 -326.124000
1172.562000 -714.459000 1261.336000 -328.262300
1179.271000 -718.394000 1268.807000 -330.449000
1186.021000 -722.344800 1276.306000 -332.692900
1192.784000 -726.294800 1283.851000 -334.812300
1199.585000 -730.258400 1291.440000 -336.924600
1206.417000 -734.212600 1299.038000 -339.072200
1213.283000 -738.159200 1306.704000 -341.064800
1220.173000 -742.105200 1314.278000 -343.442000
1227.101000 -746.027900 1321.955000 -345.564200
1234.074000 -749.929400 1329.665000 -347.655800
1241.082000 -753.823500 1337.424000 -349.678900
1248.123000 -757.717500 1345.198000 -351.758700
1255.209000 -761.611600 1353.073000 -353.589700
1262.318000 -765.501500 1360.959000 -355.328000
1269.473000 -769.393200 1368.948000 -356.851300
1276.670000 -773.287000 1376.889000 -358.791800
1283.885000 -777.170800 1384.798000 -360.927700
1291.103000 -781.040700 1392.769000 -362.773300
1298.329000 -784.899000 1400.779000 -364.443500
1305.561000 -788.742100 1408.735000 -366.339600
1312.794000 -792.571300 1416.626000 -368.500500
1320.032000 -796.384600 1424.617000 -370.202000
1327.287000 -800.172300 1432.606000 -371.961000
1334.542000 -803.950000 1440.563000 -373.833000
1341.797000 -807.723100 1448.514000 -375.711500
1349.058000 -811.481900 1456.483000 -377.496800
1356.319000 -815.232700 1464.474000 -379.115500
1363.568000 -818.960500 1472.437000 -380.818700
1370.797000 -822.663500 1480.306000 -382.799700
1378.014000 -826.342400 1488.235000 -384.404600
1385.241000 -830.002800 1496.123000 -386.221900
1392.473000 -833.639800 1504.091000 -387.530400
1399.712000 -837.258600 1512.034000 -389.009200
1406.940000 -840.856000 1519.868000 -390.924000
1414.145000 -844.419900 1522.400000 -391.847800
1421.338000 -847.958700 1530.133000 -393.750600
1428.540000 -851.473700 1538.075000 -394.697500
1435.735000 -854.974700 1546.023000 -395.512000
1442.936000 -858.462100 1553.965000 -396.348000
1450.116000 -861.922600 1561.890000 -396.989900
1457.288000 -865.353900 1569.800000 -397.553300
1464.432000 -868.758100 1577.680000 -397.970400
1471.550000 -872.135000 1585.503000 -398.795600
1478.642000 -875.485100 1593.299000 -399.471700
1485.696000 -878.796500 1601.058000 -399.994500
1492.712000 -882.085000 1608.761000 -400.702600
1499.686000 -885.346400 1616.410000 -401.420200
1506.608000 -888.579300 1624.001000 -402.143900
1513.510000 -891.787400 1631.558000 -402.956200
1520.388000 -894.966500 1639.087000 -403.693900
1527.242000 -898.117000 1646.591000 -404.331000
1534.067000 -901.240100 1654.050000 -405.043400
1540.873000 -904.334900 1661.480000 -405.746300
1547.641000 -907.393900 1668.860000 -406.476200
1554.374000 -910.425200 1676.169000 -406.868600
1561.071000 -913.426300 1683.487000 -407.270600
1567.716000 -916.424100 1690.700000 -408.272000
1574.331000 -919.426300 1697.932000 -408.829400
1580.910000 -922.431500 1705.123000 -409.479800
1587.477000 -925.449400 1712.302000 -410.251700
1593.998000 -928.484000 1719.460000 -410.775100
1600.456000 -931.552300 1726.575000 -411.319200
1606.851000 -934.653500 1733.653000 -411.791700
1613.177000 -937.795300 1740.694000 -411.936800
1619.446000 -940.960600 1747.641000 -412.906400
1625.639000 -944.138700 1754.552000 -413.596200
1631.780000 -947.302000 1761.318000 -414.897000
1637.876000 -950.461600 1767.992000 -416.470700
1643.920000 -953.598100 1765.663000 -416.768800
1649.931000 -956.702500 1763.398000 -416.726600
1655.907000 -959.742900 1756.900000 -415.084100
1661.857000 -962.732200 1750.369000 -413.913800
1667.828000 -965.652000 1743.820000 -412.790000
1673.786000 -968.517000 1737.467000 -410.990500
1679.740000 -971.331200 1731.191000 -408.998100
1685.682000 -974.128800 1733.268000 -409.676900
1691.585000 -976.910500 1727.012000 -407.827700
1697.460000 -979.678900 1720.798000 -405.939000
1703.321000 -982.431100 1726.999000 -407.798100
1709.144000 -985.145100 1733.073000 -409.888900
1714.950000 -987.831400 1739.150000 -411.886500
1720.748000 -990.466700 1745.229000 -413.781600
1726.528000 -993.063100 1751.222000 -415.836000
1732.261000 -995.615600 1757.194000 -417.761200
1737.915000 -998.126400 1763.077000 -419.668600
1743.475000 -1000.590000 1768.848000 -421.582600
1748.971000 -1002.990000 1774.558000 -423.414600
1754.388000 -1005.375000 1780.183000 -425.257300
1759.751000 -1007.751000 1785.739000 -427.112500
1764.998000 -1010.123000 1791.251000 -428.733800
1770.113000 -1012.467000 1796.587000 -430.524800
1775.097000 -1014.785000 1801.779000 -432.327900
1779.954000 -1017.080000 1806.923000 -433.880200
1784.649000 -1019.347000 1811.825000 -435.657900
1789.178000 -1021.604000 1816.624000 -437.269700
1793.508000 -1023.881000 1821.200000 -439.005300
1797.645000 -1026.269000 1825.598000 -440.874400
1801.573000 -1028.814000 1829.781000 -442.980200
1805.302000 -1031.525000 1833.795000 -445.256200
1808.823000 -1034.439000 1837.672000 -447.688000
1812.120000 -1037.563000 1841.340000 -450.378000
1815.169000 -1040.921000 1844.815000 -453.305500
1817.931000 -1044.484000 1847.985000 -456.523900
1820.326000 -1048.207000 1850.840000 -459.922800
1822.465000 -1052.152000 1853.441000 -463.596000
1824.255000 -1056.260000 1855.695000 -467.485700
1825.688000 -1060.491000 1857.639000 -471.524800
1826.758000 -1064.825000 1859.224000 -475.714200
1827.464000 -1069.230000 1860.448000 -480.019100
1827.812000 -1073.687000 1861.358000 -484.414100
1827.812000 -1078.165000 1860.987000 -488.673600
1827.468000 -1082.643000 1862.802000 -487.651800
1826.704000 -1087.072000 1861.957000 -488.849600
1825.633000 -1091.489000 1862.175000 -490.517300
1824.183000 -1095.811000 1860.819000 -494.892500
1822.357000 -1099.995000 1860.315000 -499.442900
1820.139000 -1103.994000 1862.409000 -498.933700
1817.589000 -1107.799000 1862.098000 -500.420100
1814.723000 -1111.351000 1859.193000 -503.520400
1811.551000 -1114.626000 1859.514000 -501.893300
1808.088000 -1117.606000 1857.015000 -505.559300
1804.284000 -1120.246000 1854.517000 -509.307400
1800.315000 -1122.623000 1852.165000 -513.286700
1796.124000 -1124.692000 1853.224000 -512.210900
1791.742000 -1126.471000 1851.603000 -512.619600
1787.194000 -1127.955000 1854.607000 -508.895800
1782.506000 -1129.180000 1853.744000 -510.299500
1777.702000 -1130.193000 1854.746000 -509.026600
1772.797000 -1131.038000 1851.384000 -512.645600
1767.796000 -1131.740000 1848.311000 -516.638900
1762.736000 -1132.348000 1844.848000 -520.374600
1757.655000 -1132.885000 1841.564000 -524.285400
1752.565000 -1133.366000 1838.178000 -528.107200
1747.458000 -1133.818000 1834.889000 -532.040000
1742.342000 -1134.251000 1831.590000 -535.972500
1737.220000 -1134.667000 1828.246000 -539.874600
1732.115000 -1135.064000 1824.835000 -543.691600
1727.075000 -1135.441000 1821.505000 -547.491800
1722.082000 -1135.788000 1818.144000 -551.198200
1717.161000 -1136.086000 1814.739000 -554.750500
1712.341000 -1136.271000 1811.493000 -558.312900
1707.613000 -1136.285000 1808.264000 -561.763500
1703.031000 -1136.085000 1804.841000 -564.796100
1698.586000 -1135.613000 1801.483000 -567.741200
1694.241000 -1134.791000 1797.941000 -570.378700
1689.991000 -1133.671000 1794.248000 -572.746600
1685.870000 -1132.171000 1790.345000 -574.731700
1681.961000 -1130.284000 1786.301000 -576.293600
1678.306000 -1127.996000 1782.655000 -575.663500
1674.826000 -1125.267000 1778.417000 -576.886400
1671.787000 -1122.274000 1774.795000 -575.043100
1669.099000 -1118.972000 1770.623000 -575.651500
1666.783000 -1115.408000 1766.875000 -575.063500
1664.817000 -1111.609000 1763.003000 -574.028500
1663.209000 -1107.637000 1759.673000 -571.947000
1661.958000 -1103.507000 1757.265000 -571.548800
1661.115000 -1099.284000 1753.818000 -568.999300
1660.724000 -1094.939000 1750.666000 -568.956900
1660.665000 -1090.516000 1748.622000 -570.080200
1661.140000 -1086.159000 1748.939000 -568.400800
1662.049000 -1081.841000 1746.444000 -571.849300
1663.374000 -1077.556000 1742.940000 -574.623500
1665.055000 -1073.325000 1739.771000 -572.771400
1667.040000 -1069.131000 1738.770000 -571.387600
1669.233000 -1064.989000 1738.221000 -569.890400
1671.640000 -1060.840000 1737.584000 -568.439700
1674.135000 -1056.683000 1735.561000 -564.046100
1676.716000 -1052.451000 1733.427000 -559.587000
1679.381000 -1048.145000 1731.146000 -555.082300
