0 0.000172 0.013434 100.000000 12.195122
0 0.000121 0.011562 200.000000 15.384615
0 0.000108 0.012419 300.000000 17.543859
0 0.000095 0.015807 400.000000 19.138756
0 0.000101 0.017476 500.000000 20.325203
0 0.000098 0.015388 600.000000 21.126760
0 0.000088 0.015881 700.000000 21.806854
0 0.000087 0.017835 800.000000 22.284122
10 0.000124 0.013528 100.000000 12.987013
10 0.000109 0.011068 200.000000 16.129032
10 0.000109 0.010295 300.000000 18.181818
10 0.000085 0.013899 400.000000 19.704433
10 0.000104 0.014372 500.000000 20.833334
10 0.000103 0.011873 600.000000 21.582733
10 0.000088 0.012784 700.000000 22.222221
10 0.000087 0.015372 800.000000 22.662889
20 0.000086 0.013446 100.000000 13.888889
20 0.000091 0.009850 200.000000 16.949152
20 0.000100 0.008475 300.000000 18.867924
20 0.000077 0.011701 400.000000 20.304569
20 0.000109 0.011041 500.000000 21.367521
20 0.000104 0.009108 600.000000 22.140221
20 0.000086 0.011395 700.000000 22.653721
20 0.000088 0.014809 800.000000 23.121387
30 0.000100 0.011693 100.000000 14.925373
30 0.000061 0.008723 200.000000 17.857143
30 0.000086 0.006482 300.000000 19.607843
30 0.000063 0.007922 400.000000 21.052631
30 0.000110 0.005635 500.000000 22.026432
30 0.000100 0.006040 600.000000 22.641510
30 0.000087 0.010337 700.000000 23.178808
30 0.000090 0.015036 800.000000 23.529411
40 0.000134 0.010100 100.000000 16.129032
40 0.000044 0.008170 200.000000 18.867924
40 0.000071 0.006139 300.000000 20.408163
40 0.000052 0.006123 400.000000 21.739130
40 0.000123 0.002634 500.000000 22.624434
40 0.000100 0.007183 600.000000 23.166023
40 0.000091 0.012258 700.000000 23.648649
40 0.000093 0.017162 800.000000 23.952095
50 0.000044 0.008949 100.000000 17.241379
50 0.000054 0.006397 200.000000 19.801981
50 0.000073 0.004863 300.000000 21.276596
50 0.000063 0.004311 400.000000 22.471910
50 0.000127 0.005296 500.000000 23.148148
50 0.000108 0.011545 600.000000 23.715416
50 0.000100 0.016741 700.000000 24.054983
50 0.000100 0.021519 800.000000 24.316109
60 0.000023 0.008603 100.000000 18.518518
60 0.000075 0.007431 200.000000 20.618557
60 0.000083 0.005687 300.000000 21.897810
60 0.000097 0.004899 400.000000 22.988506
60 0.000122 0.003945 500.000000 23.696682
60 0.000105 0.010867 600.000000 24.096386
60 0.000101 0.015669 700.000000 24.475525
60 0.000099 0.020698 800.000000 24.691359
70 0.000035 0.008265 100.000000 19.230770
70 0.000076 0.006908 200.000000 21.276596
70 0.000077 0.005672 300.000000 22.556391
70 0.000119 0.004896 400.000000 23.529411
70 0.000121 0.004108 500.000000 24.154589
70 0.000100 0.010885 600.000000 24.489796
70 0.000102 0.015701 700.000000 24.822695
70 0.000099 0.020590 800.000000 25.000000
80 0.000120 0.009551 100.000000 20.408163
80 0.000099 0.008791 200.000000 21.978022
80 0.000079 0.009588 300.000000 23.255814
80 0.000113 0.008302 400.000000 24.096386
80 0.000110 0.000761 500.000000 24.509804
80 0.000096 0.006515 600.000000 24.896265
80 0.000094 0.011821 700.000000 25.089605
80 0.000094 0.016460 800.000000 25.316456
90 0.000156 0.011448 100.000000 21.276596
90 0.000135 0.010249 200.000000 22.471910
90 0.000087 0.012567 300.000000 23.809525
90 0.000122 0.009663 400.000000 24.539877
90 0.000113 0.002567 500.000000 24.875622
90 0.000092 0.005666 600.000000 25.210085
90 0.000093 0.010727 700.000000 25.362318
90 0.000098 0.015340 800.000000 25.477707
100 0.000202 0.016161 100.000000 21.739130
100 0.000162 0.014023 200.000000 23.255814
100 0.000091 0.016912 300.000000 24.390244
100 0.000133 0.012200 400.000000 24.844721
100 0.000103 0.005243 500.000000 25.252525
100 0.000094 0.005634 600.000000 25.423729
100 0.000095 0.009676 700.000000 25.547445
100 0.000094 0.013960 800.000000 25.723473
110 0.000136 0.006422 100.000000 22.222221
110 0.000105 0.005783 200.000000 23.809525
110 0.000098 0.006548 300.000000 24.793388
110 0.000152 0.003534 400.000000 25.157232
110 0.000121 0.011357 500.000000 25.510204
110 0.000114 0.016888 600.000000 25.641026
110 0.000110 0.021771 700.000000 25.830257
110 0.000112 0.026985 800.000000 25.889967
120 0.000138 0.005134 100.000000 22.727272
120 0.000111 0.004385 200.000000 24.096386
120 0.000153 0.005523 300.000000 25.210085
120 0.000152 0.007278 400.000000 25.477707
120 0.000122 0.014542 500.000000 25.773195
120 0.000119 0.019980 600.000000 25.862068
120 0.000114 0.025129 700.000000 25.925926
120 0.000120 0.030057 800.000000 25.974026
130 0.000134 0.009742 100.000000 23.255814
130 0.000100 0.002945 200.000000 24.691359
130 0.000195 0.003590 300.000000 25.423729
130 0.000167 0.014800 400.000000 25.641026
130 0.000133 0.021481 500.000000 25.906736
130 0.000127 0.027425 600.000000 25.974026
130 0.000128 0.032224 700.000000 26.119404
130 0.000129 0.037442 800.000000 26.143791
140 0.000140 0.008328 100.000000 23.809525
140 0.000074 0.003285 200.000000 25.000000
140 0.000190 0.003736 300.000000 25.641026
140 0.000152 0.014696 400.000000 25.974026
140 0.000123 0.020892 500.000000 26.041666
140 0.000122 0.026388 600.000000 26.086956
140 0.000123 0.031125 700.000000 26.217228
140 0.000125 0.036440 800.000000 26.229507
150 0.000113 0.007338 100.000000 23.809525
150 0.000092 0.003060 200.000000 25.641026
150 0.000206 0.008533 300.000000 25.862068
150 0.000158 0.018574 400.000000 26.143791
150 0.000137 0.024837 500.000000 26.178011
150 0.000130 0.030054 600.000000 26.200872
150 0.000126 0.035203 700.000000 26.315790
150 0.000126 0.041955 800.000000 26.315790
160 0.000133 0.004899 100.000000 25.000000
160 0.000231 0.001546 200.000000 25.974026
160 0.000219 0.016130 300.000000 26.086956
160 0.000165 0.025488 400.000000 26.315790
160 0.000148 0.031815 500.000000 26.315790
160 0.000139 0.037186 600.000000 26.315790
160 0.000146 0.041924 700.000000 26.415094
160 0.000134 0.049354 800.000000 26.402639
170 0.000100 0.003778 100.000000 25.641026
170 0.000262 0.002835 200.000000 26.315790
170 0.000205 0.017652 300.000000 26.315790
170 0.000158 0.025698 400.000000 26.315790
170 0.000144 0.031744 500.000000 26.455027
170 0.000138 0.036902 600.000000 26.431719
170 0.000145 0.042148 700.000000 26.415094
170 0.000123 0.054906 800.000000 26.490067
180 0.000099 0.002728 100.000000 25.641026
180 0.000299 0.009973 200.000000 26.315790
180 0.000217 0.024326 300.000000 26.548672
180 0.000161 0.031355 400.000000 26.490067
180 0.000152 0.037106 500.000000 26.455027
180 0.000150 0.041833 600.000000 26.548672
180 0.000147 0.047232 700.000000 26.515152
180 0.000120 0.062798 800.000000 26.490067
190 0.000152 0.005228 100.000000 26.315790
190 0.000305 0.014136 200.000000 26.315790
190 0.000205 0.026203 300.000000 26.548672
190 0.000167 0.032526 400.000000 26.490067
190 0.000153 0.037501 500.000000 26.455027
190 0.000145 0.042493 600.000000 26.548672
190 0.000142 0.049361 700.000000 26.515152
190 0.000122 0.062804 800.000000 26.490067
200 0.000408 0.009391 100.000000 26.315790
200 0.000280 0.018213 200.000000 26.315790
200 0.000185 0.027662 300.000000 26.548672
200 0.000162 0.032898 400.000000 26.490067
200 0.000151 0.037467 500.000000 26.455027
200 0.000155 0.042080 600.000000 26.431719
200 0.000138 0.049278 700.000000 26.515152
200 0.000125 0.062309 800.000000 26.402639
210 0.000493 0.007268 100.000000 25.641026
210 0.000281 0.023586 200.000000 26.315790
210 0.000185 0.030283 300.000000 26.315790
210 0.000163 0.035139 400.000000 26.490067
210 0.000159 0.039318 500.000000 26.455027
210 0.000157 0.044370 600.000000 26.431719
210 0.000130 0.062759 700.000000 26.415094
210 0.000125 0.063569 800.000000 26.402639
220 0.000574 0.016194 100.000000 25.641026
220 0.000280 0.031258 200.000000 26.315790
220 0.000194 0.035914 300.000000 26.315790
220 0.000169 0.040009 400.000000 26.315790
220 0.000166 0.043744 500.000000 26.455027
220 0.000159 0.048877 600.000000 26.431719
220 0.000127 0.066114 700.000000 26.415094
220 0.000134 0.066554 800.000000 26.315790
230 0.000347 0.009914 100.000000 25.641026
230 0.000168 0.017479 200.000000 26.315790
230 0.000138 0.019674 300.000000 26.315790
230 0.000126 0.022724 400.000000 26.315790
230 0.000128 0.026261 500.000000 26.455027
230 0.000124 0.032667 600.000000 26.431719
230 0.000103 0.052415 700.000000 26.415094
230 0.000106 0.051380 800.000000 26.315790
240 0.000117 0.005188 100.000000 25.641026
240 0.000074 0.004958 200.000000 25.974026
240 0.000080 0.005229 300.000000 26.315790
240 0.000078 0.006462 400.000000 26.315790
240 0.000102 0.009802 500.000000 26.315790
240 0.000088 0.030795 600.000000 26.431719
240 0.000083 0.042143 700.000000 26.315790
240 0.000081 0.039695 800.000000 26.229507
250 0.000103 0.008873 100.000000 25.641026
250 0.000055 0.007970 200.000000 25.974026
250 0.000064 0.005807 300.000000 26.315790
250 0.000076 0.004261 400.000000 26.315790
250 0.000086 0.006049 500.000000 26.315790
250 0.000070 0.045024 600.000000 26.315790
250 0.000078 0.040050 700.000000 26.315790
250 0.000071 0.037049 800.000000 26.229507
260 0.000050 0.013374 100.000000 25.641026
260 0.000034 0.013341 200.000000 25.974026
260 0.000045 0.010983 300.000000 26.315790
260 0.000061 0.008037 400.000000 26.315790
260 0.000074 0.004515 500.000000 26.315790
260 0.000058 0.044124 600.000000 26.315790
260 0.000072 0.038285 700.000000 26.315790
260 0.000060 0.034543 800.000000 26.143791
270 0.000037 0.009795 100.000000 25.641026
270 0.000052 0.010085 200.000000 25.974026
270 0.000060 0.007027 300.000000 26.315790
270 0.000083 0.004823 400.000000 26.315790
270 0.000085 0.007201 500.000000 26.315790
270 0.000069 0.044975 600.000000 26.315790
270 0.000075 0.039565 700.000000 26.217228
270 0.000067 0.036264 800.000000 26.143791
280 0.000035 0.009147 100.000000 25.641026
280 0.000059 0.007303 200.000000 25.974026
280 0.000073 0.004905 300.000000 26.315790
280 0.000100 0.005373 400.000000 26.315790
280 0.000079 0.043371 500.000000 26.315790
280 0.000077 0.045806 600.000000 26.315790
280 0.000077 0.040958 700.000000 26.217228
280 0.000067 0.037920 800.000000 26.058632
290 0.000053 0.013387 100.000000 25.641026
290 0.000041 0.010472 200.000000 25.974026
290 0.000079 0.007654 300.000000 26.315790
290 0.000085 0.005480 400.000000 26.315790
290 0.000060 0.053046 500.000000 26.315790
290 0.000079 0.045041 600.000000 26.200872
290 0.000065 0.039960 700.000000 26.119404
290 0.000062 0.036370 800.000000 26.058632
300 0.000048 0.010392 100.000000 25.641026
300 0.000077 0.006927 200.000000 25.974026
300 0.000091 0.004159 300.000000 26.315790
300 0.000097 0.007318 400.000000 26.315790
300 0.000076 0.053958 500.000000 26.315790
300 0.000088 0.046279 600.000000 26.200872
300 0.000073 0.041662 700.000000 26.119404
300 0.000070 0.038374 800.000000 26.058632
310 0.000069 0.009508 100.000000 25.641026
310 0.000084 0.006043 200.000000 25.974026
310 0.000118 0.004579 300.000000 26.086956
310 0.000101 0.016510 400.000000 26.315790
310 0.000086 0.054249 500.000000 26.178011
310 0.000086 0.046438 600.000000 26.200872
310 0.000076 0.041723 700.000000 26.022305
310 0.000070 0.038486 800.000000 26.058632
320 0.000096 0.006528 100.000000 25.641026
320 0.000104 0.004274 200.000000 25.974026
320 0.000131 0.006545 300.000000 26.086956
320 0.000090 0.054220 400.000000 26.315790
320 0.000090 0.054997 500.000000 26.178011
320 0.000085 0.047704 600.000000 26.086956
320 0.000069 0.043157 700.000000 26.022305
320 0.000072 0.039897 800.000000 26.058632
330 0.000116 0.005719 100.000000 25.641026
330 0.000128 0.004981 200.000000 25.974026
330 0.000132 0.008684 300.000000 26.086956
330 0.000082 0.067613 400.000000 26.143791
330 0.000102 0.055508 500.000000 26.178011
330 0.000080 0.048625 600.000000 26.086956
330 0.000076 0.043862 700.000000 26.022305
330 0.000078 0.040819 800.000000 26.058632
340 0.000099 0.009729 100.000000 25.641026
340 0.000103 0.005580 200.000000 25.974026
340 0.000109 0.008434 300.000000 26.086956
340 0.000076 0.066745 400.000000 26.143791
340 0.000089 0.054367 500.000000 26.178011
340 0.000075 0.046739 600.000000 25.974026
340 0.000071 0.041533 700.000000 26.022305
340 0.000072 0.038103 800.000000 26.058632
350 0.000113 0.008944 100.000000 25.641026
350 0.000143 0.007070 200.000000 25.974026
350 0.000107 0.020275 300.000000 26.086956
350 0.000088 0.066827 400.000000 26.143791
350 0.000086 0.054422 500.000000 26.041666
350 0.000074 0.046652 600.000000 25.974026
350 0.000070 0.041333 700.000000 25.925926
350 0.000075 0.037948 800.000000 26.143791
360 0.000145 0.009435 100.000000 25.641026
360 0.000145 0.006003 200.000000 25.974026
360 0.000086 0.087997 300.000000 26.086956
360 0.000088 0.066722 400.000000 26.143791
360 0.000080 0.054392 500.000000 26.041666
360 0.000068 0.046413 600.000000 25.862068
360 0.000068 0.040846 700.000000 26.022305
360 0.000075 0.037645 800.000000 26.143791
370 0.000166 0.007208 100.000000 25.641026
370 0.000142 0.006238 200.000000 25.974026
370 0.000075 0.088456 300.000000 26.086956
370 0.000100 0.067014 400.000000 25.974026
370 0.000076 0.054930 500.000000 25.906736
370 0.000072 0.046829 600.000000 25.862068
370 0.000074 0.041361 700.000000 26.022305
370 0.000080 0.038515 800.000000 26.143791
380 0.000134 0.007824 100.000000 25.641026
380 0.000120 0.006617 200.000000 25.974026
380 0.000071 0.088077 300.000000 26.086956
380 0.000086 0.066513 400.000000 25.974026
380 0.000071 0.053865 500.000000 25.906736
380 0.000065 0.045491 600.000000 25.862068
380 0.000067 0.039813 700.000000 26.022305
380 0.000083 0.036594 800.000000 26.143791
390 0.000202 0.008952 100.000000 25.641026
390 0.000106 0.079529 200.000000 25.974026
390 0.000087 0.088070 300.000000 26.086956
390 0.000082 0.066606 400.000000 25.974026
390 0.000072 0.053791 500.000000 25.773195
390 0.000066 0.045310 600.000000 25.862068
390 0.000075 0.039756 700.000000 26.022305
390 0.000089 0.036754 800.000000 26.143791
400 0.000158 0.008864 100.000000 25.641026
400 0.000064 0.131467 200.000000 25.974026
400 0.000082 0.087914 300.000000 25.862068
400 0.000068 0.066326 400.000000 25.806452
400 0.000058 0.053180 500.000000 25.773195
400 0.000061 0.044411 600.000000 25.862068
400 0.000069 0.038642 700.000000 26.119404
400 0.000085 0.035379 800.000000 26.229507
410 0.000161 0.006760 100.000000 25.641026
410 0.000061 0.131745 200.000000 25.974026
410 0.000091 0.087999 300.000000 25.862068
410 0.000062 0.066341 400.000000 25.806452
410 0.000062 0.053069 500.000000 25.773195
410 0.000067 0.044333 600.000000 25.974026
410 0.000074 0.038727 700.000000 26.119404
410 0.000087 0.035736 800.000000 26.229507
420 0.000103 0.005284 100.000000 25.641026
420 0.000049 0.131561 200.000000 25.641026
420 0.000069 0.087941 300.000000 25.862068
420 0.000054 0.065972 400.000000 25.641026
420 0.000050 0.052559 500.000000 25.773195
420 0.000056 0.043650 600.000000 25.974026
420 0.000076 0.037641 700.000000 26.119404
420 0.000077 0.034155 800.000000 26.143791
430 0.000029 0.210453 100.000000 25.641026
430 0.000041 0.131764 200.000000 25.641026
430 0.000049 0.088255 300.000000 25.641026
430 0.000041 0.066166 400.000000 25.641026
430 0.000040 0.052718 500.000000 25.773195
430 0.000052 0.043673 600.000000 25.974026
430 0.000074 0.037235 700.000000 26.119404
430 0.000073 0.032914 800.000000 26.143791
440 0.000032 0.263109 100.000000 25.641026
440 0.000068 0.131823 200.000000 25.641026
440 0.000043 0.088132 300.000000 25.641026
440 0.000041 0.065827 400.000000 25.641026
440 0.000046 0.052468 500.000000 25.773195
440 0.000059 0.043592 600.000000 26.086956
440 0.000085 0.037515 700.000000 26.119404
440 0.000072 0.033983 800.000000 26.143791
450 0.000035 0.263016 100.000000 25.000000
450 0.000073 0.131984 200.000000 25.641026
450 0.000039 0.088144 300.000000 25.641026
450 0.000042 0.065920 400.000000 25.641026
450 0.000050 0.052458 500.000000 25.773195
450 0.000068 0.043485 600.000000 26.086956
450 0.000079 0.037224 700.000000 26.119404
450 0.000071 0.033506 800.000000 26.058632
460 0.000044 0.262568 100.000000 25.000000
460 0.000061 0.132263 200.000000 25.316456
460 0.000040 0.088269 300.000000 25.423729
460 0.000041 0.066070 400.000000 25.641026
460 0.000049 0.052571 500.000000 25.906736
460 0.000074 0.043378 600.000000 26.086956
460 0.000076 0.036947 700.000000 26.119404
460 0.000070 0.033055 800.000000 25.974026
470 0.000103 0.053307 100.000000 25.000000
470 0.000078 0.027239 200.000000 25.316456
470 0.000053 0.018077 300.000000 25.423729
470 0.000056 0.013399 400.000000 25.641026
470 0.000067 0.010887 500.000000 25.906736
470 0.000093 0.011117 600.000000 26.086956
470 0.000087 0.014693 700.000000 26.119404
470 0.000081 0.018935 800.000000 25.889967
480 0.000170 0.006217 100.000000 25.000000
480 0.000077 0.005746 200.000000 25.316456
480 0.000063 0.005790 300.000000 25.423729
480 0.000068 0.006355 400.000000 25.641026
480 0.000079 0.008693 500.000000 26.041666
480 0.000102 0.013379 600.000000 26.086956
480 0.000084 0.018812 700.000000 26.119404
480 0.000089 0.023575 800.000000 25.806452
490 0.000141 0.006734 100.000000 25.000000
490 0.000063 0.004415 200.000000 25.316456
490 0.000060 0.004495 300.000000 25.423729
490 0.000066 0.004819 400.000000 25.806452
490 0.000086 0.006960 500.000000 26.041666
490 0.000095 0.012219 600.000000 26.200872
490 0.000083 0.017591 700.000000 26.022305
490 0.000093 0.022183 800.000000 25.723473
500 0.000081 0.013149 100.000000 25.000000
500 0.000052 0.009222 200.000000 25.000000
500 0.000045 0.008158 300.000000 25.423729
500 0.000060 0.006937 400.000000 25.806452
500 0.000087 0.006294 500.000000 26.041666
500 0.000084 0.009579 600.000000 26.200872
500 0.000080 0.014211 700.000000 25.925926
500 0.000088 0.018548 800.000000 25.559105
510 0.000061 0.010637 100.000000 25.000000
510 0.000022 0.008306 200.000000 25.000000
510 0.000043 0.008429 300.000000 25.423729
510 0.000061 0.006848 400.000000 25.974026
510 0.000095 0.006642 500.000000 26.178011
510 0.000085 0.010688 600.000000 26.086956
510 0.000082 0.015262 700.000000 25.830257
510 0.000091 0.019719 800.000000 25.396826
520 0.000030 0.010227 100.000000 24.390244
520 0.000017 0.012164 200.000000 25.000000
520 0.000041 0.011733 300.000000 25.641026
520 0.000063 0.009350 400.000000 25.974026
520 0.000090 0.006908 500.000000 26.178011
520 0.000072 0.008850 600.000000 26.086956
520 0.000077 0.012759 700.000000 25.735294
520 0.000089 0.017275 800.000000 25.236593
530 0.000012 0.012252 100.000000 24.390244
530 0.000024 0.011705 200.000000 25.000000
530 0.000046 0.010942 300.000000 25.641026
530 0.000078 0.008125 400.000000 25.974026
530 0.000090 0.006877 500.000000 26.178011
530 0.000076 0.010227 600.000000 26.086956
530 0.000087 0.014551 700.000000 25.641026
530 0.000084 0.019563 800.000000 25.078369
540 0.000018 0.012028 100.000000 24.390244
540 0.000034 0.012632 200.000000 25.316456
540 0.000057 0.011099 300.000000 25.862068
540 0.000088 0.008032 400.000000 26.143791
540 0.000085 0.007818 500.000000 26.178011
540 0.000080 0.011344 600.000000 25.974026
540 0.000089 0.015567 700.000000 25.454546
540 0.000080 0.020889 800.000000 24.844721
550 0.000020 0.011295 100.000000 24.390244
550 0.000041 0.012322 200.000000 25.316456
550 0.000062 0.009849 300.000000 26.086956
550 0.000104 0.007624 400.000000 26.315790
550 0.000093 0.010066 500.000000 26.178011
550 0.000093 0.014302 600.000000 25.862068
550 0.000097 0.018755 700.000000 25.362318
550 0.000082 0.024088 800.000000 24.464832
560 0.000054 0.012634 100.000000 24.390244
560 0.000073 0.011189 200.000000 25.641026
560 0.000090 0.007874 300.000000 26.086956
560 0.000117 0.007335 400.000000 26.315790
560 0.000089 0.012356 500.000000 26.178011
560 0.000095 0.016997 600.000000 25.751074
560 0.000104 0.022077 700.000000 25.179855
560 0.000080 0.027029 800.000000 24.024025
570 0.000042 0.011301 100.000000 25.000000
570 0.000065 0.010382 200.000000 25.974026
570 0.000101 0.006781 300.000000 26.315790
570 0.000111 0.007527 400.000000 26.315790
570 0.000092 0.012407 500.000000 26.178011
570 0.000101 0.017380 600.000000 25.641026
570 0.000096 0.022774 700.000000 25.000000
570 0.000080 0.026834 800.000000 23.598820
580 0.000050 0.014006 100.000000 25.000000
580 0.000079 0.010989 200.000000 25.974026
580 0.000115 0.006750 300.000000 26.315790
580 0.000103 0.008211 400.000000 26.490067
580 0.000093 0.013089 500.000000 26.041666
580 0.000101 0.017758 600.000000 25.531916
580 0.000089 0.023749 700.000000 24.734982
580 0.000076 0.026646 800.000000 23.054754
590 0.000069 0.013478 100.000000 25.641026
590 0.000095 0.008825 200.000000 26.315790
590 0.000137 0.006678 300.000000 26.548672
590 0.000113 0.011786 400.000000 26.315790
590 0.000110 0.016800 500.000000 26.041666
590 0.000112 0.021850 600.000000 25.316456
590 0.000092 0.027561 700.000000 24.305555
590 0.000072 0.028969 800.000000 22.662889
600 0.000100 0.013882 100.000000 25.641026
600 0.000117 0.009026 200.000000 26.315790
600 0.000144 0.008540 300.000000 26.548672
600 0.000101 0.013948 400.000000 26.315790
600 0.000108 0.018630 500.000000 25.773195
600 0.000113 0.023710 600.000000 25.104603
600 0.000086 0.028553 700.000000 23.809525
600 0.000072 0.028068 800.000000 22.222221
610 0.000086 0.013018 100.000000 25.641026
610 0.000139 0.008059 200.000000 26.666666
610 0.000135 0.009072 300.000000 26.548672
610 0.000105 0.014591 400.000000 26.143791
610 0.000113 0.019097 500.000000 25.641026
610 0.000107 0.024621 600.000000 24.793388
610 0.000087 0.028366 700.000000 23.178808
610 0.000069 0.025927 800.000000 21.798365
620 0.000128 0.010690 100.000000 26.315790
620 0.000159 0.005295 200.000000 26.666666
620 0.000127 0.009294 300.000000 26.548672
620 0.000105 0.014628 400.000000 25.974026
620 0.000115 0.019486 500.000000 25.380711
620 0.000098 0.025767 600.000000 24.390244
620 0.000081 0.028010 700.000000 22.653721
620 0.000066 0.023666 800.000000 21.505377
630 0.000135 0.008559 100.000000 26.315790
630 0.000170 0.005618 200.000000 26.666666
630 0.000127 0.012133 300.000000 26.315790
630 0.000118 0.017208 400.000000 25.806452
630 0.000121 0.021910 500.000000 25.000000
630 0.000098 0.027332 600.000000 23.904383
630 0.000074 0.028165 700.000000 22.082020
630 0.000064 0.022402 800.000000 21.164021
640 0.000144 0.010425 100.000000 26.315790
640 0.000157 0.005331 200.000000 26.666666
640 0.000107 0.010493 300.000000 26.086956
640 0.000114 0.014611 400.000000 25.477707
640 0.000114 0.019621 500.000000 24.752476
640 0.000085 0.023971 600.000000 23.166023
640 0.000064 0.023177 700.000000 21.538462
640 0.000058 0.017830 800.000000 20.725389
650 0.000204 0.008512 100.000000 26.315790
650 0.000141 0.008034 200.000000 26.315790
650 0.000110 0.012921 300.000000 25.862068
650 0.000110 0.017369 400.000000 25.157232
650 0.000111 0.022461 500.000000 24.271845
650 0.000084 0.025417 600.000000 22.471910
650 0.000064 0.022478 700.000000 21.084337
650 0.000056 0.016767 800.000000 20.304569
660 0.000223 0.008567 100.000000 26.315790
660 0.000137 0.008179 200.000000 25.974026
660 0.000100 0.012036 300.000000 25.641026
660 0.000115 0.015656 400.000000 24.844721
660 0.000092 0.021245 500.000000 23.809525
660 0.000073 0.022742 600.000000 21.818182
660 0.000055 0.018816 700.000000 20.771513
660 0.000045 0.013890 800.000000 19.851116
670 0.000221 0.006870 100.000000 25.641026
670 0.000099 0.007532 200.000000 25.974026
670 0.000104 0.011023 300.000000 25.210085
670 0.000119 0.014975 400.000000 24.390244
670 0.000083 0.019612 500.000000 23.041475
670 0.000061 0.019860 600.000000 21.201414
670 0.000054 0.015547 700.000000 20.348837
670 0.000253 0.016218 800.000000 19.417477
680 0.000144 0.005769 100.000000 25.641026
680 0.000076 0.006244 200.000000 25.641026
680 0.000107 0.008363 300.000000 24.793388
680 0.000094 0.012527 400.000000 23.952095
680 0.000070 0.015415 500.000000 22.222221
680 0.000050 0.014746 600.000000 20.689655
680 0.000041 0.011172 700.000000 19.886364
680 0.000306 0.013662 800.000000 19.093079
690 0.000075 0.007476 100.000000 25.641026
690 0.000059 0.006091 200.000000 25.316456
690 0.000093 0.006480 300.000000 24.390244
690 0.000079 0.009768 400.000000 23.529411
690 0.000058 0.011495 500.000000 21.459227
690 0.000040 0.010661 600.000000 20.202021
690 0.000030 0.008357 700.000000 19.444445
700 0.000035 0.009737 100.000000 25.000000
700 0.000049 0.008490 200.000000 24.691359
700 0.000088 0.007301 300.000000 24.000000
700 0.000058 0.007721 400.000000 22.857143
700 0.000035 0.008630 500.000000 20.833334
700 0.000032 0.007978 600.000000 19.867550
700 0.000019 0.007073 700.000000 18.970190
710 0.000033 0.010171 100.000000 25.000000
710 0.000046 0.009137 200.000000 24.390244
710 0.000093 0.006905 300.000000 23.622047
710 0.000046 0.006640 400.000000 21.978022
710 0.000031 0.007424 500.000000 20.161291
710 0.000027 0.006689 600.000000 19.417477
710 0.000332 0.011234 700.000000 18.567638
720 0.000025 0.010468 100.000000 24.390244
720 0.000086 0.008672 200.000000 23.809525
720 0.000079 0.006950 300.000000 23.076923
720 0.000051 0.007599 400.000000 21.164021
720 0.000027 0.008260 500.000000 19.607843
720 0.000028 0.007309 600.000000 18.987341
730 0.000057 0.009239 100.000000 23.809525
730 0.000104 0.007873 200.000000 23.529411
730 0.000073 0.008523 300.000000 22.556391
730 0.000051 0.009318 400.000000 20.304569
730 0.000033 0.008708 500.000000 19.230770
730 0.000022 0.007301 600.000000 18.518518
740 0.000092 0.010604 100.000000 23.809525
740 0.000112 0.008272 200.000000 22.988506
740 0.000062 0.007608 300.000000 21.739130
740 0.000029 0.008083 400.000000 19.704433
740 0.000030 0.007437 500.000000 18.867924
740 0.000013 0.006748 600.000000 18.072289
750 0.000137 0.008122 100.000000 23.255814
750 0.000148 0.007819 200.000000 22.471910
750 0.000068 0.010554 300.000000 20.833334
750 0.000044 0.010485 400.000000 19.047619
750 0.000039 0.008100 500.000000 18.518518
750 0.000390 0.013646 600.000000 17.751480
760 0.000161 0.007788 100.000000 22.727272
760 0.000121 0.007387 200.000000 21.978022
760 0.000064 0.008669 300.000000 20.000000
760 0.000030 0.008685 400.000000 18.604650
760 0.000029 0.006945 500.000000 18.050541
770 0.000153 0.008691 100.000000 22.222221
770 0.000083 0.007683 200.000000 21.505377
770 0.000053 0.007717 300.000000 19.230770
770 0.000028 0.007523 400.000000 18.181818
770 0.000017 0.006585 500.000000 17.605635
780 0.000175 0.008740 100.000000 21.739130
780 0.000069 0.007081 200.000000 20.833334
780 0.000026 0.006940 300.000000 18.518518
780 0.000023 0.006498 400.000000 17.857143
780 0.000011 0.006301 500.000000 17.241379
790 0.000181 0.006922 100.000000 21.276596
790 0.000047 0.005636 200.000000 19.801981
790 0.000021 0.005991 300.000000 17.964071
790 0.000017 0.005609 400.000000 17.543859
790 0.000444 0.014260 500.000000 16.891891
800 0.000073 0.007840 100.000000 20.833334
800 0.000040 0.006560 200.000000 18.867924
800 0.000014 0.005863 300.000000 17.441860
800 0.000014 0.005870 400.000000 17.167381
800 0.000427 0.014031 500.000000 16.666666
810 0.000091 0.005539 100.000000 20.408163
810 0.000035 0.005206 200.000000 18.018019
810 0.000009 0.005543 300.000000 17.142857
810 0.000020 0.006270 400.000000 16.806723
820 0.000049 0.006986 100.000000 19.607843
820 0.000030 0.007377 200.000000 17.241379
820 0.000027 0.007084 300.000000 16.853933
820 0.000039 0.007409 400.000000 16.393442
830 0.000091 0.009353 100.000000 18.518518
830 0.000061 0.010057 200.000000 16.666666
830 0.000041 0.008792 300.000000 16.574585
830 0.000298 0.012623 400.000000 16.129032
840 0.000118 0.012847 100.000000 17.241379
840 0.000072 0.011007 200.000000 16.129032
840 0.000046 0.009445 300.000000 16.304348
840 0.000519 0.017062 400.000000 15.873015
850 0.000069 0.012687 100.000000 16.393442
850 0.000067 0.009967 200.000000 15.873015
850 0.000048 0.009531 300.000000 15.957447
860 0.000028 0.010561 100.000000 15.625000
860 0.000042 0.006972 200.000000 15.625000
860 0.000043 0.007152 300.000000 15.625000
870 0.000053 0.009293 100.000000 14.925373
870 0.000046 0.007534 200.000000 15.503876
870 0.000055 0.007721 300.000000 15.384615
880 0.000078 0.009430 100.000000 14.705882
880 0.000047 0.008122 200.000000 15.503876
880 0.000189 0.011609 300.000000 15.306123
890 0.000068 0.007904 100.000000 14.705882
890 0.000035 0.007441 200.000000 15.625000
890 0.000713 0.021889 300.000000 15.306123
900 0.000108 0.008172 100.000000 14.925373
900 0.000058 0.009101 200.000000 15.625000
900 0.000705 0.024269 300.000000 15.306123
910 0.000098 0.011010 100.000000 14.925373
910 0.000057 0.010472 200.000000 15.503876
920 0.000087 0.009974 100.000000 15.384615
920 0.000060 0.010032 200.000000 15.503876
930 0.000093 0.011487 100.000000 15.625000
930 0.000067 0.011471 200.000000 15.503876
940 0.000056 0.009109 100.000000 15.873015
940 0.000044 0.008245 200.000000 15.384615
950 0.000015 0.009972 100.000000 16.129032
950 0.000847 0.029291 200.000000 15.384615
960 0.000020 0.009572 100.000000 16.129032
960 0.001086 0.031136 200.000000 15.384615
970 0.000026 0.009261 100.000000 15.873015
970 0.001081 0.034309 200.000000 15.384615
980 0.000057 0.010566 100.000000 15.625000
990 0.000078 0.010775 100.000000 15.151515
1000 0.000103 0.010778 100.000000 14.705882
1010 0.001269 0.038824 100.000000 14.492754
1020 0.002161 0.058279 100.000000 14.492754
1030 0.002155 0.059468 100.000000 14.705882
