0.000000 -0.000000 0.000000 0.000000
0.287920 2.986691 0.298009 2.977632
0.971569 5.887651 0.956996 5.881995
2.050498 8.646240 1.995006 8.650105
3.483068 11.215600 3.385910 11.234520
5.252124 13.530580 5.113149 13.572150
7.315983 15.554830 7.157465 15.598750
9.617499 17.248350 9.462405 17.280990
12.138440 18.605410 11.984160 18.661400
14.845670 19.655580 14.706410 19.733620
17.710960 20.442900 17.576120 20.552930
20.708720 20.958900 20.600400 21.124430
23.853650 21.214680 23.785320 21.342910
27.127230 21.215640 27.095600 21.431260
30.502910 21.029600 30.491390 21.203850
33.942320 20.718590 33.971880 20.959930
37.526800 20.278900 37.633750 20.570420
41.305500 19.746480 41.482500 20.078420
45.281370 19.137530 45.531860 19.507720
49.442010 18.473180 49.759910 18.860340
53.784140 17.768220 54.180690 18.262750
58.319700 17.046980 58.775110 17.544040
63.045640 16.314830 63.587730 16.966440
67.933580 15.564290 68.531690 16.314540
72.949570 14.807080 73.609560 15.649080
78.112070 14.037650 78.831970 14.987340
83.403150 13.249300 84.176320 14.303890
88.827470 12.428430 89.663980 13.579230
94.384170 11.569350 95.265920 12.733250
100.052700 10.639880 100.976600 11.900030
105.791000 9.611618 106.776700 11.022640
111.620600 8.486629 112.655300 9.981971
117.518200 7.246929 118.592900 8.817068
123.481700 5.883248 124.588000 7.466588
129.500400 4.402279 130.626200 5.937739
135.583700 2.806947 136.734700 4.343994
141.730400 1.132152 142.962300 2.874861
147.930500 -0.644931 149.207900 1.175863
154.181200 -2.533182 155.504300 -0.650067
160.473700 -4.525316 161.854400 -2.545549
166.825700 -6.614701 168.220400 -4.659011
173.224500 -8.806086 174.673600 -6.761289
179.671400 -11.085600 181.170100 -8.963554
186.169900 -13.447970 187.752000 -11.156780
192.708700 -15.908790 194.354100 -13.527880
199.295800 -18.474840 201.012700 -15.901400
205.877000 -21.127230 207.694800 -18.361470
212.474400 -23.878960 214.387000 -20.884190
219.085400 -26.695130 221.076600 -23.511890
225.674300 -29.566300 227.737100 -26.249380
232.258400 -32.511370 234.388900 -29.038280
238.826600 -35.515520 241.040900 -31.858320
245.357100 -38.591140 247.684700 -34.665620
251.842400 -41.746310 254.271600 -37.578920
258.295100 -44.977770 260.888300 -40.488090
264.734000 -48.300070 267.421000 -43.674180
271.174400 -51.720410 273.959800 -46.930260
277.658000 -55.253110 280.585800 -50.240450
284.188500 -58.892510 287.249900 -53.689480
290.770400 -62.649290 293.956800 -57.301420
297.421200 -66.505210 300.717300 -61.003550
304.114100 -70.451700 307.571300 -64.742230
310.871400 -74.512450 314.462800 -68.640130
317.638300 -78.729880 321.337200 -72.727280
324.412000 -83.100090 328.253400 -76.887000
331.147700 -87.570510 335.072900 -81.238610
337.838900 -92.151540 341.900500 -85.616950
344.489200 -96.836160 348.747800 -90.028870
351.109400 -101.590900 355.597900 -94.468710
357.680900 -106.441100 362.400900 -98.991970
364.205100 -111.363100 369.111300 -103.637000
370.654300 -116.349400 375.807600 -108.284700
377.044400 -121.373300 382.512800 -112.855400
383.353100 -126.497900 389.230700 -117.445400
389.648900 -131.627300 395.808400 -122.173700
395.838500 -136.824400 402.511400 -126.697900
401.977500 -142.068800 409.040000 -131.454600
408.063900 -147.386100 415.487300 -136.324200
414.119900 -152.725600 421.914100 -141.202000
420.140100 -158.070100 428.175200 -146.263800
426.135700 -163.442300 434.338900 -151.443500
432.096100 -168.831000 440.267700 -156.854200
438.042000 -174.202900 446.243100 -162.184500
444.039200 -179.520000 452.270700 -167.493600
450.064000 -184.791600 458.285700 -172.778400
456.158000 -189.992400 464.470300 -177.862900
462.246200 -195.183000 470.628700 -182.974800
468.350900 -200.337600 476.801300 -188.040500
474.468300 -205.478700 482.927000 -193.184300
480.606000 -210.588600 488.898800 -198.483200
486.757700 -215.677000 495.086600 -203.518200
492.916600 -220.757600 501.077900 -208.803700
499.072200 -225.827000 507.269600 -213.849200
505.239000 -230.914300 513.414600 -218.949400
511.393900 -235.996900 519.489400 -224.133000
517.549300 -241.076200 525.481300 -229.408900
523.710600 -246.155700 531.654900 -234.475800
529.865100 -251.222800 537.711500 -239.680400
536.037700 -256.292500 543.775500 -244.878300
542.213600 -261.366100 549.788700 -250.145900
548.376000 -266.436600 555.854300 -255.353800
554.549300 -271.525400 561.864700 -260.631500
560.720400 -276.614600 567.919200 -265.870800
566.895900 -281.702100 573.901000 -271.185500
573.077300 -286.787100 579.941200 -276.450800
579.254000 -291.852900 586.079400 -281.568900
585.438300 -296.913900 592.283900 -286.645600
591.610800 -301.938300 598.413600 -291.679600
597.802700 -306.948800 604.441200 -296.893500
604.002400 -311.952300 610.556700 -302.021400
610.204100 -316.963500 616.564100 -307.268000
616.401400 -321.978100 622.644900 -312.424600
622.606700 -326.989100 628.697700 -317.633500
628.813800 -331.994200 634.756800 -322.837400
635.032400 -336.999800 640.819000 -328.013800
641.237400 -341.988600 646.883100 -333.189400
647.445400 -346.968600 652.975500 -338.317600
653.662300 -351.935500 659.098200 -343.409600
659.877900 -356.880600 665.134400 -348.589700
666.112000 -361.828900 671.213300 -353.728300
672.350500 -366.769500 677.361000 -358.798500
678.587600 -371.720300 683.556800 -363.805200
684.819800 -376.684200 689.816900 -368.736200
691.040800 -381.648800 695.928700 -373.846300
697.271000 -386.614300 702.065500 -378.928200
703.506500 -391.568600 708.153100 -384.067600
709.744100 -396.517700 714.289200 -389.151000
715.983900 -401.433800 720.301000 -394.335200
722.229600 -406.329600 726.496400 -399.309500
728.498300 -411.207700 732.685100 -404.296500
734.766400 -416.073400 738.880400 -409.261300
741.047900 -420.934000 744.970200 -414.370800
747.328900 -425.791700 751.200000 -419.302000
753.611600 -430.654100 757.405400 -424.274800
759.909100 -435.497600 763.636700 -429.218900
766.234600 -440.329500 769.740900 -434.328700
772.573000 -445.140400 775.942400 -439.315500
778.917600 -449.932200 782.089800 -444.364300
785.270600 -454.711000 788.228700 -449.411300
791.604400 -459.487600 794.333600 -454.470400
797.914000 -464.271400 800.452300 -459.488700
804.202800 -469.044800 806.597900 -464.446200
810.490200 -473.819600 812.710700 -469.453300
816.791500 -478.590500 818.749500 -474.552800
823.116400 -483.340400 824.863700 -479.582900
829.464500 -488.061400 831.002400 -484.588900
835.854100 -492.776100 837.148100 -489.628200
842.262300 -497.485400 843.274600 -494.717700
848.682700 -502.196400 849.522600 -499.651700
855.114700 -506.913500 855.671000 -504.737400
861.557000 -511.637000 861.946600 -509.698400
868.011600 -516.355400 868.341900 -514.483300
874.441900 -521.049300 874.516100 -519.504700
880.882200 -525.706500 880.696200 -524.498200
887.323800 -530.307900 882.801400 -526.176300
893.755000 -534.861900 889.005300 -531.018900
900.174200 -539.374300 891.078900 -532.603900
906.591000 -543.848100 893.098400 -534.276400
912.989900 -548.291900 899.271500 -539.031400
919.400600 -552.731200 905.499400 -543.736000
925.806600 -557.125700 911.536800 -548.620200
932.226300 -561.535200 913.553600 -550.237000
938.632500 -565.932700 919.753000 -554.953100
945.057500 -570.322000 926.009400 -559.603600
951.507700 -574.710200 932.215000 -564.342000
957.980400 -579.074900 938.485000 -569.005800
964.464000 -583.424600 944.722800 -573.733500
970.963300 -587.758200 950.978600 -578.408800
977.455300 -592.093300 957.244800 -583.083500
983.961700 -596.421100 963.477400 -587.812700
990.461700 -600.766400 969.768000 -592.473300
996.966300 -605.096100 975.967900 -597.239600
1003.471000 -609.407800 982.282900 -601.811200
1009.973000 -613.695400 988.511400 -606.490200
1016.458000 -617.959200 994.474200 -611.414800
1022.925000 -622.217200 1000.728000 -615.972700
1029.367000 -626.452700 1007.096000 -620.313900
1035.804000 -630.641600 1013.344000 -624.760300
1042.231000 -634.798800 1019.457000 -629.386500
1048.656000 -638.946200 1025.653000 -633.859500
1055.084000 -643.051500 1031.928000 -638.192100
1061.525000 -647.144100 1038.028000 -642.779900
1067.966000 -651.185500 1044.263000 -647.138300
1074.401000 -655.235300 1050.366000 -651.683100
1080.840000 -659.293400 1056.527000 -656.156300
1087.270000 -663.328400 1062.664000 -660.621900
1093.718000 -667.347400 1068.943000 -664.922100
1100.195000 -671.340900 1075.174000 -669.302500
1106.668000 -675.317100 1081.321000 -673.770300
1113.157000 -679.272000 1087.471000 -678.246800
1119.659000 -683.201000 1093.658000 -682.672800
1126.198000 -687.131900 1099.907000 -687.064900
1132.753000 -691.046400 1106.245000 -691.325800
1139.341000 -694.955400 1112.498000 -695.768900
1145.954000 -698.852200 1118.839000 -700.114500
1152.585000 -702.740800 1125.115000 -704.575600
1159.229000 -706.637800 1131.456000 -708.961000
1165.886000 -710.538400 1137.809000 -713.366800
1172.562000 -714.459000 1144.172000 -717.794800
1179.271000 -718.394000 1150.710000 -722.056200
1186.021000 -722.344800 1157.185000 -726.463000
1192.784000 -726.294800 1163.718000 -730.838300
1199.585000 -730.258400 1170.296000 -735.192800
1206.417000 -734.212600 1176.903000 -739.539500
1213.283000 -738.159200 1183.525000 -743.895500
1220.173000 -742.105200 1190.061000 -748.422700
1227.101000 -746.027900 1196.815000 -752.656100
1234.074000 -749.929400 1203.565000 -756.968100
1241.082000 -753.823500 1210.387000 -761.204900
1248.123000 -757.717500 1217.168000 -765.566300
1255.209000 -761.611600 1224.002000 -769.927500
1262.318000 -765.501500 1230.916000 -774.218500
1269.473000 -769.393200 1237.827000 -778.522900
1276.670000 -773.287000 1244.778000 -782.859100
1283.885000 -777.170800 1251.772000 -787.132100
1291.103000 -781.040700 1258.748000 -791.430200
1298.329000 -784.899000 1265.719000 -795.744500
1305.561000 -788.742100 1272.697000 -800.015500
1312.794000 -792.571300 1279.615000 -804.404700
1320.032000 -796.384600 1286.573000 -808.710000
1327.287000 -800.172300 1293.487000 -813.097500
1334.542000 -803.950000 1300.453000 -817.386800
1341.797000 -807.723100 1307.482000 -821.548600
1349.058000 -811.481900 1314.439000 -825.853800
1356.319000 -815.232700 1321.464000 -830.030300
1363.568000 -818.960500 1328.442000 -834.213700
1370.797000 -822.663500 1335.432000 -838.340200
1378.014000 -826.342400 1342.337000 -842.565500
1385.241000 -830.002800 1349.334000 -846.623200
1392.473000 -833.639800 1356.311000 -850.726500
1399.712000 -837.258600 1363.292000 -854.800600
1406.940000 -840.856000 1370.236000 -858.905600
1414.145000 -844.419900 1377.164000 -862.961000
1421.338000 -847.958700 1384.090000 -866.983500
1428.540000 -851.473700 1390.983000 -871.057000
1435.735000 -854.974700 1397.880000 -875.102700
1442.936000 -858.462100 1404.763000 -879.158600
1450.116000 -861.922600 1411.637000 -883.178800
1457.288000 -865.353900 1418.418000 -887.297000
1464.432000 -868.758100 1425.200000 -891.344000
1471.550000 -872.135000 1431.953000 -895.379700
1478.642000 -875.485100 1438.695000 -899.346400
1485.696000 -878.796500 1445.407000 -903.264700
1492.712000 -882.085000 1452.081000 -907.154100
1499.686000 -885.346400 1458.655000 -911.112100
1506.608000 -888.579300 1465.267000 -914.914300
1513.510000 -891.787400 1471.859000 -918.677400
1520.388000 -894.966500 1478.347000 -922.573200
1527.242000 -898.117000 1484.943000 -926.201400
1534.067000 -901.240100 1491.342000 -930.085300
1540.873000 -904.334900 1497.805000 -933.811900
1547.641000 -907.393900 1504.228000 -937.492500
1554.374000 -910.425200 1510.633000 -941.139100
1561.071000 -913.426300 1517.048000 -944.665800
1567.716000 -916.424100 1523.350000 -948.293200
1574.331000 -919.426300 1529.631000 -951.926700
1580.910000 -922.431500 1535.930000 -955.477700
1587.477000 -925.449400 1542.128000 -959.154300
1593.998000 -928.484000 1548.379000 -962.675100
1600.456000 -931.552300 1554.642000 -966.087500
1606.851000 -934.653500 1560.670000 -969.822800
1613.177000 -937.795300 1566.661000 -973.532400
1619.446000 -940.960600 1572.568000 -977.279900
1625.639000 -944.138700 1578.312000 -981.178800
1631.780000 -947.302000 1584.024000 -985.036600
1637.876000 -950.461600 1589.663000 -988.916500
1643.920000 -953.598100 1587.207000 -988.855400
1649.931000 -956.702500 1588.733000 -990.752100
1655.907000 -959.742900 1594.458000 -994.193100
1661.857000 -962.732200 1599.914000 -997.978400
1667.828000 -965.652000 1605.439000 -1001.646000
1673.786000 -968.517000 1611.032000 -1005.174000
1679.740000 -971.331200 1616.490000 -1008.829000
1685.682000 -974.128800 1621.921000 -1012.501000
1691.585000 -976.910500 1627.287000 -1016.189000
1697.460000 -979.678900 1632.700000 -1019.759000
1703.321000 -982.431100 1638.044000 -1023.371000
1709.144000 -985.145100 1643.388000 -1026.929000
1714.950000 -987.831400 1648.685000 -1030.499000
1720.748000 -990.466700 1653.964000 -1034.049000
1726.528000 -993.063100 1659.081000 -1037.756000
1732.261000 -995.615600 1664.208000 -1041.340000
1737.915000 -998.126400 1669.279000 -1044.814000
1743.475000 -1000.590000 1674.243000 -1048.272000
1748.971000 -1002.990000 1679.219000 -1051.578000
1754.388000 -1005.375000 1684.129000 -1054.856000
1759.751000 -1007.751000 1688.973000 -1058.108000
1764.998000 -1010.123000 1693.648000 -1061.407000
1770.113000 -1012.467000 1698.205000 -1064.627000
1775.097000 -1014.785000 1702.688000 -1067.741000
1779.954000 -1017.080000 1707.066000 -1070.775000
1784.649000 -1019.347000 1711.192000 -1073.877000
1789.178000 -1021.604000 1715.264000 -1076.792000
1793.508000 -1023.881000 1719.177000 -1079.672000
1797.645000 -1026.269000 1722.829000 -1082.703000
1801.573000 -1028.814000 1726.252000 -1085.865000
1805.302000 -1031.525000 1729.485000 -1089.135000
1808.823000 -1034.439000 1732.473000 -1092.597000
1812.120000 -1037.563000 1735.148000 -1096.192000
1815.169000 -1040.921000 1737.655000 -1099.973000
1817.931000 -1044.484000 1739.834000 -1103.921000
1820.326000 -1048.207000 1741.543000 -1108.087000
1822.465000 -1052.152000 1743.000000 -1112.341000
1824.255000 -1056.260000 1744.077000 -1116.701000
1825.688000 -1060.491000 1744.780000 -1121.116000
1826.758000 -1064.825000 1745.092000 -1125.587000
1827.464000 -1069.230000 1745.027000 -1130.065000
1827.812000 -1073.687000 1744.574000 -1134.487000
1827.812000 -1078.165000 1743.814000 -1138.924000
1827.468000 -1082.643000 1742.831000 -1143.330000
1826.704000 -1087.072000 1741.302000 -1147.617000
1825.633000 -1091.489000 1739.476000 -1151.798000
1824.183000 -1095.811000 1737.294000 -1155.825000
1822.357000 -1099.995000 1734.688000 -1159.586000
1820.139000 -1103.994000 1731.792000 -1163.141000
1817.589000 -1107.799000 1728.593000 -1166.421000
1814.723000 -1111.351000 1725.124000 -1169.422000
1811.551000 -1114.626000 1721.396000 -1172.066000
1808.088000 -1117.606000 1717.455000 -1174.406000
1804.284000 -1120.246000 1713.317000 -1176.449000
1800.315000 -1122.623000 1708.975000 -1178.096000
1796.124000 -1124.692000 1704.446000 -1179.331000
1791.742000 -1126.471000 1699.792000 -1180.271000
1787.194000 -1127.955000 1695.059000 -1181.112000
1782.506000 -1129.180000 1690.206000 -1181.475000
1777.702000 -1130.193000 1685.278000 -1181.639000
1772.797000 -1131.038000 1680.275000 -1181.779000
1767.796000 -1131.740000 1675.214000 -1181.602000
1762.736000 -1132.348000 1670.122000 -1181.324000
1757.655000 -1132.885000 1665.032000 -1180.872000
1752.565000 -1133.366000 1659.935000 -1180.457000
1747.458000 -1133.818000 1654.832000 -1179.992000
1742.342000 -1134.251000 1649.709000 -1179.643000
1737.220000 -1134.667000 1644.594000 -1179.208000
1732.115000 -1135.064000 1639.508000 -1178.780000
1727.075000 -1135.441000 1634.501000 -1178.267000
1722.082000 -1135.788000 1629.543000 -1177.799000
1717.161000 -1136.086000 1624.670000 -1177.261000
1712.341000 -1136.271000 1619.911000 -1176.719000
1707.613000 -1136.285000 1615.292000 -1176.064000
1703.031000 -1136.085000 1610.843000 -1175.180000
1698.586000 -1135.613000 1606.588000 -1173.957000
1694.241000 -1134.791000 1602.425000 -1172.489000
1689.991000 -1133.671000 1598.449000 -1170.632000
1685.870000 -1132.171000 1594.567000 -1168.406000
1681.961000 -1130.284000 1591.013000 -1165.930000
1678.306000 -1127.996000 1587.786000 -1163.081000
1674.826000 -1125.267000 1584.832000 -1159.976000
1671.787000 -1122.274000 1582.273000 -1156.565000
1669.099000 -1118.972000 1580.145000 -1152.878000
1666.783000 -1115.408000 1578.365000 -1149.000000
1664.817000 -1111.609000 1577.013000 -1144.929000
1663.209000 -1107.637000 1576.084000 -1140.734000
1661.958000 -1103.507000 1575.433000 -1136.371000
1661.115000 -1099.284000 1575.278000 -1132.049000
1660.724000 -1094.939000 1575.535000 -1127.683000
1660.665000 -1090.516000 1574.876000 -1123.798000
1661.140000 -1086.159000 1577.046000 -1120.599000
1662.049000 -1081.841000 1576.030000 -1116.897000
1663.374000 -1077.556000 1577.312000 -1114.079000
1665.055000 -1073.325000 1580.305000 -1110.697000
1667.040000 -1069.131000 1583.550000 -1107.367000
1669.233000 -1064.989000 1587.179000 -1104.354000
1671.640000 -1060.840000 1590.738000 -1101.098000
1674.135000 -1056.683000 1594.296000 -1097.726000
1676.716000 -1052.451000 1598.074000 -1094.474000
1679.381000 -1048.145000 1601.785000 -1091.028000
