0.000000 -0.000000 0.000000 0.000000
0.003267 4.566315 -0.030772 4.550743
-0.031716 9.099118 -0.142600 9.069269
-0.081952 13.587370 -0.231303 13.544900
-0.172757 18.042800 -0.287037 17.985750
-0.267875 22.451640 -0.404258 22.376900
-0.358400 26.802010 -0.511787 26.702630
-0.442803 31.082040 -0.681022 30.957710
-0.523018 35.271990 -0.779405 35.103680
-0.611006 39.330190 -0.874599 39.117600
-0.673187 43.239550 -0.905528 42.966340
-0.695957 46.977480 -0.847531 46.660880
-0.690361 50.605530 -0.729637 50.252540
-0.609462 54.132960 -0.607258 53.741920
-0.411112 57.531050 -0.348364 57.100590
-0.030280 60.807340 0.061179 60.333860
0.568852 63.940690 0.718757 63.418270
1.400581 66.903860 1.595378 66.331460
2.445156 69.702430 2.664985 69.082740
3.697183 72.300100 3.995014 71.626640
5.171922 74.740420 5.479381 74.033480
6.852965 76.941870 7.226592 76.171070
8.750799 78.905900 9.131372 78.093590
10.823450 80.634320 11.222230 79.794830
13.066210 82.178440 13.509700 81.318940
15.504950 83.526400 15.986960 82.597110
18.101340 84.588810 18.602610 83.653230
20.853170 85.339470 21.355840 84.453560
23.704110 85.757740 24.216650 84.838220
26.596700 85.903500 27.131880 84.944630
29.539120 85.860020 30.074910 84.822730
32.495530 85.669740 33.043330 84.609820
35.473920 85.419290 36.031260 84.315450
38.479390 85.150930 39.041330 84.014110
41.523140 84.840110 42.094350 83.682430
44.591610 84.512730 45.172710 83.297020
47.698590 84.159740 48.284720 82.883130
50.851300 83.780360 51.448380 82.499230
54.021280 83.370120 54.631390 82.094050
57.236480 82.963200 57.851520 81.701080
60.484150 82.564450 61.132250 81.311600
63.801630 82.126570 64.442860 80.884440
67.115350 81.671290 67.757150 80.397180
70.485000 81.248710 71.137050 79.916280
73.889090 80.831410 74.540150 79.481000
77.339480 80.402860 78.000820 79.020480
80.814430 79.981940 81.489090 78.594770
84.311560 79.560560 84.981040 78.195560
87.843140 79.132970 88.523020 77.748020
91.452740 78.712050 92.149850 77.294130
95.109110 78.302620 95.819490 76.909520
98.802080 77.939830 99.511610 76.494760
102.537600 77.577720 103.243800 76.071940
106.283100 77.182590 106.983600 75.633980
110.001900 76.763780 110.678900 75.161230
113.690700 76.253080 114.355200 74.664880
117.341000 75.581300 117.987500 73.966250
120.903700 74.751300 121.535700 73.151790
124.437500 73.785660 125.049800 72.151610
127.882800 72.651860 128.498600 71.068260
131.253600 71.361680 131.839500 69.758230
134.528800 69.931300 135.126400 68.371950
137.742000 68.328450 138.391500 66.848810
140.926800 66.546730 141.546500 65.020510
144.031200 64.574810 144.639200 63.018860
147.051200 62.406270 147.663200 60.838910
149.969500 60.049300 150.543300 58.440580
152.781800 57.504160 153.308900 55.832430
155.436800 54.746640 155.955000 53.036930
157.947400 51.752940 158.387000 49.981450
160.279800 48.634580 160.628000 46.820530
162.349000 45.353340 162.566300 43.477810
164.179800 41.946720 164.321000 40.033520
165.830900 38.447790 165.929700 36.522610
167.335400 34.861970 167.324000 32.906350
168.691200 31.242820 168.585900 29.256110
169.969500 27.582240 169.880000 25.611670
171.127300 23.900190 171.126900 21.966620
172.263200 20.221330 172.325300 18.340080
173.377000 16.599090 173.522000 14.749630
174.627000 13.004350 174.849400 11.191280
175.942500 9.442182 176.094700 7.619901
177.356800 5.917093 177.508100 4.089859
178.928800 2.434985 179.066800 0.597254
180.675800 -0.971876 180.819300 -2.783121
182.554400 -4.252484 182.689200 -6.033174
184.560700 -7.384682 184.631600 -9.180914
186.750900 -10.368790 186.776800 -12.171030
189.116500 -13.135630 189.065300 -14.953630
191.665700 -15.656880 191.640300 -17.424170
194.385900 -17.931220 194.313100 -19.730690
197.226100 -19.980800 197.144800 -21.763530
200.271800 -21.743030 200.183200 -23.517100
203.448300 -23.203180 203.312600 -25.042540
206.758900 -24.325190 206.684500 -26.040980
210.184300 -25.068170 210.086600 -26.794570
213.630700 -25.424490 213.532900 -27.174840
217.117000 -25.407460 217.006300 -27.232650
220.571900 -25.039820 220.472400 -26.894550
224.021200 -24.363710 223.935400 -26.226420
227.429900 -23.372920 227.342900 -25.229330
230.747500 -22.058700 230.680600 -23.959010
233.928400 -20.443850 233.937900 -22.427470
237.019600 -18.526770 237.027100 -20.506910
239.961000 -16.355940 239.895100 -18.222510
242.779800 -13.984550 242.746900 -15.874130
245.458500 -11.414060 245.409500 -13.265420
247.997000 -8.674394 247.908900 -10.479410
250.390600 -5.759310 250.213100 -7.470275
252.655600 -2.686673 252.473700 -4.375242
254.806500 0.534019 254.617800 -1.130053
256.864000 3.862410 256.654500 2.237347
258.884400 7.263272 258.673300 5.658157
260.877600 10.718320 260.626900 9.144742
262.828700 14.222610 262.524300 12.678890
264.741600 17.745920 264.424900 16.207280
266.637600 21.266150 266.299700 19.741490
268.527700 24.786100 268.091000 23.315620
270.375000 28.334210 269.947200 26.865000
272.219500 31.917810 271.781600 30.474470
274.124700 35.502240 273.629000 34.089040
276.050500 39.060050 275.506600 37.673820
277.989700 42.665330 277.371900 41.334950
279.912600 46.301830 279.253700 44.990380
281.775800 49.949900 281.104600 48.619380
283.563100 53.532720 282.897100 52.183930
285.356500 57.056770 284.623900 55.722550
287.075600 60.536460 286.225800 59.226140
288.712000 63.954910 287.799900 62.646370
290.293900 67.289100 289.341700 65.972340
291.871100 70.559820 290.860900 69.264820
293.538100 73.753600 292.447200 72.500970
295.351100 76.864560 294.219700 75.633930
297.261700 79.892800 296.086700 78.694390
299.367900 82.771990 298.176700 81.567300
301.654700 85.444430 300.414300 84.264070
304.129900 87.873730 302.822700 86.719970
306.795800 90.009740 305.406000 88.910960
309.610300 91.815310 308.182500 90.745790
312.540600 93.287990 311.096800 92.250650
315.589700 94.424870 314.117300 93.453220
318.731100 95.231100 317.219300 94.352090
321.947000 95.719040 320.442200 94.846130
325.202000 95.875140 323.684000 95.027140
328.404100 95.672520 326.836400 94.778880
331.635400 95.086030 330.117500 94.249130
334.756200 94.171900 333.175800 93.349150
337.636900 92.963350 336.082800 92.208020
340.363200 91.461070 338.833500 90.760680
342.964100 89.692180 341.443200 88.942660
345.403300 87.579170 343.939400 86.867530
347.592200 85.092570 346.230000 84.450200
349.463400 82.321490 348.162700 81.743620
351.002500 79.397790 349.745200 78.880920
352.204000 76.402830 350.997500 75.936320
353.107800 73.306490 351.964700 72.842030
353.811200 70.096650 352.777100 69.664960
354.464700 66.889050 353.476500 66.468300
355.047400 63.664610 354.094200 63.265640
355.500500 60.449100 354.646900 60.090150
355.866900 57.296080 355.108300 56.982550
356.198500 54.208160 355.522700 53.937090
356.525800 51.221050 355.997300 51.014980
356.961300 48.369400 356.524500 48.245080
357.538900 45.752540 357.135400 45.718460
358.275300 43.388830 357.923300 43.422210
359.266800 41.238890 358.913200 41.307860
360.571800 39.373830 360.229300 39.479110
362.156300 37.835540 361.782500 37.941210
363.974400 36.638300 363.596800 36.816330
366.080400 35.761110 365.800800 35.961800
368.547300 35.234490 368.361300 35.504550
371.148400 35.045060 371.031400 35.388660
373.899500 35.175270 373.818400 35.562510
376.698100 35.611110 376.612900 36.073780
379.470900 36.322790 379.361900 36.870240
382.212100 37.294470 382.085500 37.909780
384.867700 38.517990 384.700500 39.230280
387.364100 39.991850 387.177700 40.800100
389.701500 41.780710 389.455800 42.675280
391.802700 43.839190 391.527500 44.775810
393.689400 46.099010 393.391100 47.041870
395.383900 48.474340 395.039400 49.444260
396.942200 50.928340 396.518200 51.932800
398.325500 53.450140 397.851300 54.479440
399.544900 56.052550 399.034600 57.105660
400.579700 58.728940 400.073300 59.777230
401.390700 61.486590 400.868300 62.560580
401.978000 64.333130 401.447600 65.418500
402.335300 67.250270 401.776400 68.365480
402.474600 70.259740 401.859400 71.404780
402.447300 73.356030 401.769800 74.524490
402.341800 76.540880 401.595000 77.739440
402.228800 79.805450 401.412900 81.027070
402.075400 83.156280 401.160700 84.410530
401.927800 86.597120 400.868800 87.853680
401.721900 90.113350 400.524900 91.400280
401.455800 93.737450 400.170600 95.045810
401.169200 97.438860 399.768800 98.754980
400.835400 101.196700 399.322900 102.519600
400.479100 104.981000 398.909600 106.297600
400.086700 108.745200 398.515800 110.056600
399.638200 112.493800 398.024700 113.803700
399.138700 116.226700 397.459000 117.521400
398.603300 119.924700 396.884300 121.213600
398.025400 123.612000 396.250400 124.902200
397.409200 127.314800 395.592400 128.598400
396.829000 131.013100 394.946300 132.287400
396.222300 134.687900 394.265600 135.932700
395.601900 138.281700 393.579100 139.507200
395.033400 141.881600 392.990800 143.103700
394.483600 145.487500 392.385400 146.697400
393.961300 149.091800 391.798400 150.304600
393.456700 152.724500 391.191600 153.926200
392.964400 156.362200 390.628300 157.564000
392.473900 160.012200 390.053200 161.213600
391.988000 163.681600 389.485800 164.876600
391.511200 167.360500 388.948000 168.557300
391.037700 171.040400 388.337900 172.228900
390.574400 174.743200 387.751100 175.920200
390.110100 178.440800 387.208100 179.611300
389.662900 182.147700 386.663800 183.317500
389.244100 185.891700 386.205500 187.081900
388.894800 189.677500 385.735100 190.855000
388.606000 193.461200 385.356600 194.630300
388.392800 197.250000 385.061200 198.423000
388.242200 201.058600 384.820500 202.222100
388.167200 204.843700 384.739300 206.022500
388.164900 208.656700 384.667600 209.836100
388.225800 212.467100 384.650400 213.646900
388.337900 216.277100 384.666000 217.463900
388.518500 220.100100 384.741100 221.293000
388.781300 223.924000 384.884900 225.137100
389.110400 227.762200 385.126900 228.985600
389.519500 231.600300 385.396500 232.841900
390.000700 235.455300 385.739300 236.722000
390.533100 239.323100 386.166200 240.614800
391.126500 243.191800 386.642200 244.505300
391.817200 247.082900 387.200200 248.425200
392.446500 250.991000 387.850600 252.352700
393.192700 254.933200 388.638700 256.304400
394.129800 258.841200 389.561000 260.221000
395.212400 262.725700 390.554800 264.131400
396.381300 266.559900 391.576300 267.986600
397.591700 270.309200 392.643500 271.766900
398.915600 273.988100 393.767700 275.498800
400.261600 277.620100 394.971700 279.173800
401.674900 281.230100 396.205000 282.851700
403.099300 284.836200 397.494500 286.494300
404.552600 288.368900 398.804300 290.063600
405.981400 291.858600 400.095600 293.585300
407.396700 295.286300 401.383900 297.042000
408.787500 298.654400 402.624300 300.446100
410.160300 301.970700 403.862000 303.794100
411.532700 305.248600 405.149200 307.106900
412.910200 308.514300 406.457500 310.403500
414.286500 311.815200 407.720500 313.759700
415.632400 315.158100 409.012600 317.142000
416.955300 318.554600 410.337800 320.545600
418.356500 321.950200 411.752800 323.962400
419.919100 325.360500 413.310500 327.396700
421.619500 328.772700 415.051700 330.822800
423.465300 332.205100 416.865500 334.284200
425.389400 335.648500 418.708500 337.788500
427.393700 339.062100 420.614300 341.252600
429.441400 342.427400 422.569700 344.658200
431.502800 345.736000 424.567200 347.995100
433.555500 349.037600 426.534100 351.352300
435.647400 352.345100 428.536000 354.731500
437.737700 355.673900 430.618200 358.060700
439.858900 359.019800 432.653800 361.462400
441.938400 362.354800 434.701400 364.819600
444.011500 365.707600 436.695200 368.217000
446.074200 369.043000 438.698600 371.589600
448.108100 372.393000 440.705400 374.943400
450.106200 375.748500 442.685900 378.299100
452.077600 379.076100 444.695400 381.601000
454.072700 382.382200 446.711700 384.896900
456.149900 385.671800 448.732000 388.245900
458.224600 388.968400 450.811400 391.514000
460.351800 392.205600 452.918800 394.766600
462.503100 395.388100 454.993000 397.947400
464.568500 398.419600 457.033600 400.934100
466.632000 401.347200 459.066700 403.862800
468.654400 404.221700 461.018700 406.759200
470.657600 407.038900 462.977000 409.588500
472.677800 409.783700 464.889000 412.387100
474.657200 412.487100 466.793600 415.118500
476.592600 415.139500 468.651300 417.787900
478.496300 417.710700 470.499600 420.377000
480.372100 420.213300 472.308400 422.885200
482.195400 422.602900 474.066500 425.258400
483.955500 424.843700 475.763700 427.479700
485.628500 426.923600 477.307200 429.570400
487.190800 428.865800 478.805400 431.525000
488.699400 430.731200 480.259900 433.374900
490.108000 432.491800 481.598200 435.125000
491.375400 434.138900 482.760700 436.771400
492.521700 435.661300 483.864100 438.264500
493.585300 437.088500 484.914400 439.678000
494.601900 438.498800 485.890400 441.108300
495.493900 439.942600 486.718500 442.584200
496.198400 441.455900 487.399700 444.105200
496.643000 443.038900 487.806700 445.697400
496.894900 444.688300 488.049600 447.308900
496.838300 446.434300 488.028500 449.095200
496.587000 448.236400 487.742000 450.925800
496.020500 450.035800 487.150800 452.775400
495.316800 451.880800 486.397400 454.626300
494.382600 453.714700 485.395500 456.453100
493.357500 455.591800 484.320000 458.333100
492.259600 457.525200 483.202400 460.282900
491.138900 459.531700 482.015300 462.275900
489.968800 461.583000 480.824700 464.335100
488.778600 463.722100 479.605200 466.513400
487.527700 465.987400 478.270200 468.766900
486.241900 468.332900 476.973400 471.135200
484.929200 470.750300 475.596600 473.530900
483.595100 473.196800 474.202400 475.956900
482.240900 475.680400 472.780900 478.396800
480.881200 478.179700 471.343200 480.877300
479.506700 480.715200 469.885800 483.362700
478.139700 483.249600 468.464300 485.853200
476.741800 485.776600 466.973500 488.362600
475.327000 488.358200 465.510200 490.902200
473.905700 490.923000 464.044100 493.448700
472.463600 493.499100 462.575900 496.010000
471.030900 496.048700 461.132100 498.508100
469.654400 498.493900 459.737800 500.908700
468.311000 500.883700 458.376500 503.266100
467.003300 503.201000 457.066700 505.524000
465.767600 505.385700 455.798200 507.623300
464.618000 507.421200 454.651400 509.591400
463.563200 509.303500 453.600700 511.405700
462.581700 511.077100 452.624400 513.168800
461.620900 512.827500 451.641900 514.881200
460.698800 514.516100 450.715300 516.527600
459.825600 516.111800 449.827700 518.065300
459.035800 517.582500 449.039500 519.468200
458.312900 518.912300 448.312600 520.755300
457.589200 520.176600 447.553400 521.996200
456.756600 521.359000 446.702400 523.167300
455.798000 522.446500 445.742900 524.251600
454.695200 523.354600 444.656100 525.138500
453.456700 523.963300 443.415100 525.834900
452.010000 524.448000 441.922400 526.365300
450.370300 524.664900 440.263400 526.646200
448.645800 524.629300 438.507400 526.580300
446.853700 524.242200 436.654700 526.195000
445.001300 523.578900 434.716700 525.509100
443.053700 522.715000 432.756200 524.575700
441.070200 521.621600 430.783600 523.418200
439.068600 520.385000 428.768900 522.159100
437.067600 519.079900 426.766500 520.862000
435.131900 517.711100 424.846500 519.467700
433.248700 516.276400 422.974700 518.011900
431.409100 514.772600 421.133700 516.511600
429.653800 513.188400 419.391300 514.931900
427.979000 511.552500 417.716200 513.298700
426.376200 509.872800 416.134100 511.625100
424.896200 508.159600 414.656100 509.913400
423.477300 506.386900 413.252300 508.147000
422.151700 504.603800 411.900200 506.380200
420.895300 502.757100 410.630900 504.533200
419.698800 500.847600 409.390300 502.649000
418.553100 498.879100 408.209000 500.688200
417.436100 496.852200 407.078000 498.656300
416.341100 494.769800 406.033100 496.531600
415.299400 492.613200 404.974600 494.365300
414.283100 490.400400 403.949400 492.155100
413.291100 488.174100 402.971700 489.919600
412.307400 485.928500 401.953300 487.676900
411.321100 483.659600 400.969000 485.413900
410.385800 481.369500 400.006500 483.131100
409.484300 479.070200 399.017400 480.866500
408.605900 476.771200 398.138500 478.578700
407.747600 474.482200 397.252300 476.305400
406.916200 472.194500 396.426200 474.022600
406.106200 469.923800 395.643400 471.760100
405.321800 467.714100 394.901200 469.571500
404.581200 465.613200 394.216700 467.501800
403.881000 463.647100 393.582900 465.569700
403.196100 461.842900 392.962900 463.777200
402.563700 460.074300 392.296600 462.023700
401.946900 458.305600 391.588000 460.293700
401.296600 456.548600 390.910500 458.540500
400.651300 454.770400 390.263800 456.762100
399.996700 452.984700 389.570000 454.973500
399.329600 451.125900 388.892700 453.086300
398.618400 449.218000 388.130100 451.178600
397.822000 447.249700 387.322400 449.172800
396.969800 445.208000 386.498800 447.109200
396.116100 443.116600 385.614400 445.004200
395.211200 440.967800 384.705000 442.834200
394.287700 438.749400 383.798600 440.589300
393.341900 436.497700 382.861000 438.323700
392.358600 434.221800 381.891000 436.028600
391.343800 431.907700 380.938200 433.662100
390.285600 429.531900 379.879900 431.260700
389.177900 427.104300 378.719700 428.832700
388.002000 424.633000 377.529500 426.355400
386.786000 422.153600 376.309400 423.863900
385.529200 419.645500 375.028600 421.357800
384.252800 417.122900 373.774600 418.802000
382.927300 414.575600 372.434600 416.269200
381.591500 412.030100 371.042600 413.733700
380.224100 409.463100 369.633900 411.186400
378.830100 406.889400 368.265400 408.583800
377.404400 404.303400 366.817400 406.007000
375.940700 401.722300 365.373400 403.409900
374.431300 399.137000 363.879600 400.801000
372.878200 396.550200 362.374600 398.178900
371.286300 393.960100 360.742000 395.607900
369.662600 391.367800 359.126700 393.006100
368.012000 388.798400 357.536400 390.413500
366.357200 386.258300 355.860500 387.869800
364.686300 383.683500 354.264000 385.239700
362.990500 381.103100 352.633500 382.617600
361.274100 378.545400 350.958700 380.023100
359.479500 376.079600 349.327400 377.495200
357.743100 373.713700 347.711600 375.085300
356.046500 371.424400 346.134300 372.724600
354.349500 369.168400 344.499200 370.430800
352.662900 366.944000 342.881500 368.185400
351.018900 364.780500 341.347800 365.980900
349.445300 362.679200 339.870400 363.855400
347.970100 360.669800 338.488500 361.835600
346.587900 358.760700 337.165700 359.948800
345.269200 357.004900 335.924000 358.203600
343.987600 355.420000 334.738500 356.595000
342.722300 353.942300 333.449300 355.171800
341.428400 352.599100 332.219100 353.830500
340.132200 351.423100 330.988700 352.636000
338.769300 350.441200 329.638200 351.609200
337.341700 349.681300 328.237500 350.821900
335.777200 349.128400 326.705100 350.316400
334.132400 348.908200 325.056700 350.033900
332.452400 349.031300 323.366600 350.101400
330.797800 349.428100 321.646400 350.445800
329.211100 350.167300 320.020200 351.156400
327.641800 351.098300 318.417600 352.069000
326.094800 352.236000 316.808900 353.175300
324.512700 353.489700 315.147900 354.380400
322.875800 354.863500 313.434200 355.731800
321.135500 356.302000 311.568500 357.072400
319.250000 357.710100 309.619100 358.405000
317.242300 359.002400 307.564900 359.664700
315.093800 360.160000 305.383800 360.773900
312.852600 361.167400 303.099000 361.707000
310.509200 362.008200 300.727500 362.505000
308.069100 362.662200 298.268400 363.155100
305.560600 363.146700 295.722600 363.549400
302.953900 363.438100 293.108600 363.841700
300.313300 363.558500 290.465100 363.946600
297.631800 363.522600 287.758400 363.912700
294.885100 363.381000 284.992900 363.776000
292.104200 363.172300 282.208100 363.520000
289.300900 362.939000 279.404100 363.247800
286.491000 362.678500 276.591200 362.946500
283.693500 362.370200 273.813900 362.592900
280.920600 362.098000 271.053000 362.267300
278.169000 361.857400 268.320600 361.950400
275.446800 361.657400 265.610100 361.687000
272.737000 361.519800 262.912100 361.464700
270.035600 361.455000 260.209300 361.360800
267.327700 361.497700 257.500700 361.359000
264.630400 361.676000 254.797300 361.468700
261.940300 361.979900 252.096700 361.683800
259.250900 362.413000 249.385200 362.009400
256.573600 362.959900 246.690900 362.481900
253.917300 363.655300 244.023600 363.114400
251.288400 364.497000 241.353000 363.913100
248.680300 365.504900 238.704000 364.850100
246.094700 366.666900 236.079900 365.937300
243.562600 367.994000 233.491500 367.212400
241.083300 369.508300 230.965700 368.667000
238.697300 371.174900 228.524400 370.236400
236.432200 372.983900 226.231200 372.023200
234.282400 374.915600 224.072400 373.942200
232.221400 376.965100 222.016300 376.009700
230.283900 379.136000 220.022100 378.146100
228.445400 381.408600 218.157500 380.389100
226.762700 383.789500 216.368200 382.699400
225.240300 386.284200 214.793100 385.163000
223.870500 388.875300 213.413000 387.763300
222.651800 391.576800 212.157600 390.474500
221.610300 394.407600 211.073800 393.308000
220.731600 397.346700 210.168800 396.255900
220.036100 400.374900 209.406400 399.299100
219.492700 403.546000 208.887500 402.511300
219.131100 406.829700 208.564400 405.817500
218.954900 410.176200 208.388500 409.170500
218.961000 413.566100 208.369100 412.569900
219.145900 416.967900 208.519000 415.983900
219.451900 420.389700 208.834800 419.409400
219.829800 423.806600 209.149100 422.860200
220.310500 427.237200 209.550300 426.293300
220.868900 430.684800 210.061000 429.756200
221.441400 434.161900 210.635400 433.242000
222.038500 437.663400 211.205600 436.758400
222.674200 441.192400 211.805700 440.308900
223.324700 444.766400 212.360900 443.915000
223.976800 448.390400 212.940000 447.565500
224.645100 452.052600 213.514500 451.251700
225.326300 455.738000 214.128100 454.962500
226.013500 459.438200 214.750400 458.669700
226.742700 463.131400 215.389700 462.386200
227.489100 466.830800 216.047000 466.096600
228.247700 470.527000 216.697600 469.814900
229.012100 474.215100 217.382600 473.515200
229.762000 477.897100 218.053900 477.207000
230.499300 481.567900 218.734300 480.888500
231.252900 485.238400 219.409500 484.565500
232.010300 488.886300 220.081200 488.231000
232.763300 492.531800 220.722200 491.900300
233.545900 496.169700 221.428100 495.546000
234.328200 499.811600 222.119400 499.203500
235.108100 503.420000 222.872500 502.811200
235.907500 507.019800 223.570600 506.427700
236.703700 510.603300 224.288300 510.018900
237.481000 514.162500 224.979800 513.584200
238.249000 517.704200 225.712700 517.134000
239.014400 521.230500 226.385300 520.667400
239.746800 524.741600 227.042200 524.184300
240.436600 528.231300 227.673900 527.676900
241.102000 531.689500 228.265300 531.136900
241.740900 535.133300 228.882500 534.575200
242.359400 538.550300 229.463500 537.989400
242.993900 541.935900 230.072400 541.369600
243.655500 545.295800 230.737900 544.724600
244.307800 548.630700 231.375900 548.045300
244.986700 551.924500 232.052200 551.327600
245.686600 555.189800 232.741300 554.588100
246.402300 558.403000 233.479000 557.793100
247.160300 561.604000 234.229200 560.975000
247.954300 564.747800 235.013900 564.119500
248.799800 567.843200 235.879600 567.185900
249.719700 570.881500 236.825300 570.211200
250.691800 573.875500 237.802400 573.190500
251.722500 576.816900 238.852800 576.113800
252.792400 579.719200 239.951500 579.004000
253.899200 582.619100 241.008300 581.929600
254.999400 585.538800 242.081800 584.867400
256.084000 588.464600 243.118200 587.795900
257.132200 591.413100 244.174900 590.744800
258.142200 594.337700 245.139000 593.677400
259.143500 597.295100 246.156100 596.631700
260.132300 600.227900 247.146900 599.555600
261.124300 603.146400 248.108900 602.475300
262.175000 606.016800 249.095900 605.365700
263.321800 608.844200 250.242000 608.187600
264.592700 611.600700 251.492900 610.952700
266.012800 614.279900 252.914400 613.618400
267.588100 616.881700 254.502200 616.227200
269.323800 619.428300 256.227600 618.793800
271.210100 621.881800 258.126800 621.257800
273.238300 624.254900 260.162000 623.620900
275.373300 626.509900 262.290900 625.883800
277.623300 628.637000 264.527200 628.016600
279.976600 630.608900 266.855600 630.018700
282.453700 632.438800 269.286200 631.902100
285.065600 634.108700 271.891700 633.615600
287.781800 635.684200 274.601000 635.247700
290.614800 637.170400 277.427500 636.794300
293.572000 638.551300 280.402200 638.237300
296.640000 639.897800 283.437900 639.708500
299.815900 641.203200 286.619700 641.088300
303.076400 642.494500 289.844000 642.495100
306.357100 643.765800 293.122800 643.796300
309.674900 645.021300 296.417200 645.128400
312.999700 646.243800 299.725400 646.408900
316.341000 647.457400 303.057500 647.644700
319.656500 648.689200 306.340000 648.949300
322.948500 649.961000 309.611100 650.257700
326.166800 651.311700 312.819500 651.623800
329.336100 652.739100 315.943900 653.135400
332.444200 654.205600 318.997200 654.643000
335.400500 655.659200 321.890100 656.085200
338.177900 657.091100 324.642000 657.504900
340.853600 658.520100 327.272600 658.911100
343.392000 659.901300 329.773200 660.272600
345.797500 661.222900 332.144800 661.533200
348.061700 662.470200 334.384600 662.751600
350.227800 663.663600 336.496700 663.948900
352.269800 664.764500 338.479800 665.040300
354.171500 665.743600 340.286000 666.034500
355.867200 666.596600 341.917900 666.852300
357.385800 667.323400 343.354200 667.572300
358.688300 667.945100 344.557100 668.202800
359.785500 668.454700 345.580600 668.685100
360.684700 668.879300 346.416100 669.073600
361.448900 669.240500 347.175900 669.440300
362.202200 669.609800 347.889200 669.862300
362.884200 670.041700 348.568400 670.314800
363.544500 670.582800 349.207400 670.950600
364.209800 671.330500 349.904500 671.742300
364.845000 672.309500 350.466800 672.673400
365.349200 673.552400 350.970800 673.984900
365.693100 675.079000 351.328900 675.580800
365.765200 676.782400 351.362100 677.363600
365.523700 678.539500 351.093600 679.254200
365.089100 680.489300 350.602800 681.228000
364.466100 682.514600 349.889600 683.274700
363.616300 684.610800 349.001500 685.403400
362.501500 686.760700 347.878100 687.608800
361.240200 688.988000 346.604200 689.888500
359.916600 691.336700 345.285200 692.289200
358.517400 693.800300 343.855800 694.807700
357.035700 696.407500 342.325600 697.435300
355.508800 699.115600 340.742900 700.161000
353.904300 701.929300 339.118300 703.005300
352.257400 704.823800 337.437600 705.921100
350.567500 707.796400 335.652800 708.885300
348.841400 710.853200 333.908000 711.946500
347.061700 713.947900 332.067600 715.055200
345.240600 717.126500 330.199300 718.235600
343.396200 720.384700 328.279900 721.484200
341.517100 723.688800 326.352900 724.786500
339.619000 727.060600 324.414800 728.164700
337.697800 730.488300 322.448900 731.595900
335.746300 733.965100 320.444200 735.075700
333.767200 737.500800 318.404200 738.594100
331.787300 741.093200 316.377200 742.189500
329.802100 744.697600 314.370300 745.775800
327.822700 748.252900 312.368400 749.298800
325.882900 751.750500 310.384800 752.763800
323.953700 755.221900 308.447300 756.226800
322.019400 758.698600 306.464900 759.706900
320.037700 762.177600 304.458900 763.160900
318.097700 765.622300 302.489100 766.578700
316.183200 769.057500 300.520000 769.992000
314.250000 772.494900 298.508100 773.398100
312.275800 775.931500 296.485500 776.820500
310.254000 779.359500 294.421500 780.246800
308.122800 782.782800 292.245000 783.656200
305.862800 786.166800 289.959300 787.051200
303.500700 789.503100 287.592900 790.400700
300.970800 792.776600 285.057400 793.676200
298.346100 795.948700 282.426600 796.842900
295.632400 799.046800 279.700300 799.949300
292.854400 802.131000 276.903800 803.025400
290.021900 805.167500 274.056200 806.045400
287.126600 808.146600 271.134200 809.023200
284.119000 811.063300 268.087000 811.890500
281.041800 813.860300 264.972900 814.640200
277.869300 816.545900 261.782100 817.290100
274.646800 819.105600 258.557900 819.814900
271.386100 821.531200 255.295300 822.194400
268.116800 823.813700 252.036800 824.425500
264.867100 825.970500 248.771900 826.532900
261.611600 828.060300 245.522100 828.584900
258.412200 830.064600 242.347500 830.558500
255.270800 831.964500 239.221300 832.427100
252.165400 833.785500 236.135900 834.208600
249.035500 835.465400 232.970500 835.941000
245.676600 836.941500 229.804200 837.663300
242.526400 838.395100 226.843400 839.248800
239.649200 839.782300 224.065300 840.709200
236.954200 841.095200 221.494800 842.070200
234.477400 842.339200 219.096600 843.338700
232.193600 843.528700 216.887300 844.515400
230.093400 844.639300 214.860800 845.621400
228.164600 845.633300 212.996600 846.598100
226.339700 846.487500 211.224000 847.467800
224.559800 847.148600 209.496200 848.128400
222.862900 847.611100 207.825600 848.572400
221.160000 847.853200 206.080500 848.768000
219.343600 847.650900 204.280900 848.709700
217.613700 847.228800 202.535900 848.324100
215.983200 846.459000 200.893700 847.558600
214.496600 845.376700 199.386600 846.458500
213.166300 844.015600 198.024100 845.091300
211.989600 842.443000 196.774300 843.462500
210.942500 840.673500 195.750800 841.650600
210.015200 838.668700 194.770500 839.654000
209.177100 836.492300 193.953200 837.421900
208.420100 834.203400 193.202000 835.096000
207.685300 831.756600 192.430400 832.584300
206.966400 829.169500 191.670000 829.975900
206.234900 826.499600 190.940900 827.258300
205.491300 823.727800 190.216600 824.446700
204.726900 820.872900 189.468300 821.549600
203.960100 817.947300 188.689700 818.595100
203.188700 814.944500 187.893600 815.563600
202.387700 811.853000 187.058600 812.444000
201.557100 808.685000 186.225300 809.237300
200.707000 805.446700 185.326200 805.986800
199.837600 802.169300 184.422000 802.702400
198.959100 798.853000 183.505500 799.375800
198.078300 795.512000 182.577100 796.035700
197.208100 792.134200 181.651100 792.657400
196.331500 788.727300 180.711600 789.242800
195.393800 785.296400 179.757700 785.796300
194.407000 781.832200 178.753000 782.324300
193.372100 778.361600 177.674500 778.845200
192.268500 774.862700 176.539400 775.342100
191.104500 771.351900 175.329900 771.826000
189.900200 767.803200 174.118500 768.265300
188.697400 764.215300 172.894200 764.661800
187.525500 760.573100 171.698500 761.010700
186.417200 756.874800 170.557300 757.319900
185.391100 753.140200 169.531300 753.580700
184.425300 749.376100 168.500300 749.828200
183.505800 745.586000 167.571300 746.030800
182.630800 741.760500 166.686100 742.198300
181.799600 737.920600 165.912400 738.342000
180.995700 734.046000 165.159200 734.452500
180.235100 730.165100 164.350300 730.579000
179.509000 726.267300 163.606900 726.679700
178.782600 722.358000 162.807700 722.780300
178.060700 718.433400 162.055700 718.855800
177.362100 714.485400 161.309100 714.901000
176.683600 710.485300 160.634200 710.892400
176.012100 706.523900 160.013800 706.931200
175.366700 702.573200 159.362100 702.996600
174.771600 698.664000 158.718800 699.108700
174.208700 694.786000 158.184700 695.243200
173.664500 690.971400 157.662400 691.438600
173.120400 687.194400 157.156200 687.669500
172.609800 683.452500 156.621100 683.950900
172.111300 679.757200 156.103300 680.260200
171.620100 676.075400 155.554800 676.598000
171.116500 672.425100 155.023400 672.956900
170.597300 668.791300 154.480000 669.330200
170.061700 665.158300 153.969900 665.689200
169.508500 661.515700 153.416600 662.036700
168.924400 657.855800 152.827100 658.370900
168.353600 654.164700 152.256800 654.676200
167.787000 650.469600 151.725900 650.973300
167.241700 646.760000 151.210100 647.255000
166.711700 643.033600 150.649300 643.534200
166.161900 639.298500 150.136700 639.784000
165.603300 635.547200 149.595300 636.031300
165.019900 631.781100 149.086600 632.244900
164.407900 627.989800 148.526000 628.434900
163.795100 624.165700 147.976900 624.596700
163.188600 620.333500 147.389500 620.759200
162.585900 616.485800 146.784400 616.902100
162.003800 612.637200 146.246400 613.057000
161.404000 608.796100 145.715300 609.217400
160.758000 604.972100 145.134500 605.387000
160.133600 601.135300 144.601300 601.525000
159.495800 597.273400 144.001700 597.636600
158.840300 593.366000 143.374700 593.723400
158.208600 589.447000 142.763900 589.797100
157.580800 585.515400 142.178900 585.848100
156.942900 581.558400 141.603800 581.880500
156.315100 577.584700 141.007500 577.900100
155.693100 573.602200 140.387300 573.917600
155.097900 569.612100 139.835400 569.925400
154.494600 565.631700 139.276000 565.934000
153.882900 561.635800 138.688700 561.944000
153.275400 557.661700 138.111900 557.969600
152.657100 553.699500 137.571900 554.000600
152.007000 549.736100 137.022500 550.025600
151.335500 545.780700 136.432800 546.066000
150.702300 541.830000 135.841800 542.113000
150.111100 537.863200 135.264900 538.131800
149.565800 533.878000 134.738800 534.150900
149.070700 529.886400 134.209300 530.159700
148.583300 525.892200 133.675900 526.173900
148.098100 521.899600 133.161100 522.189700
147.615200 517.906000 132.678600 518.192000
147.078600 513.924800 132.173000 514.206500
146.557400 509.928000 131.667400 510.217600
145.990800 505.947400 131.118700 506.229800
145.414200 501.983900 130.614500 502.268400
144.839400 498.023200 130.048600 498.306600
144.237000 494.066600 129.420100 494.337100
143.642200 490.086700 128.835300 490.363300
143.093600 486.100600 128.314000 486.366800
142.520000 482.109500 127.745700 482.374200
141.953600 478.120000 127.226200 478.376800
141.409200 474.120700 126.731400 474.364600
140.866200 470.116800 126.238800 470.358700
140.329900 466.129000 125.731200 466.373800
139.802900 462.170200 125.236500 462.424000
139.285200 458.259400 124.753900 458.520100
138.767400 454.380800 124.288900 454.636600
138.265200 450.537100 123.794000 450.804500
137.781900 446.703500 123.319700 446.981900
137.326700 442.890000 122.902500 443.153100
136.905100 439.064700 122.407400 439.330500
136.518100 435.237300 122.003000 435.509400
136.143200 431.414200 121.626600 431.684000
135.825400 427.592200 121.370700 427.850800
135.543200 423.737300 121.135600 423.987300
135.270100 419.908100 120.928200 420.140800
135.035900 416.031200 120.688100 416.260100
134.860400 412.167200 120.549200 412.394400
134.729600 408.319200 120.516100 408.555200
134.657500 404.515600 120.474200 404.760700
134.622800 400.768700 120.523600 401.033200
134.596400 397.079600 120.541600 397.362200
134.623000 393.460300 120.670400 393.762200
134.664700 389.903700 120.852800 390.222300
134.742900 386.395400 120.968900 386.728500
134.849100 382.945500 121.123100 383.295600
134.972000 379.565400 121.277800 379.938200
135.131800 376.244700 121.486400 376.641400
135.333900 373.018200 121.776300 373.445100
135.556500 369.861200 122.022200 370.306400
135.838900 366.777100 122.434800 367.258700
136.225700 363.791900 122.848700 364.296800
136.738700 360.891300 123.395600 361.427300
137.359000 358.081000 124.085100 358.640300
138.112400 355.303200 124.864200 355.860200
138.966200 352.534800 125.772400 353.105000
139.893600 349.805900 126.683300 350.387300
140.896000 347.157200 127.709700 347.762300
141.971400 344.579000 128.858100 345.224800
143.130500 342.084500 130.083200 342.778400
144.392300 339.674500 131.417400 340.410100
145.777400 337.332100 132.895700 338.125700
147.331500 335.073900 134.551000 335.924700
149.057400 332.893100 136.353000 333.777300
150.967000 330.772000 138.360700 331.720100
153.050000 328.762800 140.458100 329.728500
155.286900 326.913400 142.742600 327.902500
157.696000 325.210700 145.198800 326.261500
160.258100 323.696400 147.822000 324.812000
162.973100 322.395300 150.566500 323.560500
165.832800 321.314600 153.494500 322.579200
168.823000 320.455500 156.509300 321.777600
171.915000 319.751800 159.634500 321.133500
175.093600 319.154400 162.855900 320.637700
178.356600 318.621500 166.147700 320.140000
181.670600 318.107800 169.449700 319.703800
184.954100 317.552100 172.804200 319.289300
188.360600 317.014600 176.237100 318.914700
191.810500 316.498600 179.720100 318.493500
195.303300 315.956300 183.239000 318.034400
198.810200 315.370500 186.757300 317.480000
202.319700 314.727700 190.299100 316.883700
205.854900 314.018600 193.856900 316.281300
209.382100 313.210000 197.396900 315.536300
212.873900 312.313500 200.876100 314.672300
216.282400 311.315800 204.274900 313.692800
219.602300 310.211800 207.580900 312.626900
222.828600 308.969500 210.782200 311.427900
225.892800 307.618500 213.861100 310.119000
228.857400 306.132600 216.831600 308.680500
231.705300 304.510000 219.705300 307.160000
234.404500 302.795000 222.410000 305.504400
236.964200 301.022400 224.976600 303.809700
239.357400 299.191600 227.348200 302.005200
241.573300 297.348000 229.513500 300.206700
243.583200 295.531300 231.525000 298.480900
245.364000 293.745300 233.260200 296.736900
246.928300 292.003400 234.830200 295.085400
248.255900 290.313300 236.113700 293.468600
249.318200 288.712300 237.176000 291.920300
250.170400 287.137600 238.041100 290.397600
250.789300 285.600000 238.656800 288.875100
251.165900 284.019700 239.072400 287.297300
251.314100 282.347000 239.276700 285.656100
251.208600 280.685900 239.173900 283.992100
250.772400 279.031200 238.755300 282.295700
249.999900 277.363100 237.960400 280.514600
248.862600 275.742500 236.806500 278.873100
247.391400 274.199800 235.305600 277.299900
245.604100 272.717600 233.486700 275.790500
243.606700 271.249000 231.480900 274.240900
241.483200 269.657000 229.344300 272.586800
239.255900 267.931300 227.096000 270.808100
236.942400 266.062700 224.803900 268.845200
234.573400 264.060900 222.438800 266.785400
232.194200 261.911300 220.072900 264.598300
229.828600 259.643500 217.716100 262.290500
227.459400 257.285700 215.344300 259.931400
225.117700 254.818300 212.969400 257.478400
222.794900 252.268100 210.675100 254.898400
220.539900 249.684100 208.454700 252.330300
218.379000 247.150200 206.357700 249.810300
216.331900 244.688600 204.338400 247.395600
214.447100 242.296600 202.514200 245.041000
212.738900 239.986300 200.833000 242.789400
211.155100 237.800000 199.266000 240.672100
209.645500 235.806000 197.786500 238.748500
208.153800 234.063200 196.321100 237.060700
206.642600 232.599300 194.876800 235.600600
205.050700 231.388700 193.333900 234.426200
203.386000 230.453900 191.676200 233.479000
201.568800 229.804200 189.840400 232.767800
199.652600 229.469400 187.921200 232.402100
197.649300 229.448700 185.944900 232.386700
195.695200 229.808500 183.971900 232.733700
193.757500 230.545900 181.979100 233.435400
191.873400 231.575500 180.062400 234.445000
190.008500 232.786900 178.119000 235.601400
188.027800 234.075600 176.051400 236.850200
185.893500 235.390300 173.852000 238.141700
183.609800 236.705800 171.497400 239.411700
181.165200 238.005100 168.944700 240.616100
178.517300 239.254000 166.245800 241.839400
175.726900 240.407000 163.423300 243.021800
172.707400 241.421200 160.383000 244.088200
169.603600 242.357600 157.256700 244.990500
166.445500 243.209000 154.105700 245.840400
163.269700 243.975200 150.917400 246.606500
160.018600 244.710100 147.649500 247.319500
156.736700 245.397400 144.352300 248.000000
153.408400 246.036100 141.029600 248.679300
150.090200 246.634600 137.727000 249.279700
146.806300 247.228400 134.435800 249.813600
143.505000 247.801600 131.132500 250.370100
140.209300 248.367500 127.835100 250.899800
136.935100 248.926700 124.576100 251.469100
133.701200 249.482000 121.351600 251.982700
130.512300 250.041400 118.173500 252.533800
127.368600 250.623000 115.043100 253.090800
124.279500 251.271600 111.970800 253.782000
121.226800 251.988400 108.935800 254.515800
118.235900 252.796200 105.956500 255.341600
115.296000 253.710500 103.031200 256.274800
112.410900 254.793600 100.123900 257.328000
109.550100 256.073600 97.199650 258.504700
106.765300 257.559400 94.372110 259.896100
104.058300 259.195200 91.658690 261.536500
101.451300 260.983800 89.005940 263.225000
98.958900 262.930000 86.414430 265.059100
96.560750 265.038400 83.990330 267.138400
94.233290 267.302400 81.625450 269.399000
91.992660 269.682500 79.430190 271.823000
89.872160 272.215300 77.281020 274.354800
87.867480 274.902800 75.267300 277.048700
85.990600 277.735000 73.361460 279.884600
84.244040 280.710100 71.610740 282.858800
82.619100 283.777000 69.976410 285.960900
81.079690 286.968600 68.417260 289.125200
79.784310 290.233300 67.064750 292.419200
78.568560 293.653400 65.811930 295.809700
77.471470 297.091000 64.722380 299.260300
76.507590 300.590600 63.685930 302.736000
75.684350 304.118500 62.825930 306.262400
74.993740 307.691900 62.115750 309.830300
74.448540 311.297700 61.608160 313.450100
74.042020 314.935900 61.179220 317.091100
73.771590 318.594800 60.858060 320.755400
73.715910 322.261900 60.685870 324.402100
73.769420 325.907700 60.563050 328.052500
73.817040 329.552100 60.480770 331.690200
74.000290 333.173500 60.477900 335.322800
74.172500 336.809200 60.522400 338.959800
74.344680 340.442200 60.582850 342.602100
74.514430 344.091300 60.669890 346.253100
74.662940 347.746700 60.717580 349.921100
74.736070 351.400000 60.702220 353.557200
74.769320 355.000700 60.739240 357.149300
74.814470 358.586500 60.737280 360.735100
74.746920 362.178000 60.724530 364.320100
74.686830 365.745600 60.678450 367.898700
74.555740 369.317000 60.610750 371.481300
74.360040 372.935200 60.492120 375.101900
74.109450 376.533900 60.319180 378.694300
73.828330 380.133100 60.028200 382.297700
73.476450 383.716600 59.703350 385.880000
73.062260 387.295400 59.315080 389.457500
72.635640 390.839200 58.900640 392.984400
72.123690 394.365700 58.361450 396.523600
71.585570 397.910500 57.793900 400.061500
70.976400 401.435000 57.171970 403.585700
70.311850 404.959700 56.462020 407.097200
69.602670 408.449900 55.744670 410.581800
68.879140 411.948200 55.056620 414.091600
68.139490 415.452800 54.346580 417.611000
67.432580 418.981100 53.596400 421.133200
66.735590 422.501800 52.870030 424.637300
66.031790 425.991100 52.161500 428.115900
65.337700 429.457600 51.471700 431.571300
64.678150 432.971500 50.810030 435.133300
64.092350 436.564700 50.295040 438.726000
63.538820 440.165700 49.718430 442.333500
63.089490 443.780200 49.205200 445.933600
62.687700 447.405600 48.808770 449.553400
62.395430 451.016900 48.511060 453.151800
62.179910 454.600300 48.291700 456.730300
62.016060 458.184800 48.113730 460.314700
61.878910 461.762700 47.985160 463.891300
61.782260 465.339800 47.859920 467.467500
61.711200 468.924000 47.816850 471.051100
61.669710 472.506000 47.773820 474.630000
61.695530 476.094800 47.725550 478.219300
61.729390 479.666900 47.667460 481.788700
61.822870 483.270300 47.760680 485.394400
61.924810 486.878100 47.800710 488.999600
62.056550 490.478600 47.947360 492.607200
62.176020 494.117900 48.050280 496.247300
62.266690 497.773900 48.113030 499.908500
62.330910 501.484400 48.144390 503.645800
62.383600 505.245100 48.284070 507.417600
62.456820 509.016300 48.414780 511.188000
62.639660 512.800600 48.709770 514.976800
62.868350 516.638100 48.958030 518.804800
63.106400 520.456700 49.198870 522.626800
63.367240 524.259400 49.497210 526.414900
63.593570 528.081800 49.729380 530.246800
63.801530 531.888200 49.966050 534.039700
64.024540 535.667900 50.150340 537.814000
64.206830 539.467500 50.313710 541.606300
64.344710 543.234900 50.439650 545.359000
64.496310 546.996900 50.568260 549.130200
64.631930 550.743000 50.707480 552.851800
64.749170 554.462700 50.811880 556.567000
64.914610 558.167300 50.970250 560.273500
65.103700 561.867200 51.143820 563.947300
65.335960 565.517200 51.370620 567.608100
65.569200 569.190200 51.524390 571.280500
65.794250 572.863800 51.721190 574.946500
65.979210 576.521900 51.908820 578.597100
66.180050 580.172300 52.091180 582.255300
66.362280 583.853000 52.287980 585.927000
66.538350 587.515200 52.451320 589.588500
66.682270 591.168900 52.576670 593.229900
66.777600 594.811400 52.658580 596.865100
66.890400 598.420300 52.743160 600.471600
67.026690 602.042900 52.892240 604.083600
67.177460 605.622900 53.045530 607.638600
67.323020 609.198300 53.194500 611.226100
67.450500 612.758000 53.276800 614.762700
67.653570 616.289300 53.519860 618.291700
67.878290 619.813700 53.649920 621.802500
68.154010 623.308500 53.911760 625.295000
68.437020 626.799600 54.195030 628.775000
68.771410 630.257700 54.424340 632.236700
69.202550 633.695200 54.798690 635.661200
69.600670 637.103300 55.140790 639.069300
70.036830 640.488700 55.562500 642.435000
70.506270 643.807100 56.036870 645.747900
70.892770 647.161500 56.412860 649.088000
71.232770 650.443300 56.755150 652.358900
71.580170 653.720500 57.086910 655.615400
71.988160 656.939000 57.375570 658.852900
72.305150 660.204100 57.635180 662.113200
72.604120 663.408400 57.848040 665.318800
72.917010 666.635000 58.013880 668.554400
73.242550 669.852400 58.238840 671.767900
73.637330 673.050100 58.466720 675.000500
74.027710 676.284300 58.767800 678.229900
74.459600 679.526800 59.121620 681.510900
74.950660 682.820100 59.505690 684.789700
75.485380 686.101000 59.916550 688.122300
75.997000 689.438300 60.411690 691.478500
76.620780 692.817900 60.925670 694.898900
77.255750 696.266300 61.484590 698.360100
77.860920 699.720200 62.013090 701.849600
78.456960 703.252300 62.521350 705.413900
79.046650 706.838300 63.051660 709.015600
79.748960 710.431700 63.605770 712.653000
80.377820 714.087800 64.125380 716.336200
80.984990 717.795000 64.696720 720.049800
81.568530 721.524100 65.267820 723.771700
82.226950 725.230100 65.869500 727.494600
82.971570 728.932500 66.445550 731.225700
83.716810 732.637800 67.105830 734.942200
84.461420 736.340000 67.862470 738.636600
85.205890 740.041500 68.670660 742.324100
85.988280 743.734800 69.485490 745.999300
86.881120 747.371500 70.290550 749.655500
87.770200 751.019300 71.122860 753.315000
88.659140 754.657900 71.974770 756.946600
89.568830 758.256300 72.854300 760.572300
90.529500 761.919200 73.840050 764.204100
91.504420 765.495400 74.789050 767.818800
92.518360 769.126400 75.791600 771.430700
93.541990 772.703400 76.789240 775.017500
94.615270 776.302000 77.790520 778.617700
95.687250 779.833200 78.825960 782.151300
96.764590 783.369100 79.897780 785.689300
97.857970 786.887700 80.979090 789.199600
98.977700 790.363900 82.032610 792.687200
100.102700 793.842400 83.164040 796.154300
101.281700 797.278800 84.351580 799.578600
102.480100 800.701200 85.569560 802.984800
103.706800 804.080200 86.768020 806.364400
104.948300 807.449200 87.944090 809.746200
106.192400 810.798000 89.138520 813.103800
107.467000 814.117100 90.405770 816.412100
108.775000 817.411500 91.637240 819.737100
110.077600 820.689800 92.877030 823.002100
111.337000 823.916800 94.093830 826.239700
112.595900 827.082700 95.278280 829.395700
113.862500 830.153000 96.575170 832.436000
115.118400 833.166500 97.740580 835.465600
116.423500 836.128900 99.012480 838.466200
117.895400 839.037200 100.377100 841.424600
119.447600 841.885100 101.896200 844.307800
121.088600 844.701900 103.453800 847.166500
122.872100 847.290700 105.081000 849.856700
124.724400 849.810800 106.855400 852.452700
126.575500 852.329600 108.669300 855.016500
128.426600 854.848600 110.544100 857.538500
130.276800 857.367000 112.474000 860.017300
132.127400 859.883600 114.371800 862.411200
133.992200 862.014800 116.204600 864.533500
135.814600 864.035300 117.986200 866.587800
137.604800 865.988300 119.729400 868.546400
139.298200 867.835900 121.358200 870.409100
140.919200 869.609300 122.940200 872.202400
142.486000 871.338400 124.472500 873.907300
143.940800 872.954000 125.930500 875.454100
145.300100 874.412900 127.245500 876.862300
146.559000 875.661600 128.473600 878.027600
147.650800 876.418400 129.395700 878.797900
148.685500 877.020600 130.328500 879.541100
149.713200 877.623900 131.300000 880.231600
150.732500 878.227900 132.278500 880.870800
151.742600 878.831700 133.361800 881.320700
152.808100 879.342000 134.513600 881.648500
154.068700 879.516900 135.811000 881.788500
155.413300 879.479400 137.214200 881.843500
156.888700 879.272300 138.748700 881.658800
158.478100 878.881900 140.377300 881.245800
160.134900 878.287500 142.077200 880.631000
161.860100 877.489100 143.834500 879.789700
163.672500 876.562600 145.690200 878.841400
165.594100 875.530000 147.651700 877.787100
167.624000 874.437100 149.707400 876.656200
169.770000 873.289900 151.903200 875.496700
172.035600 872.094100 154.207500 874.324900
174.385300 870.862300 156.610700 873.082900
176.854600 869.589200 159.110200 871.788500
179.401000 868.288100 161.668600 870.458000
181.975500 866.969700 164.238300 869.150200
184.536700 865.639500 166.797800 867.809900
187.062400 864.284700 169.301800 866.430700
189.538900 862.924800 171.724400 865.043100
191.918900 861.611300 174.084800 863.739900
194.206900 860.315700 176.332700 862.465400
196.343300 858.956400 178.507900 861.261800
198.368400 857.888200 180.463900 860.235200
200.275000 856.919100 182.373800 859.292300
202.193600 856.085800 184.257500 858.482200
204.073500 855.496400 186.092100 857.861600
205.960400 855.183900 187.992300 857.543300
207.864300 855.202100 189.840200 857.578900
209.713700 855.529100 191.688200 857.928400
211.499200 856.220700 193.478000 858.648800
213.188100 857.107700 195.235800 859.701400
214.784400 858.522000 196.872700 861.073800
216.227100 860.190500 198.326700 862.754800
217.589200 862.100400 199.717000 864.674100
218.870200 864.194100 201.013100 866.757500
220.036500 866.491500 202.190000 869.089100
221.092500 868.955100 203.275900 871.569500
222.159200 871.551200 204.337400 874.182100
223.261300 874.233400 205.462000 876.874200
224.402100 877.003500 206.589500 879.657400
225.538100 879.835200 207.733000 882.475400
226.647400 882.714200 208.870700 885.328300
227.713000 885.605500 209.948400 888.199700
228.729800 888.498800 210.954200 891.068100
229.740400 891.364700 211.997000 893.892700
230.756400 894.190300 213.085700 896.667500
231.798000 896.975600 214.074400 899.441600
232.862200 899.689300 215.152600 902.110600
234.006400 902.314400 216.315200 904.684300
235.284000 904.779800 217.561800 907.149100
236.717300 907.106500 219.000100 909.446000
238.297800 909.282700 220.566400 911.592000
240.026200 911.279800 222.268800 913.584700
241.899800 913.107900 224.163700 915.396100
243.969200 914.753500 226.162000 917.025300
246.167200 916.200700 228.374000 918.480200
248.519300 917.425900 230.711000 919.712600
250.970500 918.372900 233.151600 920.756600
253.540200 919.159700 235.748700 921.516300
256.240400 919.688000 238.457900 922.049700
259.064500 919.965800 241.312200 922.355500
262.004800 920.092700 244.268100 922.510300
265.032800 920.081200 247.352500 922.486200
268.210100 920.078400 250.563800 922.292100
271.495300 919.927300 253.843100 922.036700
274.820000 919.698100 257.178500 921.692600
278.229300 919.336300 260.615700 921.264000
281.674700 918.885400 264.052900 920.794700
285.133600 918.345800 267.523600 920.244300
288.622600 917.728600 271.020900 919.596600
292.132800 917.013700 274.526600 918.891200
295.617300 916.238200 278.013200 918.114500
299.090900 915.358200 281.495100 917.256300
302.533100 914.353500 284.950800 916.312000
305.943200 913.309900 288.360200 915.323500
309.311700 912.191400 291.752300 914.276300
312.679900 911.045400 295.122600 913.115700
316.061700 909.902400 298.500100 911.953500
319.450400 908.753400 301.870800 910.771700
322.840000 907.560400 305.291900 909.630300
326.249400 906.356000 308.702700 908.429600
329.691100 905.139800 312.152000 907.169000
333.195400 903.900600 315.661700 905.894700
336.754600 902.625300 319.257700 904.636200
340.384100 901.328400 322.915600 903.346400
344.064600 899.969000 326.598000 901.926900
347.769700 898.590900 330.300800 900.592900
351.401700 897.220500 333.897000 899.178400
354.975200 895.841100 337.442800 897.785000
358.485000 894.463600 340.933700 896.401500
361.949500 893.084300 344.321400 894.914900
365.336200 891.732700 347.681700 893.576800
368.619200 890.389400 350.925000 892.261600
371.749500 889.112100 353.994300 891.017700
374.681800 887.918900 356.829100 889.804400
377.389200 886.824500 359.443700 888.689700
379.874900 885.837000 361.853100 887.713900
382.177900 884.931600 364.099400 886.820000
384.328100 884.100300 366.202400 885.975700
386.400700 883.311200 368.228900 885.134100
388.376900 882.536800 370.193200 884.407000
390.309000 881.774800 372.118900 883.601500
392.306100 880.993700 374.156900 882.832500
394.377700 880.162100 376.277400 882.026300
396.550200 879.262200 378.494200 881.137500
398.842300 878.314900 380.843300 880.209600
401.259600 877.339000 383.286500 879.181500
403.789800 876.325100 385.859000 878.176900
406.435900 875.291100 388.537300 877.104200
409.217000 874.214500 391.344400 875.971300
412.118100 873.111300 394.260900 874.776400
415.118700 871.959800 397.267200 873.570200
418.218100 870.771000 400.377900 872.325200
421.393100 869.520300 403.579500 871.066100
424.627300 868.193200 406.820800 869.684700
427.914800 866.771900 410.134500 868.237100
431.247800 865.254500 413.468600 866.706000
434.552400 863.690400 416.749100 865.104000
437.807500 862.081600 419.979900 863.509600
440.966600 860.444200 423.108900 861.855300
444.049200 858.816700 426.143100 860.184100
447.069000 857.193700 429.138800 858.552900
450.037100 855.607100 432.070700 856.958900
452.944600 854.081100 434.952800 855.442100
455.777600 852.654400 437.734700 854.038600
458.467600 851.383400 440.352300 852.774000
460.990700 850.198200 442.829000 851.593900
463.426800 849.070300 445.224900 850.449500
465.787600 847.990900 447.543000 849.332800
468.094900 846.950600 449.832300 848.294700
470.366800 845.937300 452.094400 847.241600
472.708100 844.897600 454.470500 846.208600
475.121700 843.800400 456.908800 845.119900
477.587500 842.683800 459.406900 843.987600
480.152400 841.532300 461.981600 842.787300
482.766300 840.339500 464.582800 841.540200
485.445100 839.143200 467.256300 840.278300
488.188300 837.891400 469.990500 838.962700
490.987500 836.623000 472.770100 837.608400
493.803100 835.351100 475.552000 836.289200
496.624700 834.094400 478.350700 834.935500
499.474300 832.809600 481.192500 833.599800
502.358500 831.502600 484.062500 832.240200
505.286800 830.236700 486.968900 830.878700
508.248000 828.948300 489.909200 829.495700
511.244100 827.658100 492.902400 828.181000
514.267100 826.347100 495.910300 826.818300
517.327800 825.031500 498.927900 825.406800
520.388500 823.719100 501.972800 824.094500
523.389100 822.420300 504.902700 822.731200
526.283400 821.190400 507.733500 821.491900
529.057000 820.023600 510.439500 820.319000
531.704800 818.934000 513.021100 819.204500
534.226500 817.916400 515.476200 818.148000
536.656700 816.946600 517.856300 817.132500
539.023500 815.952900 520.189900 816.101000
541.317300 814.866300 522.454700 814.971500
543.532000 813.688600 524.647100 813.772500
545.686900 812.396800 526.787300 812.452500
547.734700 810.971800 528.810300 810.994800
549.629400 809.339400 530.698300 809.340300
551.297600 807.502100 532.374300 807.484700
552.779900 805.465100 533.856900 805.387500
554.025400 803.122900 535.120600 803.028600
555.053800 800.603800 536.139400 800.455600
555.833800 797.890700 536.873900 797.677400
556.486200 795.031700 537.516800 794.765300
557.103100 792.043700 538.091900 791.727700
557.706900 788.950900 538.671200 788.586600
558.314100 785.757400 539.235900 785.342200
558.963000 782.480200 539.855300 782.024700
559.664300 779.132300 540.510100 778.636500
560.383500 775.702500 541.143500 775.151800
561.143700 772.190100 541.862600 771.596700
561.955700 768.606200 542.643700 767.958100
562.794300 764.921400 543.376900 764.225100
563.665600 761.194600 544.147700 760.458200
564.512000 757.439400 544.927900 756.681200
565.360500 753.691900 545.717400 752.925300
566.202300 749.955700 546.477400 749.156700
567.038700 746.210000 547.247100 745.385500
567.914000 742.455400 548.035400 741.604200
568.809800 738.700200 548.841300 737.822600
569.651600 734.948800 549.621300 734.048400
570.504400 731.165000 550.406200 730.233200
571.381700 727.390900 551.160500 726.440700
572.231200 723.645800 551.915600 722.677300
573.054100 719.904800 552.664800 718.909300
573.889700 716.163100 553.418700 715.135600
574.718600 712.404800 554.212300 711.367100
575.527100 708.639600 555.004800 707.588900
576.261300 704.869800 555.684200 703.806300
576.930700 701.064300 556.287600 699.968500
577.575900 697.234700 556.829100 696.107700
578.192400 693.375300 557.345700 692.223200
578.778500 689.496000 557.894200 688.321000
579.345900 685.591800 558.347900 684.388100
579.857300 681.665400 558.756300 680.443100
580.310600 677.720500 559.161400 676.474500
580.758800 673.746400 559.534200 672.500900
581.155000 669.796200 559.879300 668.545000
581.510700 665.865700 560.116600 664.614100
581.822900 661.969700 560.351300 660.724500
582.077900 658.112900 560.551400 656.875200
582.273900 654.274900 560.667300 653.026400
582.437900 650.427100 560.788100 649.184100
582.599800 646.577200 560.892400 645.319600
582.753900 642.693800 560.963500 641.436000
582.851400 638.813400 561.000800 637.545900
582.898800 634.890000 560.930300 633.615700
582.982400 630.949500 560.955700 629.670700
583.073100 627.003400 560.955400 625.722700
583.192100 623.061600 560.985800 621.796700
583.328900 619.143000 561.041800 617.877300
583.475300 615.223700 561.128500 613.957200
583.625900 611.282200 561.251600 610.015800
583.720700 607.341100 561.370600 606.082000
583.834500 603.396300 561.490700 602.139000
583.934300 599.462000 561.589400 598.222500
584.036500 595.562800 561.694700 594.337100
584.162200 591.689200 561.811500 590.480300
584.227300 587.867900 561.913200 586.658400
584.317600 584.024500 562.003200 582.817900
584.499000 580.192700 562.184600 579.002300
584.808000 576.397200 562.478700 575.217700
585.238500 572.636300 562.878200 571.466300
585.796800 568.901300 563.418800 567.733200
586.480500 565.193700 564.058000 564.025900
587.248500 561.507600 564.771500 560.340300
588.029900 557.836500 565.481000 556.660900
588.838600 554.171600 566.197800 552.976300
589.673700 550.509400 566.963800 549.313200
590.516100 546.866500 567.734000 545.668000
591.343500 543.261900 568.444500 542.064200
592.132200 539.698600 569.157500 538.509400
592.828000 536.162600 569.800400 534.971900
593.460000 532.659000 570.362400 531.495300
594.031700 529.277200 570.814600 528.160100
594.554500 526.081000 571.311400 525.031500
595.075800 523.072600 571.750100 522.070900
595.617300 520.255100 572.219400 519.320200
596.166400 517.626800 572.694300 516.728100
596.704800 515.143200 573.152900 514.290900
597.194900 512.833500 573.562500 512.028700
597.576200 510.694300 573.901300 509.942800
597.786600 508.667900 574.056100 507.931000
597.747500 506.649500 573.968100 505.959400
597.514600 504.697700 573.716700 504.017200
597.070500 502.800000 573.365000 502.139200
596.402400 500.998300 572.661600 500.257400
595.438900 499.228700 571.615400 498.493300
594.162500 497.526700 570.170500 496.900700
592.513700 495.900800 568.546700 495.363600
590.635600 494.532500 566.651200 493.957800
588.500500 493.343000 564.470800 492.769600
586.178900 492.278900 562.121300 491.743700
583.738500 491.279000 559.635200 490.767400
581.166800 490.215600 557.041600 489.691200
578.490800 489.083700 554.323700 488.593100
575.723500 487.861500 551.535200 487.387100
572.904600 486.554700 548.704300 486.085400
570.042200 485.190900 545.840200 484.747100
567.169200 483.760200 542.981900 483.316900
564.280500 482.280300 540.098700 481.840500
561.350400 480.769600 537.160800 480.380800
558.405800 479.261600 534.208500 478.871900
555.376800 477.743300 531.185200 477.362400
552.348800 476.229900 528.194500 475.818400
549.309400 474.657200 525.180900 474.224900
546.268100 473.067100 522.140200 472.659100
543.205700 471.460400 519.131900 470.987600
540.123400 469.844900 516.066600 469.367900
537.055800 468.227900 513.044800 467.749900
534.039300 466.620500 510.039200 466.196800
531.070100 465.041900 507.111500 464.649600
528.189800 463.496400 504.256700 463.173400
525.392500 461.985300 501.487500 461.701900
522.696400 460.482700 498.831100 460.253400
520.138600 459.018200 496.333300 458.820200
517.756100 457.609300 493.995500 457.495800
515.544600 456.272300 491.854500 456.175500
513.468500 454.993400 489.796800 454.973100
511.515000 453.792000 487.876100 453.867500
509.647000 452.752700 486.018500 452.904500
507.816400 451.952700 484.257200 452.136100
506.024700 451.375100 482.426700 451.525400
504.164400 451.057300 480.576900 451.152600
502.213400 450.955500 478.694800 451.079200
500.360000 451.174600 476.838300 451.289100
498.532400 451.717400 474.977100 451.828900
496.762400 452.594900 473.161100 452.684400
495.085200 453.803100 471.401300 453.908200
493.512800 455.370800 469.795100 455.475600
492.140200 457.192000 468.395900 457.351300
490.899800 459.329000 467.079700 459.532800
489.697100 461.689000 465.805100 461.938900
488.436200 464.216900 464.471400 464.490300
487.065300 466.910000 463.035600 467.228100
485.589500 469.753000 461.503400 470.107500
484.009700 472.740300 459.885800 473.144200
482.314200 475.837000 458.202400 476.283200
480.567300 479.018100 456.463700 479.514000
478.766800 482.282500 454.695000 482.794500
476.977200 485.484200 452.903100 486.017100
475.149800 488.770200 451.110100 489.312000
473.326600 492.020400 449.317800 492.603200
471.475600 495.302800 447.466000 495.904900
469.568200 498.617300 445.579900 499.246100
467.651300 501.958900 443.645800 502.590700
465.708000 505.334400 441.693300 505.971100
463.769100 508.731500 439.786500 509.395600
461.845200 512.161900 437.857200 512.831000
459.919600 515.621400 435.867000 516.277600
457.939000 519.112900 433.916100 519.798200
455.953400 522.620500 431.992600 523.343300
453.935100 526.117100 429.975400 526.836700
451.928900 529.614300 427.960400 530.338900
449.964500 533.134600 425.993200 533.861900
448.010500 536.687300 424.028100 537.408400
446.054100 540.236000 422.102800 540.982600
444.056100 543.807900 420.143400 544.602700
442.049300 547.417800 418.159200 548.217600
440.037800 551.028500 416.166600 551.846600
438.025200 554.634600 414.143100 555.443100
435.977800 558.237500 412.076900 559.042900
433.919500 561.855000 410.038800 562.685000
431.843000 565.470100 407.990800 566.321700
429.767800 569.108300 405.958500 569.973600
427.667800 572.747600 403.880300 573.667900
425.537800 576.435200 401.813500 577.374600
423.436400 580.100900 399.741900 581.058600
421.318500 583.767700 397.622400 584.724800
419.219900 587.449100 395.543800 588.423500
417.120400 591.134600 393.472700 592.127700
415.005200 594.832500 391.313000 595.822300
412.888500 598.541400 389.205200 599.531800
410.755500 602.261600 387.068400 603.260400
408.648800 605.999000 384.968900 606.997000
406.499300 609.720300 382.796900 610.722800
404.349900 613.457900 380.664600 614.452100
402.219500 617.158900 378.584200 618.164000
400.144400 620.804100 376.586100 621.825400
398.088300 624.376000 374.564100 625.376400
396.094000 627.872100 372.593500 628.884000
394.096100 631.363900 370.608800 632.380200
392.096200 634.841100 368.659400 635.865300
390.122200 638.266000 366.722600 639.324800
388.138200 641.719200 364.788100 642.791800
386.190000 645.182000 362.802400 646.239600
384.289400 648.626900 360.873300 649.645700
382.388400 652.005600 358.962700 653.015500
380.473700 655.356700 357.047500 656.368500
378.503900 658.701400 355.064100 659.739300
376.494800 662.062000 353.080400 663.084000
374.499000 665.373200 351.138400 666.452600
372.495100 668.759000 349.128000 669.854300
370.503500 672.182700 347.154200 673.315400
368.470500 675.625200 345.161700 676.799500
366.423200 679.124800 343.143200 680.345200
364.370700 682.649600 341.085000 683.878000
362.295100 686.175900 339.044100 687.445400
360.227100 689.735900 337.018800 691.046400
358.182300 693.297500 334.998800 694.614000
356.109700 696.850900 332.944200 698.176700
354.085800 700.357400 330.954600 701.703600
352.038300 703.859700 328.927600 705.227100
350.008800 707.353700 326.937300 708.745300
347.982700 710.855500 324.907900 712.252000
345.942000 714.320900 322.886600 715.730100
343.906200 717.779200 320.844000 719.183500
341.889600 721.226700 318.875100 722.665400
339.882000 724.654800 316.901700 726.118200
337.868700 728.103400 314.908000 729.600100
335.866200 731.571800 312.928200 733.100100
333.967500 735.105200 310.983100 736.624600
332.130600 738.707000 309.006400 740.205100
330.109000 742.325700 307.000800 743.864700
328.052600 745.993300 304.992600 747.600200
325.960300 749.694700 302.904000 751.317000
323.882400 753.400900 300.824800 755.017900
321.810400 757.046400 298.774400 758.660600
319.688500 760.664000 296.683300 762.332400
317.595700 764.288500 294.560600 765.920100
315.554700 767.892700 292.450700 769.521100
313.514600 771.526200 290.348000 773.120900
311.450700 775.119600 288.226200 776.677400
309.357300 778.629400 286.075100 780.139600
307.194900 782.050500 283.848200 783.540000
304.937400 785.448200 281.542600 786.928000
302.592400 788.799400 279.171100 790.269500
300.153800 792.111000 276.736500 793.609000
297.624000 795.374800 274.185200 796.886700
294.927000 798.539300 271.547100 800.101400
292.185800 801.678500 268.798500 803.280900
289.192200 804.695700 265.900000 806.389100
286.151300 807.624000 262.915200 809.363400
283.065000 810.476300 259.924400 812.261900
280.007100 813.213700 256.899300 815.019800
276.942200 815.904300 253.818200 817.680200
273.811500 818.493600 250.664500 820.238800
270.605600 820.960500 247.441600 822.672000
267.321200 823.303700 244.146100 825.000000
264.005200 825.567800 240.832900 827.244400
260.657900 827.735000 237.480300 829.410800
257.273000 829.813900 234.090900 831.453300
253.861800 831.809200 230.690400 833.442600
250.446800 833.761300 227.274100 835.377400
247.052800 835.652800 223.892000 837.234700
243.677200 837.476800 221.705300 839.499200
240.295500 839.294300 218.518000 841.415800
236.906500 841.089700 215.085400 843.089000
233.510200 842.896300 211.621800 844.727200
230.131200 844.723000 208.182600 846.371900
226.769300 846.514500 204.773500 847.987400
223.408300 848.268000 201.348200 849.585300
220.026300 849.991200 197.914800 851.132300
216.652600 851.728000 194.494400 852.704700
213.269900 853.442300 191.050100 854.234500
209.880600 855.139200 187.595700 855.779000
206.468800 856.885000 184.097200 857.343600
203.010300 858.620500 180.607300 858.954000
199.502700 860.363300 177.069700 860.561300
196.002500 862.107300 173.516500 862.147400
192.526600 863.893400 170.012200 863.777500
189.070200 865.686900 166.515600 865.443000
185.622800 867.526100 163.042100 867.163100
182.188500 869.362900 159.513800 868.802800
178.750800 871.210600 156.004400 870.436200
175.314500 873.051400 152.491700 872.101400
171.878500 874.938000 149.003500 873.855000
168.464000 876.882000 145.520200 875.632100
165.093500 878.898700 142.075900 877.515500
161.793700 881.039600 138.712600 879.545000
158.553600 883.315600 135.365300 881.631200
155.369300 885.727000 132.058200 883.879100
152.279000 888.277000 128.826400 886.264500
149.259200 890.897300 125.688200 888.732000
146.298100 893.633000 122.590900 891.322000
143.341500 896.377900 119.522600 893.936900
140.419600 899.149000 116.488900 896.586500
137.428800 901.883400 113.421400 899.233400
134.430600 904.585400 110.323700 901.791000
131.430500 907.268900 107.201100 904.332800
128.400000 909.942700 104.046800 906.858600
125.387100 912.605700 100.948800 909.375600
122.446000 915.311700 97.904520 911.987400
