0 0.000164 0.009987 100.000000 6.289308
0 0.000069 0.003915 200.000000 6.666667
0 0.000063 0.004286 300.000000 7.194244
0 0.000053 0.004653 400.000000 7.312614
0 0.000039 0.005394 500.000000 7.587254
10 0.000146 0.007674 100.000000 6.211180
10 0.000086 0.001981 200.000000 6.666667
10 0.000069 0.003565 300.000000 7.194244
10 0.000048 0.003361 400.000000 7.299270
10 0.000036 0.004117 500.000000 7.575758
20 0.000181 0.006004 100.000000 6.134969
20 0.000093 0.002778 200.000000 6.666667
20 0.000074 0.004486 300.000000 7.194244
20 0.000047 0.003971 400.000000 7.299270
20 0.000038 0.004598 500.000000 7.552870
30 0.000164 0.005155 100.000000 5.952381
30 0.000097 0.003378 200.000000 6.688963
30 0.000077 0.004962 300.000000 7.211538
30 0.000047 0.004488 400.000000 7.312614
30 0.000036 0.005521 500.000000 7.541478
40 0.000140 0.003799 100.000000 5.847953
40 0.000091 0.004385 200.000000 6.734007
40 0.000076 0.006090 300.000000 7.246377
40 0.000045 0.005847 400.000000 7.326007
40 0.000037 0.007023 500.000000 7.518797
50 0.000146 0.002933 100.000000 5.847953
50 0.000096 0.005671 200.000000 6.779661
50 0.000065 0.007095 300.000000 7.281553
50 0.000049 0.007231 400.000000 7.366483
50 0.000036 0.008533 500.000000 7.485030
60 0.000152 0.002761 100.000000 5.988024
60 0.000106 0.005549 200.000000 6.896552
60 0.000061 0.007462 300.000000 7.352941
60 0.000049 0.007480 400.000000 7.434944
60 0.000034 0.008635 500.000000 7.429420
70 0.000160 0.003553 100.000000 6.211180
70 0.000108 0.005432 200.000000 7.042253
70 0.000062 0.006886 300.000000 7.481297
70 0.000046 0.007102 400.000000 7.518797
70 0.000035 0.008212 500.000000 7.418397
80 0.000183 0.004317 100.000000 6.451613
80 0.000116 0.007046 200.000000 7.220217
80 0.000069 0.008736 300.000000 7.614213
80 0.000051 0.008875 400.000000 7.619048
80 0.000038 0.010089 500.000000 7.440476
90 0.000182 0.004922 100.000000 6.711410
90 0.000113 0.008032 200.000000 7.380074
90 0.000069 0.009391 300.000000 7.751938
90 0.000050 0.009737 400.000000 7.722008
90 0.000038 0.011177 500.000000 7.440476
100 0.000167 0.002916 100.000000 6.896552
100 0.000097 0.006903 200.000000 7.518797
100 0.000062 0.008575 300.000000 7.832898
100 0.000044 0.009159 400.000000 7.797271
100 0.000035 0.010518 500.000000 7.342144
110 0.000142 0.003954 100.000000 6.896552
110 0.000076 0.007674 200.000000 7.547170
110 0.000057 0.008828 300.000000 7.894737
110 0.000042 0.009525 400.000000 7.858546
120 0.000148 0.005278 100.000000 6.849315
120 0.000071 0.008555 200.000000 7.575758
120 0.000053 0.009132 300.000000 7.894737
120 0.000039 0.009739 400.000000 7.905138
130 0.000174 0.007276 100.000000 6.849315
130 0.000078 0.009727 200.000000 7.575758
130 0.000054 0.010155 300.000000 7.812500
130 0.000040 0.010698 400.000000 7.920792
140 0.000159 0.006844 100.000000 6.896552
140 0.000073 0.007523 200.000000 7.633588
140 0.000047 0.007713 300.000000 7.751938
140 0.000032 0.008172 400.000000 7.936508
150 0.000165 0.006016 100.000000 6.993007
150 0.000066 0.006445 200.000000 7.662835
150 0.000042 0.006249 300.000000 7.712082
150 0.000031 0.006371 400.000000 7.968128
160 0.000191 0.005524 100.000000 7.042253
160 0.000066 0.005924 200.000000 7.722008
160 0.000040 0.005825 300.000000 7.712082
160 0.000031 0.006209 400.000000 7.984032
170 0.000158 0.004332 100.000000 7.142857
170 0.000056 0.005105 200.000000 7.782101
170 0.000035 0.005067 300.000000 7.731959
170 0.000035 0.005615 400.000000 8.000000
180 0.000207 0.004996 100.000000 7.246377
180 0.000059 0.005139 200.000000 7.843137
180 0.000036 0.004141 300.000000 7.772021
180 0.000036 0.004004 400.000000 8.000000
190 0.000197 0.003320 100.000000 7.407407
190 0.000047 0.003731 200.000000 7.936508
190 0.000031 0.003511 300.000000 7.832898
190 0.000035 0.004611 400.000000 8.032128
200 0.000156 0.003423 100.000000 7.575758
200 0.000041 0.004026 200.000000 8.064516
200 0.000031 0.004641 300.000000 7.915567
200 0.000037 0.006272 400.000000 8.064516
210 0.000154 0.005387 100.000000 7.812500
210 0.000048 0.005304 200.000000 8.163265
210 0.000034 0.005966 300.000000 7.978724
210 0.000034 0.007741 400.000000 8.080808
220 0.000106 0.005802 100.000000 8.000000
220 0.000025 0.004133 200.000000 8.264462
220 0.000025 0.005903 300.000000 8.021390
220 0.000024 0.007746 400.000000 8.016032
230 0.000099 0.009829 100.000000 8.064516
230 0.000033 0.007790 200.000000 8.298756
230 0.000041 0.010194 300.000000 8.064516
230 0.000039 0.011254 400.000000 7.782101
240 0.000058 0.012075 100.000000 8.130081
240 0.000056 0.009949 200.000000 8.368201
240 0.000045 0.011938 300.000000 8.108109
240 0.000042 0.013056 400.000000 7.575758
250 0.000062 0.011723 100.000000 8.196721
250 0.000036 0.009579 200.000000 8.438819
250 0.000036 0.011695 300.000000 8.174387
260 0.000010 0.010895 100.000000 8.333333
260 0.000050 0.008594 200.000000 8.510638
260 0.000038 0.010398 300.000000 8.264462
270 0.000058 0.012220 100.000000 8.333333
270 0.000058 0.010496 200.000000 8.438819
270 0.000043 0.011875 300.000000 8.310249
280 0.000071 0.011678 100.000000 8.403361
280 0.000074 0.010352 200.000000 8.230453
280 0.000040 0.011780 300.000000 8.333333
290 0.000115 0.009334 100.000000 8.403361
290 0.000069 0.009373 200.000000 8.130081
290 0.000041 0.010414 300.000000 8.333333
300 0.000118 0.012321 100.000000 8.403361
300 0.000083 0.013059 200.000000 8.064516
300 0.000060 0.013871 300.000000 8.310249
310 0.000107 0.011289 100.000000 8.403361
310 0.000062 0.012585 200.000000 8.000000
310 0.000057 0.013657 300.000000 8.287292
320 0.000142 0.011561 100.000000 8.474576
320 0.000057 0.013416 200.000000 8.000000
320 0.000053 0.014929 300.000000 8.241758
330 0.000146 0.010137 100.000000 8.474576
330 0.000058 0.012717 200.000000 8.032128
330 0.000052 0.014282 300.000000 8.196721
340 0.000131 0.008519 100.000000 8.474576
340 0.000046 0.012114 200.000000 8.000000
340 0.000049 0.013599 300.000000 8.064516
350 0.000133 0.009942 100.000000 8.403361
350 0.000079 0.014813 200.000000 8.000000
350 0.000077 0.015356 300.000000 7.751938
360 0.000129 0.010360 100.000000 8.474576
360 0.000071 0.014153 200.000000 8.032128
360 0.000057 0.014738 300.000000 7.425743
370 0.000114 0.008425 100.000000 8.547009
370 0.000059 0.012401 200.000000 8.130081
380 0.000089 0.006240 100.000000 8.547009
380 0.000045 0.009823 200.000000 8.196721
390 0.000060 0.007744 100.000000 8.333333
390 0.000042 0.010275 200.000000 8.230453
400 0.000100 0.010199 100.000000 7.936508
400 0.000053 0.012478 200.000000 8.230453
410 0.000094 0.011945 100.000000 7.692307
410 0.000076 0.012750 200.000000 8.230453
420 0.000074 0.012549 100.000000 7.575758
420 0.000073 0.012778 200.000000 8.196721
430 0.000083 0.013162 100.000000 7.518797
430 0.000086 0.013726 200.000000 8.163265
440 0.000094 0.011152 100.000000 7.518797
440 0.000091 0.012854 200.000000 8.064516
450 0.000105 0.010832 100.000000 7.518797
450 0.000074 0.012818 200.000000 7.968128
460 0.000060 0.011016 100.000000 7.518797
460 0.000048 0.012578 200.000000 7.751938
470 0.000067 0.011757 100.000000 7.575758
470 0.000056 0.010586 200.000000 7.272727
480 0.000073 0.011357 100.000000 7.575758
480 0.000064 0.010503 200.000000 6.756757
490 0.000058 0.011373 100.000000 7.692307
500 0.000043 0.009345 100.000000 7.874016
510 0.000053 0.009124 100.000000 8.064516
520 0.000057 0.008254 100.000000 8.333333
530 0.000062 0.008098 100.000000 8.547009
540 0.000075 0.006002 100.000000 8.771930
550 0.000084 0.005729 100.000000 8.849558
560 0.000082 0.008915 100.000000 8.771930
570 0.000091 0.009032 100.000000 8.620689
580 0.000065 0.007902 100.000000 8.403361
590 0.000052 0.009838 100.000000 8.000000
600 0.000059 0.004931 100.000000 6.993007
610 0.000059 0.005423 100.000000 6.060606
